0 0.000000 32.836924 13.601499 35.542430 0.392699 -0.000000 0
1 1500.000000 32.836924 13.601499 35.542430 0.392699 -0.000000 0
2 3000.000000 32.836924 13.601499 35.542430 0.392699 -0.000000 0
3 4500.000000 32.836924 13.601499 35.542430 0.392699 -0.000000 0
4 6000.000000 32.836924 13.601499 35.542430 0.392699 -0.000000 0
5 7500.000000 32.836924 13.601499 35.542430 0.392699 -0.000000 0
6 9000.000000 32.836924 13.601499 35.542430 0.392699 -0.000000 0
7 10500.000000 32.836924 13.601499 35.542430 0.392699 -0.000000 0
8 12000.000000 32.836924 13.601499 35.542430 0.392699 -0.000000 0
9 13500.000000 32.836924 13.601499 35.542430 0.392699 -0.000000 0
10 15000.000000 32.836924 13.601499 35.542430 0.392699 -0.000000 0
11 16500.000000 32.836924 13.601499 35.542430 0.392699 -0.000000 0
12 18000.000000 32.836924 13.601499 35.542430 0.392699 -0.000000 0
13 19500.000000 32.836924 13.601499 35.542430 0.392699 -0.000000 0
14 21000.000000 32.836924 13.601499 35.542430 0.392699 -0.000000 0
15 22500.000000 32.836924 13.601499 35.542430 0.392699 -0.000000 0
16 24000.000000 32.836924 13.601499 35.542430 0.392699 -0.000000 0
17 25500.000000 32.836924 13.601499 35.542430 0.392699 -0.000000 0
18 27000.000000 32.836924 13.601499 35.542430 0.392699 -0.000000 0
19 28500.000000 32.836924 13.601499 35.542430 0.392699 -0.000000 0
20 30000.000000 32.836924 13.601499 35.542430 0.392699 -0.000000 0
21 31500.000000 32.836924 13.601499 35.542430 0.392699 -0.000000 0
22 33000.000000 32.836924 13.601499 35.542430 0.392699 -0.000000 0
23 34500.000000 32.836924 13.601499 35.542430 0.392699 -0.000000 0
24 36000.000000 32.836924 13.601499 35.542430 0.392699 -0.000000 0
25 37500.000000 32.836924 13.601499 35.542430 0.392699 -0.000000 0
26 39000.000000 32.836924 13.601499 35.542430 0.392699 -0.000000 0
27 40500.000000 32.836924 13.601499 35.542430 0.392699 -0.000000 0
28 42000.000000 32.836924 13.601499 35.542430 0.392699 -0.000000 0
29 43500.000000 32.836924 13.601499 35.542430 0.392699 -0.000000 0
30 45000.000000 32.836924 13.601499 35.542430 0.392699 -0.000000 0
0 0.000000 32.836924 13.601499 35.542430 0.392699 -0.000000 0
1 1500.000000 32.836924 13.601499 35.542430 0.392699 -0.000000 0
2 3000.000000 32.836924 13.601499 35.542430 0.392699 -0.000000 0
3 4500.000000 32.836924 13.601499 35.542430 0.392699 -0.000000 0
4 6000.000000 32.836924 13.601499 35.542430 0.392699 -0.000000 0
5 7500.000000 32.836924 13.601499 35.542430 0.392699 -0.000000 0
6 9000.000000 32.836924 13.601499 35.542430 0.392699 -0.000000 0
7 10500.000000 32.836924 13.601499 35.542430 0.392699 -0.000000 0
8 12000.000000 32.836924 13.601499 35.542430 0.392699 -0.000000 0
9 13500.000000 32.836924 13.601499 35.542430 0.392699 -0.000000 0
10 15000.000000 32.836924 13.601499 35.542430 0.392699 -0.000000 0
11 16500.000000 32.836924 13.601499 35.542430 0.392699 -0.000000 0
12 18000.000000 32.836924 13.601499 35.542430 0.392699 -0.000000 0
13 19500.000000 32.836924 13.601499 35.542430 0.392699 -0.000000 0
14 21000.000000 32.836924 13.601499 35.542430 0.392699 -0.000000 0
15 22500.000000 32.836924 13.601499 35.542430 0.392699 -0.000000 0
16 24000.000000 32.836924 13.601499 35.542430 0.392699 -0.000000 0
17 25500.000000 32.836924 13.601499 35.542430 0.392699 -0.000000 0
18 27000.000000 32.836924 13.601499 35.542430 0.392699 -0.000000 0
19 28500.000000 32.836924 13.601499 35.542430 0.392699 -0.000000 0
20 30000.000000 32.836924 13.601499 35.542430 0.392699 -0.000000 0
21 31500.000000 32.836924 13.601499 35.542430 0.392699 -0.000000 0
22 33000.000000 32.836924 13.601499 35.542430 0.392699 -0.000000 0
23 34500.000000 32.836924 13.601499 35.542430 0.392699 -0.000000 0
24 36000.000000 32.836924 13.601499 35.542430 0.392699 -0.000000 0
25 37500.000000 32.836924 13.601499 35.542430 0.392699 -0.000000 0
26 39000.000000 32.836924 13.601499 35.542430 0.392699 -0.000000 0
27 40500.000000 32.836924 13.601499 35.542430 0.392699 -0.000000 0
28 42000.000000 32.836924 13.601499 35.542430 0.392699 -0.000000 0
29 43500.000000 32.836924 13.601499 35.542430 0.392699 -0.000000 0
30 45000.000000 32.836924 13.601499 35.542430 0.392699 -0.000000 0
0 0.000000 32.836924 13.601499 35.542430 0.392699 -0.000000 0
1 1500.000000 32.836924 13.601499 35.542430 0.392699 -0.000000 0
2 3000.000000 32.836924 13.601499 35.542430 0.392699 -0.000000 0
3 4500.000000 32.836924 13.601499 35.542430 0.392699 -0.000000 0
4 6000.000000 32.836924 13.601499 35.542430 0.392699 -0.000000 0
5 7500.000000 32.836924 13.601499 35.542430 0.392699 -0.000000 0
6 9000.000000 32.836924 13.601499 35.542430 0.392699 -0.000000 0
7 10500.000000 32.836924 13.601499 35.542430 0.392699 -0.000000 0
8 12000.000000 32.836924 13.601499 35.542430 0.392699 -0.000000 0
9 13500.000000 32.836924 13.601499 35.542430 0.392699 -0.000000 0
10 15000.000000 32.836924 13.601499 35.542430 0.392699 -0.000000 0
11 16500.000000 32.836924 13.601499 35.542430 0.392699 -0.000000 0
12 18000.000000 32.836924 13.601499 35.542430 0.392699 -0.000000 0
13 19500.000000 32.836924 13.601499 35.542430 0.392699 -0.000000 0
14 21000.000000 32.836924 13.601499 35.542430 0.392699 -0.000000 0
15 22500.000000 32.836924 13.601499 35.542430 0.392699 -0.000000 0
16 24000.000000 32.836924 13.601499 35.542430 0.392699 -0.000000 0
17 25500.000000 32.836924 13.601499 35.542430 0.392699 -0.000000 0
18 27000.000000 32.836924 13.601499 35.542430 0.392699 -0.000000 0
19 28500.000000 32.836924 13.601499 35.542430 0.392699 -0.000000 0
20 30000.000000 32.836924 13.601499 35.542430 0.392699 -0.000000 0
21 31500.000000 32.836924 13.601499 35.542430 0.392699 -0.000000 0
22 33000.000000 32.836924 13.601499 35.542430 0.392699 -0.000000 0
23 34500.000000 32.836924 13.601499 35.542430 0.392699 -0.000000 0
24 36000.000000 32.836924 13.601499 35.542430 0.392699 -0.000000 0
25 37500.000000 32.836924 13.601499 35.542430 0.392699 -0.000000 0
26 39000.000000 32.836924 13.601499 35.542430 0.392699 -0.000000 0
27 40500.000000 32.836924 13.601499 35.542430 0.392699 -0.000000 0
28 42000.000000 32.836924 13.601499 35.542430 0.392699 -0.000000 0
29 43500.000000 32.836924 13.601499 35.542430 0.392699 -0.000000 0
30 45000.000000 32.836924 13.601499 35.542430 0.392699 -0.000000 0
0 0.000000 32.836924 13.601499 35.542430 0.392699 12.437188 1
1 1500.000000 32.836924 13.601499 35.542430 0.392699 12.437188 1
2 3000.000000 32.836924 13.601499 35.542430 0.392699 12.437188 1
3 4500.000000 32.836924 13.601499 35.542430 0.392699 12.437188 1
4 6000.000000 32.836924 13.601499 35.542430 0.392699 12.437188 1
5 7500.000000 32.836924 13.601499 35.542430 0.392699 12.437188 1
6 9000.000000 32.836924 13.601499 35.542430 0.392699 12.437188 1
7 10500.000000 32.836924 13.601499 35.542430 0.392699 12.437188 1
8 12000.000000 32.836924 13.601499 35.542430 0.392699 12.437188 1
9 13500.000000 32.836924 13.601499 35.542430 0.392699 12.437188 1
10 15000.000000 32.836924 13.601499 35.542430 0.392699 12.437188 1
11 16500.000000 32.836924 13.601499 35.542430 0.392699 12.437188 1
12 18000.000000 32.836924 13.601499 35.542430 0.392699 12.437188 1
13 19500.000000 31.656030 12.420605 34.005524 0.373904 11.298595 1
14 21000.000000 32.925142 13.601499 35.623949 0.391751 12.434083 1
15 22500.000000 32.836924 13.601499 35.542430 0.392699 12.437188 1
16 24000.000000 37.658822 13.112136 39.876246 0.335055 11.778394 1
17 25500.000000 38.387021 6.590679 38.948689 0.170033 5.235346 1
18 27000.000000 91.453642 -0.412538 91.454573 -0.004511 -3.631511 0
19 28500.000000 35.383959 13.601499 37.908117 0.366984 12.347531 1
20 30000.000000 32.890382 13.601499 35.591825 0.392124 12.435307 1
21 31500.000000 32.836924 13.601499 35.542430 0.392699 12.437188 1
22 33000.000000 124.071010 -0.733213 124.073176 -0.005910 -5.100140 0
23 34500.000000 123.251083 -22.351409 125.261386 -0.179399 -26.676077 0
24 36000.000000 295.926735 -24.065044 296.903619 -0.081142 -34.466946 0
25 37500.000000 210.134894 -55.465133 217.331670 -0.258064 -62.827646 0
26 39000.000000 15.980539 -85.796460 87.272047 -1.386646 -86.305815 0
27 40500.000000 -82.757376 -277.436841 289.516811 -1.860686 -274.351789 0
28 42000.000000 25.398706 -194.786700 196.435620 -1.441135 -195.560035 0
29 43500.000000 -2.100141 -222.324210 222.334129 -1.580242 -222.112502 0
30 45000.000000 376.517829 -11.734409 376.700640 -0.031156 -24.980812 0
0 0.000000 204.511257 -193.637899 281.638936 -0.758095 35.492512 1
1 1500.000000 320.550020 -240.788069 400.912970 -0.644251 95.376720 1
2 3000.000000 623.217613 -191.681897 652.029250 -0.298386 360.629953 1
3 4500.000000 177.024508 -476.765725 508.569792 -1.215271 -165.192182 0
4 6000.000000 338.674921 -592.857622 682.774386 -1.051778 -113.713533 0
5 7500.000000 58.265725 -675.280270 677.789302 -1.484726 -382.861468 0
6 9000.000000 -278.701873 -523.326203 592.912345 -2.060150 -547.233577 0
7 10500.000000 236.200191 -456.790423 514.245097 -1.093573 -106.757148 0
8 12000.000000 501.463968 -451.652356 674.874775 -0.733184 101.698518 1
9 13500.000000 94.700291 -373.836892 385.645131 -1.322696 -163.648221 0
10 15000.000000 317.442705 -696.933939 765.824253 -1.143391 -196.092628 0
11 16500.000000 170.263284 -760.390574 779.219745 -1.350514 -350.159242 0
12 18000.000000 233.854875 -400.308507 463.610832 -1.042085 -72.778078 0
13 19500.000000 -423.397787 -589.238538 725.580967 -2.193864 -700.935238 0
14 21000.000000 440.691501 -125.236743 458.141071 -0.276883 261.540735 1
15 22500.000000 785.722771 -202.809862 811.475269 -0.252605 479.286828 1
16 24000.000000 928.637744 -87.227297 932.725394 -0.093656 663.087487 1
17 25500.000000 489.852959 -503.578289 702.529014 -0.799213 59.810466 1
18 27000.000000 946.990031 -248.981516 979.174098 -0.257100 574.778459 1
19 28500.000000 656.148819 -186.107606 682.031755 -0.276377 389.636987 1
20 30000.000000 595.835320 -332.857513 682.505570 -0.509452 249.983041 1
21 31500.000000 484.387217 -269.112862 554.123370 -0.507112 204.166162 1
22 33000.000000 870.264657 -191.886258 891.168283 -0.217019 551.608169 1
23 34500.000000 815.266524 -250.170671 852.786533 -0.297736 472.127767 1
24 36000.000000 1123.650964 -88.946594 1127.165908 -0.078994 812.853959 1
25 37500.000000 793.953400 -216.336806 822.899517 -0.266022 477.081578 1
26 39000.000000 -66.353851 -559.607373 563.527502 -1.688817 -405.959767 0
27 40500.000000 -264.466003 -920.572851 957.808248 -1.850547 -787.961579 0
28 42000.000000 -113.885892 -702.345445 711.518882 -1.731548 -533.184030 0
29 43500.000000 -163.943371 -675.924585 695.522446 -1.808748 -555.163655 0
30 45000.000000 684.426082 -78.525098 688.915999 -0.114232 479.687824 1
0 0.000000 276.586506 -334.776970 434.253054 -0.880294 -127.277188 0
1 1500.000000 451.086547 -469.906259 651.376209 -0.805829 -144.054470 0
2 3000.000000 968.861148 -302.022992 1014.844723 -0.302183 281.090711 1
3 4500.000000 251.840825 -779.847158 819.503137 -1.258432 -512.489361 0
4 6000.000000 453.192109 -825.580613 941.788955 -1.068769 -439.850733 0
5 7500.000000 38.830774 -979.035549 979.805305 -1.531155 -796.031920 0
6 9000.000000 -387.850189 -696.680243 797.365117 -2.078778 -795.132523 0
7 10500.000000 290.732606 -498.805167 577.349152 -1.043077 -256.439662 0
8 12000.000000 648.647507 -448.655754 788.692319 -0.605119 -17.576598 0
9 13500.000000 228.693295 -419.942644 478.176168 -1.072122 -224.742605 0
10 15000.000000 479.222951 -749.274166 889.419143 -1.001779 -361.814790 0
11 16500.000000 360.896444 -832.293590 907.170801 -1.161650 -496.254101 0
12 18000.000000 364.776998 -262.233721 449.253584 -0.623290 -18.171089 0
13 19500.000000 -303.133892 -602.019204 674.030621 -2.037263 -669.472281 0
14 21000.000000 577.091859 58.519173 580.051297 0.101058 366.483946 1
15 22500.000000 995.205723 -28.059861 995.601219 -0.028188 524.324355 1
16 24000.000000 1054.250727 83.384926 1057.543210 0.078930 649.868237 1
17 25500.000000 713.005002 -642.929316 960.069913 -0.733763 -144.355278 0
18 27000.000000 983.842495 -133.011010 992.793022 -0.134381 430.445654 1
19 28500.000000 581.977217 107.904811 591.896046 0.183329 410.405234 1
20 30000.000000 643.090805 66.820628 646.552999 0.103534 409.740083 1
21 31500.000000 445.628983 176.425300 479.281835 0.376968 392.568728 1
22 33000.000000 841.872037 172.465033 859.355988 0.202063 607.350671 1
23 34500.000000 775.748213 -1.672641 775.750016 -0.002156 425.567919 1
24 36000.000000 1096.174787 -9.344742 1096.214618 -0.008525 595.522156 1
25 37500.000000 870.359208 235.772252 901.728177 0.264542 675.885402 1
26 39000.000000 304.786664 -373.549503 482.114241 -0.886423 -144.127564 0
27 40500.000000 246.546483 -575.305730 625.908820 -1.165924 -344.630167 0
28 42000.000000 271.810199 -337.568082 433.397040 -0.892892 -132.236342 0
29 43500.000000 540.958595 -240.106661 591.850834 -0.417731 97.271629 1
30 45000.000000 993.089297 375.516975 1061.715287 0.361512 860.108774 1
0 0.000000 813.052869 -276.399992 858.750210 -0.327697 -66.518347 0
1 1500.000000 995.872522 -409.522344 1076.787179 -0.390141 -150.238439 0
2 3000.000000 1160.054234 -78.160370 1162.684337 -0.067275 211.453790 1
3 4500.000000 818.521541 -691.878849 1071.762033 -0.701747 -467.710758 0
4 6000.000000 891.067424 -792.867114 1192.744488 -0.727148 -547.596209 0
5 7500.000000 552.492484 -816.912669 986.201934 -0.976142 -654.710394 0
6 9000.000000 126.446470 -223.965930 257.195349 -1.056829 -185.691637 0
7 10500.000000 765.493182 -308.397114 825.280917 -0.382981 -109.293297 0
8 12000.000000 786.186051 -17.618323 786.383438 -0.022406 177.557104 1
9 13500.000000 559.849763 -322.425201 646.057093 -0.522521 -173.793503 0
10 15000.000000 810.461634 -697.186523 1069.073013 -0.710405 -474.848519 0
11 16500.000000 737.819551 -714.306872 1026.943035 -0.769208 -509.419126 0
12 18000.000000 235.691602 197.971346 307.803810 0.698636 250.156537 1
13 19500.000000 -66.791535 -300.094200 307.437210 -1.789795 -307.287965 0
14 21000.000000 555.681079 408.513337 689.684427 0.633934 533.361085 1
15 22500.000000 1039.175320 263.717732 1072.115847 0.248529 512.765637 1
16 24000.000000 957.505118 391.671173 1034.515519 0.388287 616.518114 1
17 25500.000000 1031.012387 -504.373635 1147.771452 -0.454972 -233.438118 0
18 27000.000000 1082.429092 94.006631 1086.503560 0.086630 359.044979 1
19 28500.000000 670.710022 344.962684 754.222240 0.475042 500.264965 1
20 30000.000000 607.303249 296.300130 675.729978 0.453917 437.420249 1
21 31500.000000 463.802226 334.773940 572.001832 0.625210 439.171588 1
22 33000.000000 862.438362 245.601443 896.727382 0.277432 451.460522 1
23 34500.000000 904.185423 -38.871995 905.020614 -0.042965 186.176741 1
24 36000.000000 1173.278463 -76.988344 1175.801665 -0.065524 215.863104 1
25 37500.000000 937.581860 116.107332 944.743699 0.123210 344.599590 1
26 39000.000000 413.111749 -421.931881 590.497950 -0.795960 -306.529073 0
27 40500.000000 361.337622 -618.826089 716.596543 -1.042293 -510.111670 0
28 42000.000000 444.780520 -378.459236 584.004370 -0.705010 -256.569730 0
29 43500.000000 590.901725 -323.837079 673.821418 -0.501336 -167.474257 0
30 45000.000000 1020.345992 300.694192 1063.730671 0.286586 543.929769 1
0 0.000000 786.948417 -377.317632 872.729285 -0.447089 -165.508891 0
1 1500.000000 932.597419 -452.261095 1036.473851 -0.451534 -201.083755 0
2 3000.000000 1139.210550 -103.450518 1143.898023 -0.090561 188.708498 1
3 4500.000000 854.270101 -723.966777 1119.779130 -0.703022 -483.770189 0
4 6000.000000 923.297466 -848.777206 1254.153482 -0.743370 -587.006172 0
5 7500.000000 558.054372 -901.948680 1060.630050 -1.016725 -731.026923 0
6 9000.000000 117.425431 -323.043443 343.723433 -1.222148 -282.725745 0
7 10500.000000 712.907823 -340.983225 790.257631 -0.446137 -149.129905 0
8 12000.000000 789.262974 -26.573562 789.710198 -0.033656 174.365770 1
9 13500.000000 532.780974 -393.119874 662.116910 -0.635689 -245.224256 0
10 15000.000000 826.120918 -750.083059 1115.840655 -0.737194 -516.169027 0
11 16500.000000 763.936345 -683.718706 1025.217054 -0.730043 -467.735545 0
12 18000.000000 326.925139 279.878794 430.362854 0.708022 353.610004 1
13 19500.000000 -38.270430 -310.471543 312.821363 -1.693443 -310.032035 0
14 21000.000000 619.418764 439.306419 759.387736 0.616890 581.974964 1
15 22500.000000 1020.185649 162.822010 1033.097172 0.158266 416.112148 1
16 24000.000000 962.463054 338.477247 1020.246038 0.338169 571.397889 1
17 25500.000000 998.175917 -588.726725 1158.859059 -0.532888 -316.468510 0
18 27000.000000 1060.739228 74.444175 1063.348318 0.070067 340.900925 1
19 28500.000000 567.607797 206.388739 603.965994 0.348749 343.531291 1
20 30000.000000 567.573191 261.404896 624.877465 0.431606 396.741719 1
21 31500.000000 372.483157 286.234045 469.759120 0.655204 371.306243 1
22 33000.000000 788.262505 177.901611 808.088337 0.221969 371.908691 1
23 34500.000000 786.450718 -101.976221 793.034603 -0.128947 100.713058 1
24 36000.000000 1108.249468 -43.138312 1109.088724 -0.038905 239.202397 1
25 37500.000000 915.850722 199.960402 937.425575 0.214960 425.589506 1
26 39000.000000 430.605192 -280.770857 514.055547 -0.577806 -162.445505 0
27 40500.000000 349.850500 -533.750548 638.188859 -0.990595 -427.632902 0
28 42000.000000 515.270175 -296.752337 594.613574 -0.522522 -156.443147 0
29 43500.000000 592.984147 -191.731607 623.210404 -0.312724 -35.152819 0
30 45000.000000 1004.912701 362.470685 1068.285792 0.346174 605.368265 1
0 0.000000 893.159209 -334.859032 953.867886 -0.358696 -155.418720 0
1 1500.000000 1048.919063 -455.667827 1143.618979 -0.409819 -243.751318 0
2 3000.000000 1165.757504 -70.922939 1167.912934 -0.060764 156.342396 1
3 4500.000000 898.016344 -707.799041 1143.421548 -0.667492 -520.347074 0
4 6000.000000 974.480644 -772.950539 1243.810701 -0.670576 -569.444821 0
5 7500.000000 620.969591 -858.244337 1059.333080 -0.944449 -721.631099 0
6 9000.000000 206.037160 -305.808917 368.741651 -0.977909 -260.081801 0
7 10500.000000 773.437530 -272.989001 820.200346 -0.339305 -117.923394 0
8 12000.000000 669.964852 -3.103337 669.972039 -0.004632 126.792929 1
9 13500.000000 535.498438 -311.647268 619.582599 -0.527061 -201.960733 0
10 15000.000000 814.631097 -778.208272 1126.601943 -0.762536 -605.581299 0
11 16500.000000 761.574112 -670.390748 1014.602821 -0.721807 -510.090130 0
12 18000.000000 227.927201 254.148927 341.383195 0.839738 293.502358 1
13 19500.000000 -74.418956 -317.159290 325.773228 -1.801269 -325.568649 0
14 21000.000000 476.400786 419.301611 634.642852 0.721736 503.677537 1
15 22500.000000 848.574910 377.173711 928.622306 0.418253 534.474686 1
16 24000.000000 798.020891 464.224222 923.223413 0.526869 610.077620 1
17 25500.000000 971.912024 -416.193530 1057.274816 -0.404596 -219.949155 0
18 27000.000000 999.884141 157.909646 1012.276519 0.156634 348.690854 1
19 28500.000000 529.888918 331.912875 625.258685 0.559592 428.311414 1
20 30000.000000 565.217988 314.331292 646.742248 0.507533 417.909831 1
21 31500.000000 350.289693 308.530237 466.790935 0.722098 370.566215 1
22 33000.000000 772.712841 218.272742 802.949641 0.275303 363.884359 1
23 34500.000000 807.345482 -37.970643 808.237896 -0.046997 119.210659 1
24 36000.000000 1103.458247 60.829923 1105.133649 0.055071 273.523999 1
25 37500.000000 892.952800 236.241403 923.674566 0.258636 404.814551 1
26 39000.000000 398.130324 -297.504416 497.007678 -0.641741 -214.707588 0
27 40500.000000 338.833800 -581.336270 672.874582 -1.043080 -504.649949 0
28 42000.000000 410.996301 -352.855109 541.686890 -0.709429 -266.515527 0
29 43500.000000 506.633088 -255.320987 567.332259 -0.466808 -152.296339 0
30 45000.000000 913.546350 465.808276 1025.448333 0.471528 634.020173 1
0 0.000000 823.723977 -294.778923 874.880451 -0.343661 588.804148 1
1 1500.000000 961.980772 -373.612274 1031.985047 -0.370448 673.844635 1
2 3000.000000 1122.415634 82.283483 1125.427664 0.073178 1029.586246 1
3 4500.000000 923.556189 -534.053595 1066.850165 -0.524279 564.573968 1
4 6000.000000 935.937285 -680.687852 1157.287585 -0.628801 506.642084 1
5 7500.000000 634.786248 -730.182222 967.532768 -0.855173 217.522007 1
6 9000.000000 212.048962 -389.447155 443.434154 -1.072195 4.317940 1
7 10500.000000 718.237149 -373.172638 809.396331 -0.479179 458.857822 1
8 12000.000000 638.623468 34.020386 639.528984 0.053221 579.796522 1
9 13500.000000 99.876504 -30.306289 104.373307 -0.294608 73.945185 1
10 15000.000000 204.725151 -412.966322 460.926860 -1.110560 -13.193144 0
11 16500.000000 290.348776 -396.078049 491.101042 -0.938226 70.332269 1
12 18000.000000 96.857488 -314.036055 328.633560 -1.271626 -61.966095 0
13 19500.000000 91.150406 -434.023394 443.491492 -1.363792 -123.353449 0
14 21000.000000 85.367003 -194.167281 212.104828 -1.156577 -15.817593 0
15 22500.000000 137.878468 -72.341316 155.704008 -0.483192 87.755280 1
16 24000.000000 110.967502 -42.105572 118.687260 -0.362658 78.195855 1
17 25500.000000 216.112433 -45.829196 220.918309 -0.208966 169.276180 1
18 27000.000000 137.140825 -51.575482 146.518382 -0.359714 96.856143 1
19 28500.000000 -76.214786 -63.088947 98.938915 -2.450142 -96.915534 0
20 30000.000000 23.955941 -200.329600 201.756873 -1.451779 -72.929375 0
21 31500.000000 -98.937052 -375.279359 388.101968 -1.828567 -263.587929 0
22 33000.000000 -39.292672 -161.381483 166.096048 -1.809626 -110.478596 0
23 34500.000000 -21.765942 -188.085436 189.340665 -1.686008 -107.545596 0
24 36000.000000 -101.244404 -129.017414 163.999764 -2.236159 -149.974858 0
25 37500.000000 88.563767 -130.363476 157.601322 -0.974057 16.968430 1
26 39000.000000 -92.437255 -188.306250 209.771041 -2.027128 -170.042687 0
27 40500.000000 -52.373290 -144.824097 154.003183 -1.917798 -114.251323 0
28 42000.000000 -46.813116 -128.813146 137.055808 -1.919375 -101.823325 0
29 43500.000000 -32.780957 -101.005938 106.192235 -1.884616 -76.375899 0
30 45000.000000 -9.857513 -113.514409 113.941615 -1.657418 -62.011800 0
0 0.000000 -6.549534 -126.662071 126.831292 -1.622459 33.926279 1
1 1500.000000 -1.923051 -25.279514 25.352554 -1.646722 6.186948 1
2 3000.000000 -58.020604 -55.527807 80.310197 -2.378145 -37.433961 0
3 4500.000000 -10.957131 -42.056475 43.460393 -1.825664 2.934965 1
4 6000.000000 -39.221268 -82.398378 91.256783 -2.015057 -11.088433 0
5 7500.000000 -24.490434 -44.114447 50.456574 -2.077590 -9.248696 0
6 9000.000000 15.662895 -9.336783 18.234632 -0.537553 17.814408 1
7 10500.000000 -19.646530 -16.043033 25.364642 -2.456821 -13.550059 0
8 12000.000000 -24.075170 -16.943887 29.439924 -2.528327 -17.464980 0
9 13500.000000 -37.664642 -13.916060 40.153231 -2.787677 -31.313566 0
10 15000.000000 -12.652164 -22.375694 25.705037 -2.085418 -4.909400 0
11 16500.000000 -13.990372 -38.404346 40.873271 -1.920146 -1.099280 0
12 18000.000000 -21.161297 -22.118703 30.611068 -2.334077 -13.061423 0
13 19500.000000 10.672455 -39.054705 40.486680 -1.304040 22.498555 1
14 21000.000000 1.432858 -44.192476 44.215698 -1.538385 15.363275 1
15 22500.000000 40.014038 -17.528525 43.684923 -0.412880 43.506431 1
16 24000.000000 11.335987 -73.820263 74.685580 -1.418425 34.144834 1
17 25500.000000 -8.926092 -30.882684 32.146777 -1.852161 1.320437 1
18 27000.000000 0.536001 -49.755862 49.758749 -1.560024 16.275636 1
19 28500.000000 -24.158492 -41.841406 48.314966 -2.094419 -9.654171 0
20 30000.000000 -27.939426 -42.988458 51.270060 -2.147121 -12.876749 0
21 31500.000000 -15.437328 -47.709372 50.144744 -1.883734 0.477031 1
22 33000.000000 -9.278086 -38.742309 39.837788 -1.805851 3.477240 1
23 34500.000000 3.428147 -32.492897 32.673239 -1.465681 13.548221 1
24 36000.000000 -15.612018 -40.767335 43.654446 -1.936522 -1.888535 0
25 37500.000000 -13.631464 -32.787842 35.508582 -1.964804 -2.538697 0
26 39000.000000 -13.399637 -46.888080 48.765175 -1.849156 2.149442 1
27 40500.000000 -27.404941 -31.327664 41.622750 -2.289504 -16.065028 0
28 42000.000000 -16.742926 -31.321874 35.515987 -2.061696 -5.954353 0
29 43500.000000 -14.497632 -9.707602 17.447603 -2.551563 -10.674179 0
30 45000.000000 -8.863607 -9.172736 12.755494 -2.339057 -5.500019 0
0 0.000000 -14.752754 3.034876 15.061680 2.938707 -2.795011 0
1 1500.000000 -10.405321 -4.160600 11.206306 -2.761213 -7.800446 0
2 3000.000000 -11.438806 -2.148515 11.638832 -2.955929 -6.331576 0
3 4500.000000 -9.990959 -11.342577 15.115334 -2.292923 -14.287023 0
4 6000.000000 -9.008207 -18.061407 20.183216 -2.033447 -20.129296 0
5 7500.000000 -7.155281 -6.943858 9.970717 -2.371189 -9.140955 0
6 9000.000000 0.944187 -11.013699 11.054096 -1.485277 -9.830036 0
7 10500.000000 -7.649572 -7.367867 10.620801 -2.374951 -9.720911 0
8 12000.000000 -1.056774 -8.271690 8.338923 -1.697866 -8.053334 0
9 13500.000000 4.130034 -7.916880 8.929399 -1.089960 -5.755354 0
10 15000.000000 -3.393884 -5.865312 6.776455 -2.095359 -6.714775 0
11 16500.000000 9.073304 -6.267742 11.027667 -0.604518 -2.352499 0
12 18000.000000 6.397449 -9.426438 11.392325 -0.974529 -6.290746 0
13 19500.000000 2.850247 -8.033770 8.524398 -1.229867 -6.349501 0
14 21000.000000 0.695820 -10.087982 10.111950 -1.501930 -9.067989 0
15 22500.000000 9.305365 -7.169867 11.747204 -0.656498 -3.098913 0
16 24000.000000 1.733510 -8.838909 9.007295 -1.377132 -7.518417 0
17 25500.000000 -0.147506 -2.216084 2.220988 -1.637260 -2.106082 0
18 27000.000000 1.290556 -6.793721 6.915214 -1.383070 -5.794662 0
19 28500.000000 -38.008562 27.543786 46.939440 2.514499 11.046140 1
20 30000.000000 -115.000505 55.826731 127.834815 2.689655 7.971680 1
21 31500.000000 -107.364223 47.390843 117.358290 2.725911 3.067736 1
22 33000.000000 75.532948 287.827404 297.573253 1.314159 294.949157 1
23 34500.000000 118.622099 514.851530 528.340137 1.344348 521.329243 1
24 36000.000000 62.759358 669.717424 672.651593 1.477359 643.378755 1
25 37500.000000 319.004779 551.711125 637.298371 1.046553 631.525102 1
26 39000.000000 452.740197 576.823910 733.279967 0.905340 705.544109 1
27 40500.000000 824.311895 467.688570 947.746115 0.516080 745.693319 1
28 42000.000000 493.476320 602.679917 778.936429 0.884695 744.933108 1
29 43500.000000 475.055304 46.661607 477.341437 0.097909 223.573629 1
30 45000.000000 323.398116 -2.583877 323.408438 -0.007990 120.423841 1
0 0.000000 440.063196 157.119498 467.270963 0.342931 89.641466 1
1 1500.000000 462.346983 118.689293 477.338330 0.251284 48.314465 1
2 3000.000000 724.344693 766.816192 1054.837574 0.813873 650.048764 1
3 4500.000000 687.438210 78.707283 691.929280 0.113997 -24.832910 0
4 6000.000000 906.124976 -123.050453 914.441844 -0.134973 -256.985597 0
5 7500.000000 1119.145334 486.407106 1220.277899 0.409994 313.826933 1
6 9000.000000 1013.445866 -358.711424 1075.056468 -0.340191 -506.030687 0
7 10500.000000 968.963422 -345.099395 1028.583349 -0.342146 -485.928567 0
8 12000.000000 813.477029 -566.311097 991.187739 -0.608145 -681.440446 0
9 13500.000000 206.311190 -163.828999 263.446860 -0.671125 -192.801160 0
10 15000.000000 743.697514 -90.149250 749.141428 -0.120629 -200.197438 0
11 16500.000000 647.971150 417.784461 770.980199 0.572681 316.335910 1
12 18000.000000 684.371501 -138.315539 698.208808 -0.199420 -238.964264 0
13 19500.000000 891.686533 -483.606472 1014.386560 -0.496951 -611.342508 0
14 21000.000000 797.816286 -380.253214 883.800505 -0.444767 -495.130180 0
15 22500.000000 188.935640 503.697180 537.966100 1.211940 469.834713 1
16 24000.000000 3.798465 -350.817237 350.837800 -1.559969 -347.450715 0
17 25500.000000 342.562435 613.080723 702.294094 1.061256 555.050078 1
18 27000.000000 811.664767 597.046279 1007.603073 0.634210 469.142680 1
19 28500.000000 690.109852 501.855629 853.294018 0.628756 393.171652 1
20 30000.000000 1035.249952 -374.348506 1100.853881 -0.346973 -524.748512 0
21 31500.000000 890.844087 364.663347 962.591577 0.388537 227.541355 1
22 33000.000000 449.322377 476.490976 654.930721 0.814735 404.049082 1
23 34500.000000 485.831471 421.590233 643.249985 0.714721 344.311913 1
24 36000.000000 237.848028 461.472227 519.161151 1.094896 420.778971 1
25 37500.000000 621.628252 396.961153 737.563448 0.568307 299.679977 1
26 39000.000000 638.726552 128.032502 651.432214 0.197828 31.213508 1
27 40500.000000 1064.659094 296.518445 1105.179703 0.271627 134.204146 1
28 42000.000000 805.839869 519.111336 958.568971 0.572278 392.951485 1
29 43500.000000 460.118636 -83.007302 467.546117 -0.178484 -150.787713 0
30 45000.000000 489.966172 -316.375755 583.232773 -0.573353 -385.996615 0
0 0.000000 376.162722 -89.801710 386.733423 -0.234345 -144.052139 0
1 1500.000000 459.512218 13.448917 459.708986 0.029259 -54.156532 0
2 3000.000000 704.939112 648.972027 958.177355 0.744084 538.450307 1
3 4500.000000 820.099395 -161.616588 835.872562 -0.194576 -280.262040 0
4 6000.000000 982.281880 -154.570387 994.368994 -0.156079 -297.101750 0
5 7500.000000 1059.489217 333.216112 1110.653132 0.304712 174.065041 1
6 9000.000000 953.589475 -388.340007 1029.631414 -0.386732 -524.126251 0
7 10500.000000 974.649562 -458.511207 1077.113873 -0.439719 -596.628927 0
8 12000.000000 673.635164 -589.173956 894.935911 -0.718614 -681.684860 0
9 13500.000000 52.376532 -173.314581 181.055917 -1.277318 -179.125993 0
10 15000.000000 731.083620 -58.535180 733.423225 -0.079896 -165.229345 0
11 16500.000000 630.857003 314.904835 705.085536 0.462983 218.878487 1
12 18000.000000 595.440220 -95.056605 602.979945 -0.158305 -181.441628 0
13 19500.000000 925.870371 -481.408430 1043.546846 -0.479482 -612.116922 0
14 21000.000000 875.013685 -278.968618 918.407556 -0.308629 -404.404391 0
15 22500.000000 87.519887 507.263070 514.757761 1.399945 488.918378 1
16 24000.000000 -47.581892 -356.245162 359.408754 -1.703575 -345.399920 0
17 25500.000000 168.883711 550.766767 576.077894 1.273265 520.005918 1
18 27000.000000 745.800252 536.914204 918.964024 0.623968 421.607906 1
19 28500.000000 574.901668 547.897639 794.168591 0.761352 457.561491 1
20 30000.000000 970.446228 -286.618392 1011.887337 -0.287183 -425.981471 0
21 31500.000000 778.868420 391.254906 871.617128 0.465516 272.672162 1
22 33000.000000 322.601508 528.038233 618.785995 1.022369 474.956755 1
23 34500.000000 269.498298 495.392766 563.953301 1.072564 450.460935 1
24 36000.000000 152.762964 462.071000 486.668401 1.251503 434.637802 1
25 37500.000000 520.309741 422.263617 670.096104 0.681751 341.303190 1
26 39000.000000 581.481014 186.800269 610.749139 0.310836 99.410673 1
27 40500.000000 952.079802 367.804625 1020.654786 0.368655 224.047273 1
28 42000.000000 663.093220 636.689662 919.274901 0.765087 532.444302 1
29 43500.000000 365.318333 -11.440484 365.497427 -0.031306 -64.947913 0
30 45000.000000 441.206193 -249.439974 506.836468 -0.514559 -311.509596 0
0 0.000000 399.652645 -0.166577 399.652680 -0.000417 -108.561768 0
1 1500.000000 505.815435 149.118708 527.338263 0.286687 6.331606 1
2 3000.000000 678.147043 773.065593 1028.354911 0.850712 560.144890 1
3 4500.000000 847.607974 -19.103592 847.823228 -0.022534 -248.291886 0
4 6000.000000 1047.524464 15.868602 1047.644652 0.015148 -268.855903 0
5 7500.000000 1090.470988 548.963607 1220.855445 0.466379 232.605654 1
6 9000.000000 982.539531 -222.226508 1007.357211 -0.222433 -480.398845 0
7 10500.000000 1041.831837 -245.064914 1070.266503 -0.231025 -518.463479 0
8 12000.000000 858.554710 -465.345132 976.556338 -0.496688 -680.773902 0
9 13500.000000 191.219138 -82.322004 208.186626 -0.406530 -131.102028 0
10 15000.000000 826.754936 27.834838 827.223369 0.033655 -197.456923 0
11 16500.000000 648.186164 436.933160 781.700639 0.593121 244.739956 1
12 18000.000000 732.697209 -20.679960 732.988991 -0.028217 -218.640863 0
13 19500.000000 1079.728264 -388.778918 1147.589722 -0.345619 -667.068925 0
14 21000.000000 1016.018746 -176.401108 1031.218427 -0.171906 -445.372222 0
15 22500.000000 175.497359 593.442029 618.847933 1.283263 523.593319 1
16 24000.000000 51.734608 -237.832137 243.393909 -1.356607 -242.948733 0
17 25500.000000 240.593541 628.201796 672.698111 1.205041 539.393380 1
18 27000.000000 776.178133 635.406711 1003.092310 0.686001 401.056699 1
19 28500.000000 633.904981 657.108048 913.031496 0.803369 460.534542 1
20 30000.000000 1103.307117 -210.946955 1123.292131 -0.188915 -502.299035 0
21 31500.000000 841.504792 510.661921 984.330185 0.545436 263.269195 1
22 33000.000000 377.215784 627.423931 732.087794 1.029485 501.587377 1
23 34500.000000 346.148721 613.842066 704.713431 1.057340 496.941272 1
24 36000.000000 171.823708 530.424094 557.559958 1.257527 463.934238 1
25 37500.000000 527.428162 439.989394 686.855977 0.695259 280.435912 1
26 39000.000000 640.337559 245.676642 685.849255 0.366348 62.782112 1
27 40500.000000 1046.887135 442.066890 1136.395973 0.399554 141.537928 1
28 42000.000000 721.083550 707.340089 1010.094791 0.775777 485.237244 1
29 43500.000000 496.512095 17.410164 496.817244 0.035051 -117.916017 0
30 45000.000000 548.328583 -231.297297 595.115681 -0.399176 -371.354589 0
0 0.000000 525.798765 -33.200719 526.845925 -0.063060 -170.593315 0
1 1500.000000 587.479798 96.687619 595.383078 0.163118 -61.551637 0
2 3000.000000 704.014209 751.142436 1029.490635 0.817774 539.057273 1
3 4500.000000 936.575853 -40.491303 937.450731 -0.043206 -285.880212 0
4 6000.000000 1163.850779 -12.438708 1163.917246 -0.010687 -318.714120 0
5 7500.000000 1147.164254 593.170514 1291.447670 0.477214 269.884238 1
6 9000.000000 1120.606204 -177.828267 1134.628203 -0.157377 -466.860694 0
7 10500.000000 1203.315305 -258.312618 1230.728700 -0.211458 -566.296637 0
8 12000.000000 995.584421 -471.497310 1101.588876 -0.442296 -717.200923 0
9 13500.000000 323.089786 -127.978629 347.513366 -0.377147 -208.599957 0
10 15000.000000 919.695084 -14.543374 919.810065 -0.015812 -256.400875 0
11 16500.000000 696.224568 397.641492 801.777653 0.518928 200.105461 1
12 18000.000000 800.356030 -61.406789 802.708272 -0.076574 -270.157677 0
13 19500.000000 1158.459697 -424.979993 1233.951726 -0.351606 -715.251292 0
14 21000.000000 1103.359375 -186.924964 1119.081254 -0.167821 -471.090682 0
15 22500.000000 236.804910 566.348541 613.862554 1.174763 483.921744 1
16 24000.000000 197.597188 -250.769122 319.264469 -0.903437 -293.978135 0
17 25500.000000 333.436180 563.533239 654.789583 1.036511 455.740266 1
18 27000.000000 822.419414 646.915484 1046.361953 0.666517 407.310867 1
19 28500.000000 695.286518 622.205986 933.039994 0.729986 416.978788 1
20 30000.000000 1210.589259 -210.184695 1228.700109 -0.171908 -521.786980 0
21 31500.000000 945.664097 522.964227 1080.635075 0.505153 255.262042 1
22 33000.000000 478.402074 590.132605 759.687459 0.889584 443.195791 1
23 34500.000000 480.166310 656.779321 813.583900 0.939506 507.021602 1
24 36000.000000 268.909904 564.035272 624.858644 1.125912 473.229467 1
25 37500.000000 628.006060 499.972922 802.723199 0.672375 316.797413 1
26 39000.000000 736.284223 264.034403 782.194748 0.344319 60.664285 1
27 40500.000000 1135.342906 482.259773 1233.522600 0.401676 166.009538 1
28 42000.000000 731.534736 768.507053 1061.011857 0.810041 548.555433 1
29 43500.000000 559.158981 115.384596 570.939901 0.203497 -36.052081 0
30 45000.000000 667.590892 -147.366890 683.662635 -0.217260 -318.090853 0
0 0.000000 594.701602 4.674333 594.719972 0.007860 -162.670372 0
1 1500.000000 639.176361 112.821094 649.057023 0.174711 -71.384268 0
2 3000.000000 711.644948 812.875379 1080.372581 0.851702 580.078546 1
3 4500.000000 988.135096 -39.287033 988.915790 -0.039738 -315.444116 0
4 6000.000000 1224.310366 8.648952 1224.340916 0.007064 -335.823811 0
5 7500.000000 1152.179048 644.483993 1320.180357 0.510002 294.652266 1
6 9000.000000 1212.575708 -141.165774 1220.765179 -0.115896 -476.300510 0
7 10500.000000 1249.072932 -231.632125 1270.368699 -0.183360 -573.378249 0
8 12000.000000 1069.730680 -482.769224 1173.622534 -0.423934 -763.982118 0
9 13500.000000 385.725961 -194.500159 431.989385 -0.467037 -295.077247 0
10 15000.000000 949.952280 28.180799 950.370187 0.029657 -239.963945 0
11 16500.000000 701.839727 405.272597 810.447333 0.523668 191.664054 1
12 18000.000000 861.806368 4.822032 861.819858 0.005595 -237.605328 0
13 19500.000000 1234.142758 -396.876470 1296.387010 -0.311136 -727.764347 0
14 21000.000000 1173.833756 -148.021320 1183.129747 -0.125439 -471.990250 0
15 22500.000000 247.022167 543.042158 596.585900 1.143887 451.717747 1
16 24000.000000 308.827649 -277.119419 414.933356 -0.731336 -352.751499 0
17 25500.000000 316.407871 547.665091 632.495844 1.046906 436.651663 1
18 27000.000000 849.672762 661.141995 1076.593024 0.661252 395.665923 1
19 28500.000000 695.271127 659.433442 958.255918 0.758950 437.424821 1
20 30000.000000 1292.859797 -203.762859 1308.818458 -0.156320 -558.939947 0
21 31500.000000 966.692758 433.581473 1059.475239 0.421623 144.387882 1
22 33000.000000 502.520666 571.893986 761.307922 0.849877 407.591971 1
23 34500.000000 476.960383 634.012046 793.386716 0.925832 474.390154 1
24 36000.000000 281.249149 605.753154 667.860740 1.136117 502.280206 1
25 37500.000000 627.302668 534.352014 824.039266 0.705553 336.490274 1
26 39000.000000 726.416741 259.560928 771.396887 0.343178 44.918666 1
27 40500.000000 1133.217655 495.235248 1236.705383 0.412005 156.749990 1
28 42000.000000 754.416798 790.402704 1092.648680 0.808689 546.489709 1
29 43500.000000 660.984397 168.668893 682.165353 0.249846 -23.917655 0
30 45000.000000 697.437662 -132.259763 709.867549 -0.187411 -322.960672 0
0 0.000000 608.161259 94.448319 615.451543 0.154071 -101.890085 0
1 1500.000000 607.245149 188.510136 635.832323 0.301002 -12.326300 0
2 3000.000000 676.979557 864.180026 1097.774311 0.906273 606.998689 1
3 4500.000000 977.974253 -22.078082 978.223431 -0.022571 -328.954393 0
4 6000.000000 1259.334771 34.417163 1259.804987 0.027323 -363.944737 0
5 7500.000000 1139.568628 661.448281 1317.623044 0.525911 268.897217 1
6 9000.000000 1251.262129 -118.169127 1256.829686 -0.094161 -506.223958 0
7 10500.000000 1283.743698 -169.656299 1294.905843 -0.131396 -565.320721 0
8 12000.000000 1057.487656 -433.025543 1142.712240 -0.388656 -744.031537 0
9 13500.000000 332.813933 -175.293422 376.155417 -0.484780 -271.188480 0
10 15000.000000 923.792463 111.984030 930.555177 0.120633 -184.650510 0
11 16500.000000 652.501688 462.009687 799.506976 0.616114 233.002671 1
12 18000.000000 910.996535 56.411062 912.741417 0.061843 -233.365616 0
13 19500.000000 1241.226002 -346.013398 1288.552389 -0.271865 -719.313116 0
14 21000.000000 1223.846571 -77.967148 1226.327569 -0.063621 -459.433588 0
15 22500.000000 200.912156 578.730130 612.612649 1.236653 486.005564 1
16 24000.000000 282.012476 -317.670482 424.788855 -0.844790 -390.321127 0
17 25500.000000 225.564875 569.704027 612.733377 1.193801 469.674734 1
18 27000.000000 812.062585 678.833823 1058.423829 0.696273 388.541669 1
19 28500.000000 682.380335 685.664714 967.356719 0.787799 435.866629 1
20 30000.000000 1307.372271 -156.475317 1316.702996 -0.119120 -560.251984 0
21 31500.000000 915.698052 472.207527 1030.282908 0.476113 159.791426 1
22 33000.000000 493.666796 505.328045 706.444151 0.797071 324.139585 1
23 34500.000000 393.887640 583.136061 703.701029 0.976728 429.412263 1
24 36000.000000 255.965472 605.167680 657.074001 1.170650 493.759480 1
25 37500.000000 606.251466 510.806891 792.757542 0.700162 293.882603 1
26 39000.000000 707.971257 258.528739 753.697824 0.350123 22.406919 1
27 40500.000000 1116.244016 493.484144 1220.461923 0.416259 116.826087 1
28 42000.000000 772.150686 790.136243 1104.776884 0.796910 506.749927 1
29 43500.000000 703.198812 133.953147 715.843569 0.188236 -94.326345 0
30 45000.000000 720.490632 -106.613263 728.335869 -0.146907 -328.096815 0
0 0.000000 644.315614 56.210921 646.762922 0.087021 -167.871300 0
1 1500.000000 597.818080 176.048800 623.201121 0.286390 -39.356052 0
2 3000.000000 671.784760 855.874160 1088.032785 0.905324 574.016292 1
3 4500.000000 1016.910202 23.855394 1017.189972 0.023454 -325.885910 0
4 6000.000000 1296.419721 77.388318 1298.727471 0.059623 -371.324747 0
5 7500.000000 1143.039605 657.269258 1318.537984 0.521848 226.016043 1
6 9000.000000 1296.025728 -88.977884 1299.076499 -0.068547 -527.493416 0
7 10500.000000 1353.967253 -156.015783 1362.926354 -0.114723 -610.321910 0
8 12000.000000 1086.953769 -432.394606 1169.800663 -0.378612 -778.530209 0
9 13500.000000 380.883335 -192.261739 426.657581 -0.467463 -311.087914 0
10 15000.000000 943.606542 128.311938 952.290533 0.135151 -202.640390 0
11 16500.000000 686.146549 465.078219 828.911839 0.595679 201.938467 1
12 18000.000000 909.978354 -10.179784 910.035292 -0.011186 -321.237625 0
13 19500.000000 1325.069015 -315.718732 1362.162329 -0.233905 -750.467459 0
14 21000.000000 1201.925985 -50.215661 1202.974516 -0.041755 -458.845930 0
15 22500.000000 170.180552 541.522850 567.634052 1.266306 450.481120 1
16 24000.000000 323.177700 -362.033947 485.296203 -0.842044 -450.826965 0
17 25500.000000 240.139470 549.756769 599.916219 1.158965 434.255625 1
18 27000.000000 821.831758 709.422683 1085.673976 0.712120 385.030787 1
19 28500.000000 659.903893 644.947386 922.729797 0.773936 379.916608 1
20 30000.000000 1290.299892 -89.355466 1293.390200 -0.069141 -525.887024 0
21 31500.000000 926.536713 531.873351 1068.344299 0.521116 182.358315 1
22 33000.000000 474.811507 587.281410 755.212170 0.890900 389.133890 1
23 34500.000000 367.249489 589.876239 694.856938 1.013934 428.412470 1
24 36000.000000 211.132229 563.849829 602.082592 1.212510 457.431442 1
25 37500.000000 602.163618 514.078366 791.756016 0.706649 276.739567 1
26 39000.000000 732.427666 338.017015 806.663367 0.432378 66.710918 1
27 40500.000000 1061.002276 616.866378 1227.293754 0.526631 216.155238 1
28 42000.000000 643.177551 876.010662 1086.771384 0.937476 602.733003 1
29 43500.000000 560.492232 199.490307 594.935227 0.341939 -4.548047 0
30 45000.000000 689.469301 -30.967308 690.164395 -0.044885 -265.242027 0
0 0.000000 596.618321 91.471161 603.589591 0.152131 -186.555094 0
1 1500.000000 601.789822 202.056511 634.805343 0.323932 -90.103969 0
2 3000.000000 577.294299 903.924977 1072.543272 1.002439 547.828814 1
3 4500.000000 1024.274476 137.976153 1033.525820 0.133900 -337.303883 0
4 6000.000000 1292.055710 214.172761 1309.686195 0.164268 -389.646891 0
5 7500.000000 1104.856432 802.947113 1365.808113 0.628450 220.425376 1
6 9000.000000 1276.331822 57.422137 1277.622879 0.044960 -522.588805 0
7 10500.000000 1293.915639 7.731297 1293.938737 0.005975 -574.879604 0
8 12000.000000 1088.966253 -276.124633 1123.428820 -0.248332 -736.272016 0
9 13500.000000 350.847813 -165.683425 388.001527 -0.441192 -305.743024 0
10 15000.000000 911.817032 189.234793 931.246534 0.204631 -240.954526 0
11 16500.000000 643.866543 575.194832 863.373164 0.729126 224.269426 1
12 18000.000000 885.673062 158.807795 899.798138 0.177422 -256.377196 0
13 19500.000000 1288.086399 -147.920463 1296.551979 -0.114337 -711.288943 0
14 21000.000000 1111.163116 125.813354 1118.263149 0.112747 -387.235741 0
15 22500.000000 107.199309 569.003842 579.013872 1.384581 460.042072 1
16 24000.000000 306.908936 -316.477298 440.852555 -0.800746 -420.677934 0
17 25500.000000 164.237102 595.946729 618.163675 1.301881 458.461847 1
18 27000.000000 783.986778 815.900348 1131.516083 0.805343 376.268512 1
19 28500.000000 592.503025 741.986115 949.527899 0.896948 396.344414 1
20 30000.000000 1236.602061 120.509959 1242.460184 0.097146 -448.374117 0
21 31500.000000 837.403207 677.319622 1077.035748 0.680104 228.468538 1
22 33000.000000 445.809014 693.123315 824.115045 0.999224 418.657728 1
23 34500.000000 306.138806 626.932480 697.685676 1.116543 422.335273 1
24 36000.000000 140.897171 632.720307 648.218327 1.351687 501.802896 1
25 37500.000000 542.176177 610.139529 816.226226 0.844310 301.205720 1
26 39000.000000 655.908163 523.132899 838.977681 0.673258 172.352681 1
27 40500.000000 1009.561845 764.063251 1266.099432 0.647856 228.541216 1
28 42000.000000 576.851038 952.538942 1113.592186 1.026274 591.450799 1
29 43500.000000 565.884910 309.384555 644.937620 0.500327 21.906938 1
30 45000.000000 691.458796 38.818213 692.547558 0.056081 -276.228721 0
0 0.000000 552.209634 219.275040 594.152357 0.377992 -105.696207 0
1 1500.000000 550.756591 262.928490 610.298463 0.445401 -67.869530 0
2 3000.000000 495.676211 985.400038 1103.044941 1.104735 574.568717 1
3 4500.000000 979.308953 270.098880 1015.873728 0.269115 -288.274344 0
4 6000.000000 1267.989075 377.007390 1322.849525 0.289003 -350.085296 0
5 7500.000000 1058.669137 913.372543 1398.223782 0.711853 215.877935 1
6 9000.000000 1232.723702 152.482704 1242.118633 0.123071 -522.053191 0
7 10500.000000 1217.192648 133.394323 1224.480293 0.109156 -530.049659 0
8 12000.000000 1013.010625 -155.503218 1024.876469 -0.152317 -667.392364 0
9 13500.000000 289.851971 -40.801842 292.709678 -0.139849 -187.826076 0
10 15000.000000 824.282098 282.805659 871.447083 0.330509 -195.554739 0
11 16500.000000 477.347234 693.809221 842.158902 0.968163 336.715384 1
12 18000.000000 830.500832 230.832806 861.983420 0.271101 -242.962700 0
13 19500.000000 1247.672902 1.520205 1247.673828 0.001218 -658.110557 0
14 21000.000000 1100.857006 189.525859 1117.052460 0.170491 -420.913953 0
15 22500.000000 99.624897 558.582116 567.396775 1.394299 421.545059 1
16 24000.000000 278.885962 -271.009466 388.874672 -0.771076 -377.460719 0
17 25500.000000 121.409345 613.227891 625.130927 1.375340 456.422329 1
18 27000.000000 642.005199 859.559356 1072.852721 0.929282 390.403176 1
19 28500.000000 548.759759 788.355925 960.542731 0.962705 379.237086 1
20 30000.000000 1229.180346 176.546190 1241.794218 0.142654 -499.752287 0
21 31500.000000 732.476190 727.907176 1032.652035 0.782270 230.825296 1
22 33000.000000 365.460632 735.457510 821.254664 1.109619 431.204484 1
23 34500.000000 287.831761 629.815321 692.469827 1.142128 382.548857 1
24 36000.000000 99.551416 593.922723 602.208174 1.404723 451.585607 1
25 37500.000000 507.144144 620.794398 801.611419 0.885819 258.983077 1
26 39000.000000 567.642792 556.724420 795.085165 0.775688 172.618305 1
27 40500.000000 909.364420 769.297550 1191.118117 0.702151 172.476563 1
28 42000.000000 479.993650 933.051315 1049.275303 1.095668 538.416608 1
29 43500.000000 578.137949 273.114801 639.402207 0.441328 -73.693239 0
30 45000.000000 668.504787 6.516289 668.536546 0.009747 -347.776107 0
0 0.000000 555.361545 193.361895 588.060599 0.335046 147.982326 1
1 1500.000000 520.126439 238.247534 572.095622 0.429534 195.561234 1
2 3000.000000 434.829619 935.669845 1031.772677 1.135764 897.588834 1
3 4500.000000 930.094334 307.541365 979.620928 0.319339 231.594700 1
4 6000.000000 1277.842363 429.458427 1348.078501 0.324221 325.093925 1
5 7500.000000 947.426043 944.402727 1337.726661 0.783800 864.988522 1
6 9000.000000 1144.489655 171.257441 1157.231905 0.148534 78.478065 1
7 10500.000000 1118.716821 170.869263 1131.690608 0.151565 80.167914 1
8 12000.000000 935.037592 -115.336718 942.124119 -0.122730 -190.306585 0
9 13500.000000 401.458928 -115.986602 417.878168 -0.281254 -147.958820 0
10 15000.000000 901.581373 200.815192 923.675112 0.219159 127.513144 1
11 16500.000000 421.805427 637.869769 764.720642 0.986538 601.806634 1
12 18000.000000 161.364716 107.653271 193.978861 0.588332 94.300504 1
13 19500.000000 496.812563 -72.162186 502.025999 -0.144242 -111.960467 0
14 21000.000000 567.167748 21.009507 567.556741 0.037026 -24.760942 0
15 22500.000000 301.810737 -14.177353 302.143540 -0.046940 -38.451028 0
16 24000.000000 413.319276 -179.392370 450.571245 -0.409493 -212.114105 0
17 25500.000000 235.174412 0.071523 235.174423 0.000304 -18.878961 0
18 27000.000000 323.177864 67.448430 330.141216 0.205750 41.187568 1
19 28500.000000 223.541710 205.545681 303.677334 0.743482 186.864390 1
20 30000.000000 269.149495 192.653659 330.993780 0.621243 170.339235 1
21 31500.000000 130.086127 146.198859 195.694933 0.843651 135.241163 1
22 33000.000000 192.096960 3.584464 192.130400 0.018657 -11.906281 0
23 34500.000000 211.931394 -51.391492 218.073385 -0.237899 -68.301716 0
24 36000.000000 275.526431 -275.908094 389.923185 -0.786090 -297.212690 0
25 37500.000000 195.445202 -121.481848 230.123154 -0.556125 -136.835700 0
26 39000.000000 132.934037 -63.480628 147.313436 -0.445514 -73.985967 0
27 40500.000000 83.320379 -85.506918 119.388938 -0.798349 -91.942785 0
28 42000.000000 212.533330 30.555898 214.718605 0.142791 13.330693 1
29 43500.000000 94.670247 -113.213800 147.579877 -0.874364 -120.474136 0
30 45000.000000 84.772067 -92.890410 125.757432 -0.831062 -99.419243 0
0 0.000000 81.479754 -79.362027 113.742172 -0.772232 18.670614 1
1 1500.000000 104.149752 -126.951554 164.206783 -0.883746 8.761446 1
2 3000.000000 157.261650 -70.409364 172.304106 -0.420957 85.041166 1
3 4500.000000 102.922011 -84.646431 133.258991 -0.688271 32.821156 1
4 6000.000000 84.988227 -30.984071 90.459999 -0.349594 50.142809 1
5 7500.000000 48.878963 -59.082618 76.680564 -0.879630 4.406477 1
6 9000.000000 31.937858 -48.031934 57.680962 -0.983997 -2.702518 0
7 10500.000000 34.462481 -86.367214 92.989022 -1.191133 -23.366556 0
8 12000.000000 15.575935 -24.506652 29.037661 -1.004625 -1.958494 0
9 13500.000000 25.106398 2.181700 25.201013 0.086680 21.524049 1
10 15000.000000 2.253908 -2.013129 3.022051 -0.729030 0.624351 1
11 16500.000000 6.399774 -24.680632 25.496876 -1.317081 -9.456214 0
12 18000.000000 -1.583879 -26.721781 26.768680 -1.630000 -17.098500 0
13 19500.000000 5.983844 -23.964922 24.700686 -1.326108 -9.367619 0
14 21000.000000 -1.155907 -38.499161 38.516510 -1.600812 -23.727066 0
15 22500.000000 -4.261611 -28.734139 29.048443 -1.718035 -20.447906 0
16 24000.000000 -0.025080 -28.481042 28.481053 -1.571677 -16.883993 0
17 25500.000000 -7.896622 -16.477578 18.272034 -2.017694 -16.120041 0
18 27000.000000 24.468407 -2.307428 24.576964 -0.094024 18.351880 1
19 28500.000000 37.261689 -31.735123 48.944372 -0.705470 11.237179 1
20 30000.000000 8.423570 -11.533242 14.281884 -0.939975 -0.040675 0
21 31500.000000 17.067707 -15.729903 23.210697 -0.744631 4.440427 1
22 33000.000000 -0.746957 -31.235675 31.244605 -1.594705 -19.096759 0
23 34500.000000 -2.888739 -31.182335 31.315856 -1.663173 -20.791154 0
24 36000.000000 5.433362 -15.545704 16.467858 -1.234559 -4.826167 0
25 37500.000000 13.600324 -0.462880 13.608199 -0.034021 10.685889 1
26 39000.000000 13.589464 8.592606 16.078135 0.563831 16.038941 1
27 40500.000000 22.543975 1.954776 22.628565 0.086493 19.324731 1
28 42000.000000 14.057883 -12.759293 18.984826 -0.737012 3.773843 1
29 43500.000000 13.094501 -27.287086 30.266335 -1.123375 -5.604495 0
30 45000.000000 -6.793854 -25.376870 26.270553 -1.832380 -20.500683 0
0 0.000000 -1.476567 -22.778231 22.826039 -1.635529 -11.868367 0
1 1500.000000 -13.473740 -19.139171 23.406186 -2.184194 -20.811295 0
2 3000.000000 -3.257371 -3.550159 4.818101 -2.313212 -4.532036 0
3 4500.000000 -20.664659 -8.205266 22.234084 -2.763617 -22.113762 0
4 6000.000000 -7.001221 -3.695775 7.916808 -2.655894 -7.916755 0
5 7500.000000 -4.274321 -5.576206 7.025944 -2.224792 -6.372380 0
6 9000.000000 -10.029266 -13.194815 16.573754 -2.220725 -15.003520 0
7 10500.000000 -4.622404 -18.195362 18.773327 -1.819577 -12.531079 0
8 12000.000000 -11.343057 -18.689387 21.862253 -2.116292 -18.714897 0
9 13500.000000 -4.157307 -8.354822 9.332002 -2.032517 -7.556876 0
10 15000.000000 -7.830935 -8.455442 11.524671 -2.317868 -10.858515 0
11 16500.000000 -6.758304 -8.371754 10.759226 -2.249957 -9.869320 0
12 18000.000000 -14.206250 -1.110548 14.249591 -3.063578 -13.102200 0
13 19500.000000 -1.342524 -8.500166 8.605533 -1.727443 -5.130240 0
14 21000.000000 0.481170 -5.105227 5.127852 -1.476824 -1.940464 0
15 22500.000000 6.782579 -2.718505 7.307096 -0.381202 4.749348 1
16 24000.000000 1.740841 -3.563488 3.965977 -1.116374 -0.109585 0
17 25500.000000 2.337772 -6.803915 7.194334 -1.239841 -1.082952 0
18 27000.000000 4.057427 1.695575 4.397464 0.395837 4.381128 1
19 28500.000000 -3.650753 -2.104648 4.213970 -2.618634 -4.210446 0
20 30000.000000 -6.232352 2.336859 6.656059 2.782860 -4.438755 0
21 31500.000000 -1.035905 -1.047515 1.473223 -2.350622 -1.403487 0
22 33000.000000 -37.928498 -55.734662 67.416048 -2.168328 -59.445052 0
23 34500.000000 -92.817844 -99.102145 135.780659 -2.323462 -128.184676 0
24 36000.000000 -95.750346 -78.814091 124.015280 -2.452912 -121.377387 0
25 37500.000000 -178.832587 322.752393 368.985368 2.076771 -8.824230 0
26 39000.000000 -320.613750 624.040748 701.583945 2.045400 5.229887 1
27 40500.000000 -377.779129 552.540543 669.341558 2.170508 -78.568824 0
28 42000.000000 -52.087086 758.504785 760.291111 1.639359 305.493996 1
29 43500.000000 176.188319 593.979308 619.559313 1.282440 431.481215 1
30 45000.000000 244.415475 913.352677 945.490368 1.309320 639.995971 1
0 0.000000 98.501484 686.938027 693.964261 1.428375 292.501874 1
1 1500.000000 209.902604 473.117866 517.590203 1.153229 82.433982 1
2 3000.000000 313.728755 317.718855 446.509801 0.791717 -89.392840 0
3 4500.000000 33.657038 320.509910 322.272243 1.466169 146.781346 1
4 6000.000000 326.694107 457.155294 561.889671 0.950323 -24.131232 0
5 7500.000000 227.432918 826.796712 857.507163 1.302358 260.834994 1
6 9000.000000 649.021566 462.683571 797.060274 0.619327 -291.166360 0
7 10500.000000 1000.365681 543.157621 1138.310896 0.497421 -541.596219 0
8 12000.000000 408.262908 973.245384 1055.407589 1.173605 189.284081 1
9 13500.000000 758.334142 514.349436 916.311089 0.595987 -354.544322 0
10 15000.000000 652.887317 337.452366 734.939418 0.477046 -362.774208 0
11 16500.000000 601.516937 412.387181 729.305021 0.600982 -278.824841 0
12 18000.000000 310.725603 -48.825910 314.538344 -0.155861 -286.989089 0
13 19500.000000 588.868374 634.031079 865.309986 0.822312 -147.222769 0
14 21000.000000 340.898380 970.285345 1028.428586 1.232930 244.107599 1
15 22500.000000 556.072827 642.979720 850.082295 0.857751 -114.860473 0
16 24000.000000 1017.083468 477.872078 1123.752866 0.439234 -591.244910 0
17 25500.000000 652.525165 464.804179 801.144192 0.618944 -292.944024 0
18 27000.000000 -307.106792 583.004958 658.945645 2.055626 575.588201 1
19 28500.000000 411.916400 -99.412874 423.742894 -0.236814 -399.386605 0
20 30000.000000 82.044533 551.330606 557.401779 1.423069 232.256029 1
21 31500.000000 131.434366 942.309245 951.431399 1.432209 404.327955 1
22 33000.000000 267.442904 688.313833 738.445421 1.200201 151.710035 1
23 34500.000000 1042.525274 519.363938 1164.730805 0.462190 -589.908463 0
24 36000.000000 527.172635 798.301675 956.659057 0.987167 -5.850385 0
25 37500.000000 -49.698615 618.847938 620.840336 1.650933 379.494003 1
26 39000.000000 -81.648199 693.481170 698.271123 1.687994 447.007540 1
27 40500.000000 -234.220314 595.915415 640.292384 1.945291 521.570625 1
28 42000.000000 180.067486 980.620598 997.016077 1.389193 384.497820 1
29 43500.000000 516.050229 664.702933 841.509256 0.910636 -69.469009 0
30 45000.000000 627.730013 1004.416896 1184.440066 1.012219 22.427420 1
0 0.000000 252.374520 881.195198 916.623083 1.291863 298.534901 1
1 1500.000000 246.415089 547.771008 600.644215 1.148067 112.224913 1
2 3000.000000 644.437746 495.491068 812.903073 0.655471 -243.837965 0
3 4500.000000 357.562833 375.996556 518.868567 0.810522 -77.333129 0
4 6000.000000 591.239655 440.214435 737.124873 0.640012 -231.951601 0
5 7500.000000 373.259152 836.604189 916.094408 1.151141 173.929418 1
6 9000.000000 1016.000564 465.677183 1117.636965 0.429771 -565.340825 0
7 10500.000000 1267.679934 688.538439 1442.600983 0.497568 -643.738696 0
8 12000.000000 591.547995 1094.951757 1244.527372 1.075469 143.235692 1
9 13500.000000 905.554623 631.363758 1103.924531 0.608853 -379.848658 0
10 15000.000000 854.585971 376.374739 933.796084 0.414857 -484.307994 0
11 16500.000000 693.854350 436.843127 819.918152 0.561893 -317.953007 0
12 18000.000000 391.136296 -43.349497 393.531169 -0.110379 -345.300250 0
13 19500.000000 705.947511 723.426936 1010.795934 0.797626 -163.527388 0
14 21000.000000 380.324118 994.853316 1065.072559 1.205648 258.884685 1
15 22500.000000 631.058530 657.502719 911.342248 0.805918 -139.976066 0
16 24000.000000 1106.807176 574.080433 1246.832173 0.478481 -577.574488 0
17 25500.000000 709.271860 578.251185 915.118027 0.683985 -249.497671 0
18 27000.000000 -288.596270 624.105656 687.601394 2.003927 594.310772 1
19 28500.000000 447.044606 -62.928996 451.452033 -0.139848 -402.331042 0
20 30000.000000 93.915949 594.266877 601.642192 1.414056 263.823219 1
21 31500.000000 184.212059 994.714255 1011.627665 1.387680 419.471926 1
22 33000.000000 231.145934 762.787435 797.040221 1.276564 248.029198 1
23 34500.000000 1017.221278 648.558972 1206.386285 0.567594 -461.472714 0
24 36000.000000 452.445319 878.710248 988.351388 1.095302 133.199756 1
25 37500.000000 -59.554751 646.594357 649.331218 1.662642 419.561451 1
26 39000.000000 -153.340713 729.189369 745.137913 1.778066 543.758327 1
27 40500.000000 -279.728790 633.053966 692.102246 1.986870 592.177136 1
28 42000.000000 113.185633 1033.148498 1039.329980 1.461677 499.700103 1
29 43500.000000 453.252610 752.207560 878.210762 1.028494 59.999120 1
30 45000.000000 572.157120 1107.579649 1246.634048 1.093970 166.362976 1
0 0.000000 172.603765 941.845874 957.531049 1.389546 315.547393 1
1 1500.000000 220.791165 564.966460 606.577150 1.198243 87.354929 1
2 3000.000000 607.763133 526.599809 804.166267 0.713970 -267.994826 0
3 4500.000000 329.094395 404.440393 521.416486 0.887756 -86.143591 0
4 6000.000000 534.427869 522.598583 747.477375 0.774208 -206.224498 0
5 7500.000000 263.789876 905.142847 942.798320 1.287216 218.138309 1
6 9000.000000 965.932830 583.202292 1128.339996 0.543188 -551.361055 0
7 10500.000000 1175.425147 820.305865 1433.361779 0.609302 -616.258313 0
8 12000.000000 478.305489 1166.897544 1261.120938 1.181789 161.060343 1
9 13500.000000 806.145615 721.692325 1081.993791 0.730178 -344.002136 0
10 15000.000000 815.357087 463.007005 937.647410 0.516450 -479.886502 0
11 16500.000000 655.669200 532.631969 844.747841 0.682225 -306.656311 0
12 18000.000000 395.172002 31.252646 396.405901 0.078922 -328.062587 0
13 19500.000000 676.581934 788.231883 1038.784200 0.861472 -198.483288 0
14 21000.000000 277.311397 1048.155841 1084.219664 1.312152 277.080699 1
15 22500.000000 582.060460 717.161142 923.641967 0.889012 -151.451166 0
16 24000.000000 1046.415225 655.217241 1234.623204 0.559429 -585.722647 0
17 25500.000000 634.934119 640.482729 901.864436 0.789749 -235.317532 0
18 27000.000000 -339.649325 637.732323 722.540088 2.060174 610.500684 1
19 28500.000000 444.418067 -19.052061 444.826257 -0.042843 -395.738154 0
20 30000.000000 78.907348 635.990652 640.866974 1.447357 245.800232 1
21 31500.000000 130.703175 1030.075560 1038.334714 1.444584 395.585374 1
22 33000.000000 146.157184 810.886647 823.953322 1.392467 273.798986 1
23 34500.000000 950.679987 752.645735 1212.546098 0.669655 -454.340439 0
24 36000.000000 344.418549 959.766830 1019.694319 1.226253 175.052606 1
25 37500.000000 -106.616629 673.347074 681.735570 1.727831 425.537551 1
26 39000.000000 -219.915216 734.068070 766.301921 1.861872 554.041297 1
27 40500.000000 -330.938595 626.471762 708.510566 2.056794 597.362208 1
28 42000.000000 64.820611 1074.833371 1076.786185 1.510562 474.980557 1
29 43500.000000 400.982491 834.213291 925.580236 1.122731 63.817716 1
30 45000.000000 491.789756 1204.983392 1301.476907 1.183301 168.166002 1
0 0.000000 63.258541 1010.295750 1012.274244 1.508264 372.740475 1
1 1500.000000 166.459776 597.619776 620.369450 1.299144 103.716913 1
2 3000.000000 555.523023 572.028850 797.384998 0.800036 -259.242052 0
3 4500.000000 311.012001 437.365306 536.672037 0.952657 -95.294521 0
4 6000.000000 500.644781 591.301782 774.779320 0.868231 -201.379558 0
5 7500.000000 194.164528 975.317204 994.456390 1.374287 239.395336 1
6 9000.000000 914.900558 666.438350 1131.893593 0.629551 -544.265696 0
7 10500.000000 1115.024255 927.120169 1450.114098 0.693643 -614.413053 0
8 12000.000000 400.756053 1195.865737 1261.229668 1.247440 146.314371 1
9 13500.000000 756.107076 774.023377 1082.039786 0.797107 -354.783414 0
10 15000.000000 787.998470 525.690082 947.254797 0.588317 -489.333393 0
11 16500.000000 639.150059 607.984345 882.132508 0.760414 -319.614308 0
12 18000.000000 401.384157 83.220682 409.920630 0.204438 -327.797859 0
13 19500.000000 644.021384 829.173959 1049.901423 0.910424 -229.883700 0
14 21000.000000 201.950771 1097.536316 1115.961504 1.388828 284.366171 1
15 22500.000000 543.393352 751.465250 927.349102 0.944727 -171.897312 0
16 24000.000000 1005.520714 706.082555 1228.667766 0.612205 -609.396177 0
17 25500.000000 572.870511 708.962407 911.486872 0.891172 -216.660794 0
18 27000.000000 -373.688928 622.334750 725.909055 2.111556 603.021890 1
19 28500.000000 449.100753 45.723379 451.422323 0.101461 -386.936032 0
20 30000.000000 58.895289 654.921996 657.564808 1.481110 225.441082 1
21 31500.000000 59.252359 1043.000717 1044.682410 1.514048 390.285008 1
22 33000.000000 87.183880 834.067926 838.612147 1.466646 276.087287 1
23 34500.000000 892.967096 825.864036 1216.323000 0.746378 -456.566000 0
24 36000.000000 269.418580 1014.774088 1049.929913 1.311287 188.090080 1
25 37500.000000 -143.103130 669.730976 684.848951 1.781303 414.534303 1
26 39000.000000 -253.721399 732.934475 775.607822 1.904057 541.533466 1
27 40500.000000 -390.159132 611.889606 725.694866 2.138426 613.480478 1
28 42000.000000 -13.037273 1088.269443 1088.347532 1.582776 474.967111 1
29 43500.000000 340.718838 876.847210 940.718001 1.200180 64.867786 1
30 45000.000000 403.007336 1238.227714 1302.160813 1.256138 162.306499 1
0 0.000000 -22.939487 1053.645994 1053.895678 1.592564 406.659523 1
1 1500.000000 111.014929 611.037456 621.040327 1.391074 120.125305 1
2 3000.000000 491.477737 626.455761 796.239403 0.905555 -228.346904 0
3 4500.000000 280.318542 453.737370 533.344247 1.017392 -94.974946 0
4 6000.000000 463.206128 645.583644 794.567906 0.948422 -195.038596 0
5 7500.000000 130.248183 1009.298448 1017.667896 1.442457 247.864698 1
6 9000.000000 869.824554 714.378826 1125.580678 0.687589 -548.335342 0
7 10500.000000 1041.845107 997.667737 1442.491643 0.763741 -604.844895 0
8 12000.000000 307.943788 1207.090582 1245.751601 1.321012 154.807762 1
9 13500.000000 683.086512 810.067288 1059.630216 0.870236 -339.539055 0
10 15000.000000 737.949084 545.314676 917.571221 0.636398 -487.419302 0
11 16500.000000 597.294226 622.468959 862.686500 0.806034 -328.292089 0
12 18000.000000 402.383517 102.862978 415.323111 0.250274 -336.896874 0
13 19500.000000 595.565103 831.616992 1022.880547 0.949311 -250.199168 0
14 21000.000000 108.165594 1108.745121 1114.008770 1.473547 304.784523 1
15 22500.000000 465.479452 781.225826 909.387108 1.033447 -147.551329 0
16 24000.000000 942.834639 725.953963 1189.935424 0.656160 -612.055554 0
17 25500.000000 533.217857 737.980662 910.459632 0.945105 -226.412291 0
18 27000.000000 -401.165911 582.121308 706.964855 2.174200 586.256227 1
19 28500.000000 457.930023 94.529901 467.585081 0.203569 -391.643355 0
20 30000.000000 27.764713 631.203057 631.813405 1.526838 204.983682 1
21 31500.000000 -12.986114 1047.920125 1048.000586 1.583188 395.301659 1
22 33000.000000 46.408942 845.034843 846.308263 1.515932 265.827192 1
23 34500.000000 868.123833 859.403651 1221.561961 0.780350 -493.718139 0
24 36000.000000 235.398714 1016.760238 1043.654126 1.343286 152.725992 1
25 37500.000000 -161.668838 627.606518 648.094711 1.822911 379.981142 1
26 39000.000000 -301.567492 699.687180 761.908854 1.977741 536.549150 1
27 40500.000000 -454.256519 561.836639 722.502176 2.250711 628.251661 1
28 42000.000000 -65.120583 1063.880722 1065.871888 1.631930 449.661749 1
29 43500.000000 261.656351 875.340419 913.610910 1.280331 76.571094 1
30 45000.000000 336.396648 1249.209127 1293.710225 1.307749 143.728027 1
0 0.000000 -61.041198 1057.513694 1059.273922 1.628454 390.703078 1
1 1500.000000 91.302474 619.597692 626.288625 1.424492 108.301180 1
2 3000.000000 433.755861 634.974592 768.984317 0.971498 -211.917952 0
3 4500.000000 259.663836 440.243895 511.116420 1.037897 -107.944264 0
4 6000.000000 422.455049 662.151456 785.437979 1.002901 -192.639580 0
5 7500.000000 64.791552 1032.659636 1034.690228 1.508136 263.441579 1
6 9000.000000 839.266600 759.178191 1131.688982 0.735336 -557.747337 0
7 10500.000000 1018.285199 1052.868972 1464.731313 0.802094 -635.258062 0
8 12000.000000 256.843922 1200.193637 1227.368553 1.359974 133.862033 1
9 13500.000000 663.606952 827.657120 1060.844237 0.894965 -369.462786 0
10 15000.000000 726.300447 546.956983 909.216300 0.645465 -517.298150 0
11 16500.000000 574.837755 617.664734 843.770211 0.821296 -351.280083 0
12 18000.000000 406.013040 108.587672 420.283085 0.261332 -351.219958 0
13 19500.000000 536.639421 828.483243 987.099971 0.996013 -248.684901 0
14 21000.000000 34.352775 1132.291181 1132.812178 1.540466 323.684716 1
15 22500.000000 394.312802 787.869997 881.034459 1.106765 -126.367649 0
16 24000.000000 890.344823 738.788301 1156.945140 0.692636 -612.646914 0
17 25500.000000 479.407079 759.127830 897.834177 1.007520 -216.183528 0
18 27000.000000 -464.928776 532.535226 706.931774 2.288520 608.881909 1
19 28500.000000 444.962491 114.234283 459.392087 0.251301 -386.414093 0
20 30000.000000 -34.905400 592.367269 593.394783 1.629654 219.529581 1
21 31500.000000 -86.455758 1032.324199 1035.938149 1.654350 406.900395 1
22 33000.000000 -7.766046 860.593086 860.628126 1.579820 278.170123 1
23 34500.000000 838.635522 889.125086 1222.232775 0.814612 -516.258570 0
24 36000.000000 191.584748 1009.933100 1027.944347 1.383324 135.937880 1
25 37500.000000 -209.258072 592.159379 628.045914 1.910480 384.960205 1
26 39000.000000 -340.261470 680.093594 760.463783 2.034696 536.978819 1
27 40500.000000 -506.787195 501.356519 712.875599 2.361581 638.803187 1
28 42000.000000 -141.574113 1024.648798 1034.383095 1.708095 456.803710 1
29 43500.000000 196.835382 872.880727 894.798821 1.349005 87.828371 1
30 45000.000000 258.100673 1260.257820 1286.415846 1.368790 151.569221 1
0 0.000000 -132.738307 1076.947762 1085.097203 1.693432 410.898960 1
1 1500.000000 43.220297 652.603365 654.032986 1.504665 129.678247 1
2 3000.000000 360.857091 660.331092 752.499163 1.070660 -174.780569 0
3 4500.000000 220.288275 430.302998 483.412447 1.097644 -99.553684 0
4 6000.000000 376.087173 677.481426 774.869437 1.064027 -184.972211 0
5 7500.000000 -10.275028 1045.859952 1045.910425 1.580620 284.569925 1
6 9000.000000 821.371003 811.616151 1154.716892 0.779425 -579.401827 0
7 10500.000000 977.252766 1114.640688 1482.378775 0.850980 -650.234444 0
8 12000.000000 178.111988 1210.366984 1223.401862 1.424690 145.996561 1
9 13500.000000 622.720293 868.749863 1068.881139 0.948884 -372.719457 0
10 15000.000000 696.199966 584.153421 908.806697 0.698108 -518.358586 0
11 16500.000000 531.414259 646.707585 837.037523 0.882950 -342.929130 0
12 18000.000000 410.113056 148.316582 436.108389 0.347014 -356.768955 0
13 19500.000000 513.462837 852.630837 995.300673 1.028753 -271.529828 0
14 21000.000000 -35.881068 1146.642978 1147.204240 1.602078 335.744077 1
15 22500.000000 363.025045 817.454562 894.437893 1.152866 -135.609898 0
16 24000.000000 870.664728 784.398667 1171.895191 0.733323 -634.113057 0
17 25500.000000 446.851860 791.321815 908.772139 1.056744 -223.357293 0
18 27000.000000 -501.850488 490.438181 701.700450 2.367695 613.031304 1
19 28500.000000 439.368566 157.015127 466.581705 0.343221 -382.713297 0
20 30000.000000 -57.994179 557.455885 560.464440 1.674457 202.353359 1
21 31500.000000 -139.407471 1015.230212 1024.756960 1.707259 401.126267 1
22 33000.000000 -34.403873 887.011829 887.678777 1.609563 266.136435 1
23 34500.000000 819.079948 954.422324 1257.701846 0.861564 -539.688547 0
24 36000.000000 152.468711 1025.984911 1037.252017 1.423269 122.318823 1
25 37500.000000 -229.844820 577.787489 621.825557 1.949406 373.511623 1
26 39000.000000 -372.050666 674.500851 770.307144 2.074863 536.124358 1
27 40500.000000 -518.641778 479.497004 706.333258 2.395392 626.359958 1
28 42000.000000 -178.030797 1016.732137 1032.201145 1.744140 438.788395 1
29 43500.000000 178.470515 889.239052 906.971784 1.372728 61.318519 1
30 45000.000000 200.869204 1293.069070 1308.577876 1.416685 145.756663 1
0 0.000000 -180.452331 1104.306568 1118.953100 1.732773 412.348129 1
1 1500.000000 18.001237 707.982791 708.211605 1.545376 133.760037 1
2 3000.000000 317.066245 702.747797 770.963988 1.146961 -159.510902 0
3 4500.000000 220.103117 465.728199 515.119537 1.129308 -115.456734 0
4 6000.000000 333.960411 728.060188 801.000121 1.140732 -170.603527 0
5 7500.000000 -66.481068 1089.673729 1091.699852 1.631731 297.883357 1
6 9000.000000 793.266895 900.632318 1200.171212 0.848697 -582.402071 0
7 10500.000000 947.540758 1215.336322 1541.063225 0.908586 -665.835626 0
8 12000.000000 119.696027 1255.172677 1260.866999 1.475722 151.388544 1
9 13500.000000 591.958074 927.110193 1099.976214 1.002549 -380.086517 0
10 15000.000000 686.274676 629.525778 931.276348 0.742296 -535.837393 0
11 16500.000000 498.538488 696.361974 856.423156 0.949466 -338.153350 0
12 18000.000000 410.798259 217.631341 464.885588 0.487184 -354.779342 0
13 19500.000000 455.520517 915.273133 1022.361898 1.109000 -249.333238 0
14 21000.000000 -122.071699 1159.860214 1166.266357 1.675657 367.192694 1
15 22500.000000 324.199533 866.553956 925.214081 1.212793 -131.462530 0
16 24000.000000 863.518436 843.813856 1207.346642 0.773858 -663.175742 0
17 25500.000000 441.029991 840.630120 949.297873 1.087630 -251.134076 0
18 27000.000000 -507.286954 474.832530 694.842417 2.389228 597.065303 1
19 28500.000000 452.320143 202.552253 495.601581 0.421029 -398.564861 0
20 30000.000000 -78.980798 563.283260 568.793457 1.710103 197.567893 1
21 31500.000000 -195.955859 1026.144113 1044.686766 1.759488 410.784527 1
22 33000.000000 -44.401465 918.581151 919.653642 1.619096 239.739760 1
23 34500.000000 806.298114 1023.486929 1302.935970 0.903542 -568.869487 0
24 36000.000000 115.416518 1018.832889 1025.349418 1.457994 105.046880 1
25 37500.000000 -245.292800 568.356661 619.029767 1.978229 361.119986 1
26 39000.000000 -383.865970 651.418454 756.107853 2.103294 514.245996 1
27 40500.000000 -511.443623 438.282374 673.547340 2.433077 593.312577 1
28 42000.000000 -220.392789 996.835450 1020.908368 1.788388 428.391276 1
29 43500.000000 153.311672 907.715512 920.571518 1.403477 44.274194 1
30 45000.000000 158.986408 1299.192337 1308.884031 1.449028 122.416457 1
0 0.000000 -223.289216 1098.756490 1121.215366 1.771286 401.677103 1
1 1500.000000 -14.413070 728.326542 728.469141 1.590583 134.494426 1
2 3000.000000 277.998925 725.439608 776.882248 1.204843 -154.379325 0
3 4500.000000 219.812915 491.380509 538.305231 1.150159 -135.645862 0
4 6000.000000 309.334872 782.732914 841.640588 1.194436 -175.823325 0
5 7500.000000 -115.579488 1104.590893 1110.621294 1.675053 296.409820 1
6 9000.000000 754.029627 956.604024 1218.052518 0.903270 -585.698242 0
7 10500.000000 907.649000 1282.712764 1571.362066 0.954987 -683.353197 0
8 12000.000000 71.941644 1240.295252 1242.379939 1.512858 133.874328 1
9 13500.000000 542.810896 943.546425 1088.541926 1.048746 -379.536074 0
10 15000.000000 645.928707 686.611364 942.687148 0.815919 -523.669470 0
11 16500.000000 456.967649 742.411974 871.776904 1.019045 -328.087796 0
12 18000.000000 398.860411 277.015815 485.620623 0.607037 -347.636109 0
13 19500.000000 397.914099 976.503053 1054.463770 1.183851 -231.186193 0
14 21000.000000 -216.604580 1155.150134 1175.282679 1.756156 404.397361 1
15 22500.000000 295.492133 891.863516 939.540383 1.250859 -144.148316 0
16 24000.000000 839.427225 885.966917 1220.481644 0.812365 -681.588619 0
17 25500.000000 410.871098 863.933941 956.659246 1.126874 -262.555475 0
18 27000.000000 -535.750406 429.653322 686.753576 2.465654 599.349167 1
19 28500.000000 440.268100 232.509705 497.892320 0.485881 -395.825191 0
20 30000.000000 -93.781368 552.438194 560.341774 1.738952 183.725920 1
21 31500.000000 -251.321494 1015.208884 1045.854469 1.813474 415.527037 1
22 33000.000000 -68.981698 945.927080 948.438988 1.643592 224.249362 1
23 34500.000000 782.219549 1092.719324 1343.838884 0.949514 -591.022381 0
24 36000.000000 83.114442 1013.685542 1017.087208 1.488987 85.431551 1
25 37500.000000 -250.743685 541.068270 596.344924 2.004757 336.655360 1
26 39000.000000 -402.529017 627.466555 745.482319 2.141183 500.624799 1
27 40500.000000 -528.330647 416.916984 673.017863 2.473520 589.927948 1
28 42000.000000 -275.249990 989.225878 1026.805918 1.842180 434.836023 1
29 43500.000000 128.551591 916.402932 925.375516 1.431427 24.552578 1
30 45000.000000 99.294432 1293.662499 1297.467550 1.494192 115.710429 1
0 0.000000 -293.190882 1098.264834 1136.726238 1.831671 878.851317 1
1 1500.000000 -52.258447 750.421270 752.238677 1.640323 480.237995 1
2 3000.000000 254.875462 744.605794 787.019244 1.241001 227.395308 1
3 4500.000000 219.409679 515.460796 560.214637 1.168369 122.517357 1
4 6000.000000 276.687476 815.700966 861.350118 1.243773 251.156683 1
5 7500.000000 -183.034715 1113.441035 1128.384973 1.733726 798.237757 1
6 9000.000000 705.950249 1010.289198 1232.497471 0.960903 16.037765 1
7 10500.000000 854.868601 1350.273284 1598.135873 1.006388 93.434418 1
8 12000.000000 18.590985 1231.309972 1231.450312 1.555699 703.244650 1
9 13500.000000 515.281677 981.246313 1108.313825 1.087248 153.952598 1
10 15000.000000 636.335113 730.950060 969.128663 0.854487 -90.387720 0
11 16500.000000 428.453509 771.420244 882.418043 1.063810 102.061100 1
12 18000.000000 461.321164 407.638484 615.618672 0.723698 -136.863175 0
13 19500.000000 483.890254 1001.886773 1112.621627 1.120858 191.489889 1
14 21000.000000 -157.808240 1096.843459 1108.137633 1.713691 768.066164 1
15 22500.000000 26.670429 350.378807 351.392402 1.494824 182.749001 1
16 24000.000000 428.401867 202.972750 474.052842 0.442461 -229.528190 0
17 25500.000000 250.782847 204.616634 323.666500 0.684368 -84.309418 0
18 27000.000000 73.820928 -36.692988 82.437278 -0.461288 -81.362968 0
19 28500.000000 306.620831 28.349420 307.928601 0.092195 -232.494234 0
20 30000.000000 188.509905 97.632153 212.292302 0.477877 -96.146740 0
21 31500.000000 202.189374 312.468922 372.179218 0.996483 18.078362 1
22 33000.000000 132.036053 267.083229 297.937864 1.111669 48.577997 1
23 34500.000000 75.054767 347.191644 355.211565 1.357896 141.592519 1
24 36000.000000 53.242951 130.804133 141.225115 1.184233 33.067698 1
25 37500.000000 223.629835 91.936643 241.790508 0.390048 -127.993416 0
26 39000.000000 205.640983 64.074276 215.392030 0.302049 -129.637971 0
27 40500.000000 303.691776 43.729319 306.823969 0.143009 -221.142691 0
28 42000.000000 275.081089 189.414222 333.987056 0.603018 -112.913177 0
29 43500.000000 73.607817 116.052617 137.427511 1.005564 7.921626 1
30 45000.000000 136.564651 96.372650 167.145420 0.614536 -54.692309 0
0 0.000000 108.610738 190.240572 219.061105 1.052039 113.773158 1
1 1500.000000 168.354564 6.130032 168.466129 0.036395 -76.225939 0
2 3000.000000 121.916228 42.569503 129.134539 0.335935 -21.846477 0
3 4500.000000 127.739785 37.995759 133.270891 0.289113 -28.669457 0
4 6000.000000 135.821197 13.479927 136.488483 0.098924 -54.030476 0
5 7500.000000 134.132787 55.567718 145.187382 0.392751 -16.397010 0
6 9000.000000 177.873594 32.987026 180.906493 0.183369 -57.346578 0
7 10500.000000 112.481691 26.774580 115.624430 0.233686 -31.090518 0
8 12000.000000 57.968819 10.619079 58.933427 0.181177 -18.804092 0
9 13500.000000 51.572248 22.211695 56.152080 0.406681 -5.563837 0
10 15000.000000 81.926262 2.272691 81.957778 0.027734 -37.715146 0
11 16500.000000 49.705920 17.573907 52.721160 0.339841 -8.716164 0
12 18000.000000 -7.606442 12.819861 14.906602 2.106299 14.900084 1
13 19500.000000 1.209696 36.994806 37.014579 1.538109 31.774026 1
14 21000.000000 -25.931480 0.481471 25.935950 3.123028 12.988075 1
15 22500.000000 -6.529160 9.360799 11.412909 2.179843 11.352285 1
16 24000.000000 27.314062 -15.077870 31.199361 -0.504392 -26.425932 0
17 25500.000000 8.810590 -34.987707 36.079996 -1.324106 -34.874400 0
18 27000.000000 16.418212 -19.038528 25.140073 -0.859166 -24.610068 0
19 28500.000000 28.991315 -33.692385 44.448545 -0.860255 -43.521338 0
20 30000.000000 20.811236 1.983079 20.905505 0.095002 -8.350898 0
21 31500.000000 19.907034 6.246706 20.864116 0.304063 -4.183204 0
22 33000.000000 18.942512 3.184784 19.208373 0.166571 -6.394115 0
23 34500.000000 -8.945873 8.246342 12.166791 2.396861 11.548630 1
24 36000.000000 1.295487 0.127773 1.301773 0.098312 -0.516053 0
25 37500.000000 24.235733 -7.425978 25.347897 -0.297324 -18.240813 0
26 39000.000000 17.797566 -19.472565 26.380563 -0.830310 -25.658193 0
27 40500.000000 3.607271 -1.308966 3.837420 -0.348093 -2.893141 0
28 42000.000000 16.192859 27.070855 31.544253 1.031727 15.832157 1
29 43500.000000 -6.803145 11.053139 12.979009 2.122531 12.965395 1
30 45000.000000 -5.489746 13.106449 14.209726 1.967453 14.124976 1
0 0.000000 -6.078630 3.772536 7.154144 2.586147 -4.847617 0
1 1500.000000 10.939392 -0.312120 10.943844 -0.028524 10.457035 1
2 3000.000000 -4.154709 -10.321970 11.126754 -1.953466 -6.765003 0
3 4500.000000 7.909624 -3.568523 8.677356 -0.423820 6.666440 1
4 6000.000000 6.634501 -12.045066 13.751371 -1.067334 3.169801 1
5 7500.000000 -8.186334 -4.491098 9.337346 -2.639818 -9.089514 0
6 9000.000000 -1.735977 -12.237703 12.360218 -1.711711 -4.947036 0
7 10500.000000 -10.564547 -1.896453 10.733414 -2.963973 -10.686788 0
8 12000.000000 -6.628200 -16.627311 17.899735 -1.950124 -10.835386 0
9 13500.000000 -2.495392 -14.682230 14.892779 -1.739148 -6.332827 0
10 15000.000000 2.511724 -18.656904 18.825218 -1.436974 -2.571742 0
11 16500.000000 5.434520 -19.640582 20.378579 -1.300852 -0.018705 0
12 18000.000000 -0.911039 -12.027802 12.062256 -1.646396 -4.096013 0
13 19500.000000 -1.444648 -14.357709 14.430205 -1.671077 -5.233563 0
14 21000.000000 -4.213854 -13.017434 13.682476 -1.883860 -7.543197 0
15 22500.000000 -6.423059 -14.951319 16.272604 -1.976555 -10.189291 0
16 24000.000000 1.174280 -15.427620 15.472246 -1.494827 -2.996387 0
17 25500.000000 2.336747 -12.978623 13.187306 -1.392659 -1.221043 0
18 27000.000000 -1.544257 -3.571480 3.891041 -1.978906 -2.443549 0
19 28500.000000 -0.280437 -5.897476 5.904139 -1.618313 -1.848156 0
20 30000.000000 3.785109 5.409692 6.602410 0.960278 5.094537 1
21 31500.000000 1.554055 0.615778 1.671607 0.377260 1.662154 1
22 33000.000000 -5.232458 -6.027628 7.981912 -2.285693 -6.654453 0
23 34500.000000 -4.626868 -8.538081 9.711165 -2.067407 -6.742645 0
24 36000.000000 -2.075755 -3.135309 3.760175 -2.155601 -2.838965 0
25 37500.000000 22.972127 -62.546538 66.631734 -1.218811 5.399460 1
26 39000.000000 33.417001 -128.408167 132.685166 -1.316203 -2.158589 0
27 40500.000000 8.597631 -117.790548 118.103906 -1.497935 -23.232179 0
28 42000.000000 -286.723546 11.836735 286.967769 3.100333 -273.102676 0
29 43500.000000 -516.146251 -35.903916 517.393510 -3.072143 -506.934352 0
30 45000.000000 -451.353434 -145.454514 474.211913 -2.829838 -473.815492 0
