0.000000 0.000000
0.000000 0.000000
0.000000 0.000000
0.000000 0.000000
0.000000 0.000000
0.000000 0.000000
0.000000 0.000000
0.000000 0.000000
0.000000 0.000000
0.000000 0.000000
0.000000 0.000000
0.000000 0.000000
0.000000 0.000000
0.000000 0.000000
0.000000 0.000000
0.000000 0.000000
0.000000 0.000000
0.000000 0.000000
0.000000 0.000000
0.000000 0.000000
0.000000 0.000000
0.000000 0.000000
0.000000 0.000000
0.000000 0.000000
0.000000 0.000000
0.000000 0.000000
0.000000 0.000000
0.000000 0.000000
0.000000 0.000000
0.000000 0.000000
0.000000 0.000000
0.000000 0.000000
0.000000 0.000000
0.000000 0.000000
0.000000 0.000000
0.000000 0.000000
0.000000 0.000000
0.000000 0.000000
0.000000 0.000000
0.000000 0.000000
0.000000 0.000000
0.000000 0.000000
0.000000 0.000000
0.000000 0.000000
0.000000 0.000000
0.000000 0.000000
0.000000 0.000000
0.000000 0.000000
0.000000 0.000000
0.000000 0.000000
0.000000 0.000000
0.000000 0.000000
0.000000 0.000000
0.000000 0.000000
0.000000 0.000000
0.000000 0.000000
0.000000 0.000000
0.000000 0.000000
0.000000 0.000000
0.000000 0.000000
0.000000 0.000000
0.000000 0.000000
0.000000 0.000000
12.437188 -12.437188
0.000000 0.000000
12.437188 12.437188
24.874376 24.874376
37.311564 12.437188
24.874376 0.000000
37.311564 12.437188
24.874376 24.874376
12.437188 37.311564
-0.000000 49.748752
12.437188 37.311564
-0.000000 49.748752
-12.437188 37.311564
-26.012969 50.887345
-36.176076 61.050452
-50.884240 73.481430
-39.112056 86.577412
-57.433498 82.301664
-70.576103 71.535701
-42.765834 24.773586
-84.892011 13.470343
-96.180953 40.307453
-113.073135 76.227403
-112.774816 80.756016
-119.373312 2.591820
-134.651164 -1.422764
-165.377615 -31.529111
-370.780744 161.517464
-164.830671 -113.841165
-464.189389 -229.417583
-298.670809 -525.148689
-529.104287 -231.947363
-79.159217 -15.368703
135.200636 -257.695278
20.438446 337.944068
941.582157 -272.092331
731.612053 -309.363767
269.205656 -756.794698
56.599150 -1361.788330
54.591572 -293.260148
-960.380181 39.667147
270.084999 770.150827
550.945849 -181.147393
822.161731 -2626.906691
-693.190156 -489.183962
1584.208992 -1869.534522
-542.726254 493.835668
204.954107 733.920769
608.033285 1831.869065
5565.655987 517.630021
1499.610937 -2706.031433
2682.953227 -2577.950807
1556.264603 -823.287105
1182.735892 -9.991658
-1691.821026 2696.679252
1439.675127 317.206087
194.690871 2827.212229
1763.866733 185.000541
393.329235 1438.422847
1396.915114 -1146.700488
-3687.568873 1189.077447
-3168.608087 2194.492105
-4575.599513 5510.425209
-3781.692163 3461.250547
-3293.171747 802.562375
-1116.181580 -3787.931020
-2233.038406 -2815.947266
-3864.729560 -2420.166228
-5553.659088 -95.887126
-4943.638744 -2465.584972
-3788.684788 1260.976302
-1049.267420 -3885.429816
-134.286312 -1792.951790
62.624731 -6449.561181
2447.801556 -4958.985788
1386.453681 -992.933269
2464.778254 45.959738
2443.754191 3585.323917
3074.897357 1637.497593
5012.687231 2071.569401
13103.794646 345.049810
5912.049037 -3742.181607
5396.805827 -887.582597
3405.164345 1167.704305
2295.525241 3876.554231
249.499411 4262.262845
2307.246340 613.854746
921.619342 380.990136
1852.767833 -1359.589347
282.502879 2157.956717
1474.618229 239.346623
-3061.235387 2783.984647
-3940.254225 2234.416359
-4231.563246 4856.595324
-3992.362501 2319.298047
-4360.677050 -689.872448
-3727.476937 -4250.909129
-4358.869709 -1810.575135
-5665.211739 -660.309221
-7019.010461 431.485087
-6853.010786 -2076.996562
-4009.098944 1226.084162
-1664.010794 -3099.655642
-1476.367843 -998.867277
-2040.408244 -5357.952062
936.782898 -3039.576410
-375.836428 54.827326
1271.574087 1175.110105
1950.855149 3837.636483
2736.130902 -402.786272
3505.505570 1179.542652
11442.274969 -1515.123217
3963.017652 -2150.940642
2745.443220 301.425964
1819.050578 3260.495800
3627.441943 5482.120175
1543.824797 4501.189709
3786.903409 658.976885
2697.512871 -101.726881
1454.704964 -550.947760
-438.711971 4256.140399
402.568109 2002.047407
-4075.535279 3934.299289
-4084.647504 1095.841334
-3473.038468 2586.921676
-2914.732424 -345.578844
-3657.122654 -1419.795990
-3357.283211 -3414.289429
-3232.824746 -742.699924
-3976.389623 -371.401353
-4635.364291 -340.363529
-4139.546089 -4040.019295
-2115.338993 -238.637113
-285.986442 -3351.859078
163.752266 -317.386846
-161.149281 -3965.660309
2472.621356 -2849.839152
1040.086304 391.718852
3101.228953 653.766367
3044.241868 4032.746496
4081.591221 -183.959435
3883.595409 1743.286947
11442.522409 -1020.631769
3263.742967 -2039.490959
2329.858831 -243.636811
756.321728 2162.203156
2530.536917 4149.376705
-192.371136 3600.848082
2812.981775 -399.356687
1152.299469 -617.126017
700.707805 -1467.732405
-834.846601 3964.801125
539.671128 1330.146818
-4217.149738 3347.925498
-3550.641904 302.951722
-3162.093969 2250.412791
-2670.767940 -504.619594
-3768.515924 -1489.325434
-3764.941227 -3709.249733
-3609.021468 -631.598794
-4047.712498 -460.153744
-4641.338278 84.925034
-4309.785285 -4094.129329
-2161.958822 480.960732
-172.671571 -3162.809933
-40.041691 632.562543
-272.688732 -3752.864496
1869.020562 -2582.468626
632.288154 -27.417114
2396.414479 377.842183
2600.052119 3245.500933
2935.406932 -805.235160
3313.335109 955.808609
10661.342116 -1131.954896
3505.993889 -2579.590649
2020.096255 -266.160453
1255.509367 1983.859965
3039.875439 4477.156703
873.017330 3921.732154
3210.058544 -82.729700
2043.761301 -217.521177
907.948860 -952.144974
-772.812573 4177.308753
393.282767 1642.445305
-4565.929219 3266.483879
-3958.210167 515.369169
-2756.378789 1563.444593
-2824.809166 -245.677414
-3063.330002 -655.531726
-1612.692262 -2237.535974
-1093.334939 -286.379613
-1976.189615 -164.327351
-2760.100274 1332.120902
-2016.501116 -2616.774834
-2103.004819 1797.900285
-1005.557313 -598.065817
-233.487234 2763.230754
-926.593207 -384.962693
-1496.388256 504.840802
-635.444554 2504.207642
-1323.515186 3864.873242
-1828.345824 5566.260610
-2684.464553 4317.313505
-130.490240 3337.783132
2753.247317 2248.952919
-179.853535 -117.941639
-1372.947585 -684.623149
-2237.057171 -901.383599
-4613.396324 74.111242
-3219.441247 161.150067
-2543.497856 -426.451470
-2971.445849 -1858.208733
89.337400 -1778.409778
2413.635156 -827.779038
2580.199180 162.848402
2687.528634 2026.938822
2260.537161 2134.173835
2829.850598 3104.831738
3148.715317 2325.984375
3003.391882 1301.154430
2657.663351 -30.468889
2302.002344 -338.430458
1796.332621 346.745929
1324.370525 54.195961
729.121818 934.559302
381.721232 278.096796
106.151317 141.465681
1303.116589 -51.307675
917.004756 -540.132386
785.166832 204.449002
1220.765822 93.509418
357.273988 895.829696
232.450535 567.804835
242.887264 358.204400
-239.864659 124.058129
-356.124370 -756.934388
-353.548535 -213.262171
-602.139489 -855.563683
-623.221483 -103.289899
-599.149299 -311.962581
-725.935340 -376.403976
-499.340609 -223.503669
-418.991096 -430.613438
-356.409579 -299.969615
-307.834948 -165.625326
-240.520986 -54.172510
-117.550302 140.155600
-54.861647 28.904053
-75.560997 85.178745
-29.984853 -90.461571
-135.796356 -131.534794
-68.881978 -87.579430
-134.533253 -172.403467
-195.643142 -76.466602
-159.067232 -98.913832
-146.118936 -53.322556
-14.143738 -9.942714
106.899054 -73.163696
119.846067 -50.373445
214.207086 -58.239346
146.643817 37.963109
119.253807 56.984051
98.992057 57.201179
78.699741 33.375399
79.234140 -17.484470
82.943331 -56.979805
66.414691 -46.795961
110.904596 -78.501962
43.087957 8.722855
100.532836 0.537896
350.671889 -242.265609
274.520219 -235.718125
451.842735 143.190599
859.100812 796.519390
1550.715641 788.762661
1559.040102 408.651312
1719.817213 475.804311
1134.951447 1478.063871
1262.121669 1710.398527
100.874146 1590.105140
-566.095161 1073.936811
-789.991457 1117.052229
-2217.443156 2875.399702
-2391.672457 2921.910579
-1849.849431 1842.277327
-3595.454452 1756.860818
-3216.910352 1252.030922
-3279.672818 3122.023878
-3898.532294 489.286750
-5666.974147 585.711955
-2673.251888 525.248602
-3056.891886 -243.797188
-2507.247129 -276.836085
-3606.825116 -3376.714766
-383.120480 -5649.656778
-3960.588866 -1422.468396
-56.277836 -1660.582460
594.938056 2413.126508
2371.420928 -1476.210064
2213.032728 1214.008802
11766.204461 -1493.837201
3973.121962 -1752.586264
3381.795464 827.950290
3482.820808 4141.380890
5259.718583 5685.447673
2227.601288 5428.258734
5246.905327 321.441589
3534.226290 520.914224
1397.500756 -1046.782696
-50.277492 5036.127770
1233.873741 1727.616809
-3547.020220 3943.237466
-2885.982001 -2.272953
-1996.900475 1615.300731
-2111.116180 -1237.069324
-3445.212386 -1552.551772
-3497.378318 -3366.697332
-3380.497778 307.020930
-3593.122718 169.501928
-3960.362263 -105.991201
-3607.514832 -4515.222240
-1280.510169 -50.932065
136.144447 -2958.722727
-257.250397 599.336263
-320.041944 -3087.316666
2105.188301 -2724.970249
204.254752 99.716550
2757.811516 -213.980760
2547.102642 2997.607550
2669.755707 -1584.064659
2576.517266 1218.323892
10547.845269 -1173.405759
2376.774310 -2327.070968
1153.921420 -55.621500
1004.395385 2121.387059
3288.602600 4491.380708
522.090703 3565.656847
3311.504014 -669.301900
2118.848927 -586.699117
256.107385 -1050.868243
-820.571512 4617.234076
512.606375 1688.030317
-4253.468441 3013.802559
-3538.182898 -142.866142
-2639.404870 1499.675560
-2911.692385 -672.069389
-3970.966106 -1316.567348
-4311.378772 -2779.195748
-3413.245726 299.856204
-3765.020398 466.096500
-4289.799539 -206.480385
-4263.902753 -4204.626445
-1601.384804 197.572638
-671.683353 -2474.571017
-553.166842 991.837092
-934.048513 -3141.492433
1860.477074 -2975.816894
-99.589937 -170.582555
2602.705767 -42.975207
2397.335282 3455.852566
2758.057213 -1416.217401
2463.034201 1491.360881
10862.958980 -1383.813562
2647.042264 -1975.291262
1342.324447 -21.708643
1087.742785 2585.286953
3840.372375 4948.918231
1096.901540 3684.536318
3605.534867 -707.164275
2241.766939 -723.602627
118.840597 -1055.079773
-920.261446 5260.288818
537.402221 1894.131549
-3965.238694 3537.918384
-3280.791157 -546.315911
-2396.036831 1339.699767
-2551.262580 -942.586400
-3847.578948 -1458.593192
-4408.774811 -2588.149445
-3450.903057 328.156107
-3609.559196 551.054794
-3925.347501 -542.144855
-4016.980657 -4958.447389
-1279.498268 -253.847832
-371.139876 -2804.064122
-577.337067 1190.849835
-778.220503 -3063.745893
2054.796342 -3046.426186
207.243190 -261.558742
2873.491284 -343.312192
2823.688886 3249.320212
2823.399798 -1530.271046
2644.943303 1615.800647
11274.350504 -1269.128476
2894.857440 -2085.436860
1316.449230 -535.079548
1289.799197 2016.599705
3787.288416 4405.063548
937.820143 3472.620811
3681.144949 -792.903599
2237.985544 -1096.950332
309.265630 -1206.731986
-579.353734 5064.398914
949.457421 1923.475611
-3720.022840 3560.220220
-3049.784405 -663.012365
-2312.297951 1519.431967
-2520.512742 -815.299738
-4124.398468 -1283.353704
-4703.753772 -2611.444806
-3928.400950 219.884484
-3798.464261 753.595991
-4288.651555 -707.646343
-4554.763405 -5080.938943
-1847.298934 -427.950632
-793.162197 -2883.070569
-995.719332 1417.152490
-1019.070696 -3257.235296
1648.871443 -3305.297423
17.650985 -788.559869
2711.628164 -753.051822
2709.401998 2923.559230
2354.415923 -1659.633503
2425.916358 1594.541854
11384.935372 -1036.362648
3196.840274 -2431.286838
1573.860514 -752.827270
1578.445631 1547.962379
3844.307726 4647.078300
1345.926397 3985.254185
3941.248133 -459.047041
2618.799507 -989.403993
783.221343 -1551.484131
-268.560556 4860.403060
1217.664959 1807.795479
-3652.874031 3443.684449
-3040.601838 -323.580040
-2124.150617 1492.216205
-2248.931215 -668.055723
-4071.288524 -1788.050494
-4807.283974 -2895.568982
-3838.428992 208.058660
-3900.238525 974.713429
-4504.098086 -218.749430
-4491.973073 -4985.460359
-1824.666006 -392.599040
-682.391192 -3004.431916
-913.220323 1264.001593
-1248.976201 -3242.820971
1286.984158 -3370.214392
-314.234606 -410.390872
2698.159169 -821.983247
2433.055711 2784.911423
2146.494281 -2063.375651
2194.003054 1234.389694
11305.784048 -1012.765282
2687.521594 -2310.415072
1450.765211 -495.809151
1421.940903 1610.296745
3727.462154 4651.648158
1309.110493 4105.559897
4143.913274 -489.366252
2508.000884 -948.347716
714.396204 -1657.102244
-197.277891 4776.404973
1027.301350 1665.738680
-3980.698112 3305.115580
-3187.453349 -531.826745
-1954.623596 1222.455440
-2299.909990 -862.796578
-3665.639934 -1923.404476
-4454.395044 -3124.942734
-3599.052661 117.273985
-3601.211123 813.017339
-4041.250809 -169.808143
-4348.291977 -5024.197093
-1644.874995 -342.258277
-412.269100 -3080.163364
-545.882275 1142.427267
-917.474453 -3499.137775
1368.181561 -3462.981887
-245.855945 -435.651447
2849.714004 -710.493086
2541.173032 2595.679854
2143.249933 -2323.442589
2486.824113 1034.659407
11285.390132 -1433.304174
2720.938143 -2462.000399
1535.302846 -749.895184
1667.900196 1664.512408
3802.072574 4268.401048
1428.090903 3739.983499
4176.834726 -842.117304
2578.088608 -1008.187866
858.644760 -1304.243840
166.427134 4784.569176
1142.474488 1871.919752
-3722.600175 3083.736691
-3038.477699 -591.164257
-2170.548026 1228.471696
-2873.034166 -611.659818
-4026.191221 -1438.308679
-4787.854616 -2972.880440
-3910.352864 77.964976
-3859.689705 495.067045
-4471.044871 -507.041073
-4837.901243 -4897.087997
-2058.361450 -362.198666
-867.592713 -2873.499559
-909.426181 1035.612689
-1013.880058 -3478.120658
1466.454520 -3770.425974
-215.587957 -827.035411
2801.882009 -1051.666081
2481.296730 2544.100484
1908.347486 -2094.651828
2323.834555 1353.571277
11227.217344 -1167.875926
2998.009072 -2143.666208
1967.720871 -357.322621
2220.017663 1747.059795
3911.825918 4515.741274
1631.500909 3982.142417
4109.297695 -164.467281
2477.430543 -425.481553
482.571718 -1121.198288
11.136188 4701.401538
879.555163 1508.628801
-3917.493094 3133.763230
-3234.676065 -430.468019
-2581.322580 1355.292548
-3076.648851 -241.169301
-4044.071262 -1384.585594
-4819.560198 -2639.687964
-4000.474213 -71.555073
-3955.261993 520.238541
-4513.181795 -233.090933
-4745.119608 -4423.616354
-1863.344090 106.551890
-981.355136 -2715.447204
-747.838332 994.645964
-913.732716 -3198.843306
1408.966787 -3668.860603
-485.929628 -396.014998
2584.686544 -805.234958
2104.251264 3047.491030
2149.931278 -1782.106882
2145.844934 1579.726212
11010.264700 -1355.563150
2733.709410 -1986.538372
1657.756366 -20.844966
1934.579699 2252.834961
3763.905238 4918.936870
1449.422200 3658.725248
4045.905533 -188.077761
2596.382998 -702.626850
332.090913 -1211.416421
-158.281107 4527.892113
839.739196 899.896148
-3768.363198 3290.138498
-2948.421699 -401.084741
-1653.497547 1904.759257
-1507.115566 -383.906154
-2638.001411 -1081.567167
-2504.252689 -1696.318889
-1752.555674 1013.470090
-2574.403369 1797.006841
-3679.621741 1550.709681
-3064.313142 -3184.259544
-1821.409386 1586.606908
-1865.770516 -1508.537118
-1905.433110 3052.622098
-2090.089711 -467.490783
-1501.066664 -262.939030
-1045.535462 1764.331454
-636.035592 929.811328
-1329.906194 3981.066012
-1915.951268 622.457374
-107.858964 2141.277226
4735.719841 678.254585
-14.170932 -618.964570
-784.327473 -545.226645
-664.726724 -1122.391918
-1776.631467 1519.981101
-645.347215 1128.419667
175.448059 1006.880697
-631.411498 7.743564
1752.647833 -632.578441
3331.355657 895.107199
2676.407325 -644.643807
1128.256705 2184.627927
425.113179 1035.737545
415.232649 2737.875047
1644.345119 1189.370427
1421.608778 375.060596
1440.660025 -1383.074991
1319.526705 -949.948111
1145.767106 -271.476612
157.571697 218.340045
234.429054 555.031336
-345.636630 801.581366
-371.806746 -168.228684
476.198972 207.873826
624.754552 -684.195236
608.103876 337.566794
1069.793948 453.789052
156.279462 992.834190
99.180486 722.802678
-51.741827 288.473355
-406.575413 -155.765205
-406.907103 -772.288429
-758.582731 -669.738795
-889.235147 -726.205553
-587.024556 -393.714500
-428.752685 -99.292425
-307.105765 -417.887989
-69.563421 -61.737833
109.726059 -345.611199
230.206938 5.283302
261.599602 24.417784
213.302067 99.142173
110.119564 216.800210
49.924430 153.048634
51.219046 224.743306
55.577732 -3.241460
-34.169481 -36.691229
75.070377 -119.543893
-45.513332 -94.897988
-76.025561 -28.982929
-134.736976 -34.264616
-158.422820 -7.764468
-93.001640 -16.167218
10.350578 -114.637660
28.105927 -162.788831
65.919021 -232.591109
70.444231 -113.793015
14.292645 -57.463383
25.880406 8.833138
29.421392 6.204044
59.365559 -52.759753
111.585825 -57.004917
164.970667 -39.264375
40.899394 6.600708
47.161462 124.742088
60.802474 -37.929576
-3.817065 -213.045503
-257.822411 -214.460055
-315.427064 139.043848
305.121665 -253.721033
58.769995 -272.296345
476.449533 -296.132663
566.359044 805.641796
1402.551527 852.030245
811.080911 166.907175
1244.998205 -685.739389
-93.115488 -222.678630
347.443288 572.606532
-1519.367368 2084.083342
-554.801470 1141.394462
-359.621842 -226.991842
-1211.263596 -659.226316
-1927.148541 222.029297
-1548.123660 1407.231550
-2516.776933 1111.123581
-2065.266030 269.561914
7.549179 817.393713
-556.355330 -555.685470
-1175.599215 -263.024065
-684.590339 -2151.544865
1085.620012 -4211.263126
-2555.140009 -900.798083
-291.672291 -1025.038457
320.493093 -267.522867
35.603100 -1598.200740
241.380231 -1172.706071
7775.339425 -141.540591
1836.352138 -2589.009476
313.196329 660.166855
3338.856284 2742.057998
4528.131708 3889.971448
1664.584112 4122.623024
3995.589387 -1015.379795
2221.190026 -435.088756
-9.252093 -1334.934693
-1224.009844 3573.047782
590.489891 1939.654297
-3592.808040 1994.875500
-2362.817680 -567.350534
-1185.100113 -574.550835
-1934.762014 -1209.770274
-3739.080491 -1405.174615
-4027.857683 -1982.395189
-3528.538699 1674.983653
-1985.958001 1129.395919
-2761.698870 287.145982
-1872.511233 -5298.946187
-161.121397 -1544.196829
339.487288 -3068.393492
-802.421506 547.800324
-309.517981 -1380.560433
1130.015130 -3245.265044
18.301175 -779.323763
3320.293929 -1584.537043
3561.898748 68.110132
1631.555677 -1489.659095
1512.776850 773.169970
9390.714547 1794.376203
2622.526127 -842.267037
911.331006 644.754628
2956.928909 1587.763273
3678.204044 3153.490272
816.425163 3726.517947
3569.145715 -402.130645
1030.041265 -441.915097
-797.223265 -1154.150271
-1945.281146 3039.257764
-437.720068 1348.564550
-4919.486449 1628.698183
-3507.227410 -512.042174
-2449.617136 -42.869856
-2806.887081 -854.909613
-4443.729642 -1262.113290
-4628.147876 -2391.440100
-4260.828432 1552.154792
-2464.688736 984.533952
-3329.572593 466.446369
-2494.512911 -5063.837677
-525.060087 -1396.025279
116.334225 -3297.199727
-1041.735702 328.481510
-355.608943 -1835.019475
1209.713179 -3162.257987
-30.870165 -694.128927
3433.653628 -837.636482
3924.958560 437.680374
2155.139596 -1148.213686
2107.581729 1025.763443
10074.411855 1981.877771
3086.046167 -352.472879
1281.169409 1038.993459
3210.940043 1914.649573
3990.936703 3379.748667
844.323347 3653.416703
3554.106061 -352.681895
962.667243 -558.120223
-898.673097 -939.373773
-1707.537409 3327.873693
-229.583355 1422.855957
-4704.654533 1715.000421
-3423.242490 -680.160458
-2415.099837 159.009299
-2812.147889 -614.650321
-4520.358127 -960.393971
-4726.332423 -2259.309537
-4228.633494 1409.518970
-2518.727467 928.015537
-3368.363193 331.868757
-2740.617845 -5039.012911
-684.456531 -1281.513309
-32.445049 -3244.065967
-1085.080253 491.168569
-346.954205 -2019.339089
1158.805125 -3233.449669
-1.731113 -843.124939
3505.527207 -791.433495
4026.769143 553.161955
2129.534778 -1300.345308
2114.827179 1112.180835
10183.393987 1756.266855
3177.669797 -239.300639
1353.581226 956.695340
3348.989190 1868.415470
4107.861858 3472.868112
970.055116 3625.435628
3748.798565 -138.069807
1129.629379 -626.979797
-930.567019 -881.195863
-1493.546527 3445.736559
-165.561064 1481.283124
-4612.029410 1846.203684
-3413.246766 -803.036882
-2401.487718 166.109896
-2832.499786 -609.100444
-4622.527435 -925.127269
-4874.682198 -2178.326700
-4300.053705 1339.108027
-2608.826624 1058.165560
-3356.500653 202.093145
-2888.753389 -4991.722005
-829.104633 -1357.964685
-151.828450 -3190.329346
-1182.845205 668.686461
-401.646110 -1942.598020
1139.797395 -3216.761031
-76.597336 -1049.106500
3421.819194 -914.703570
4010.071993 569.385479
1929.861914 -1333.459388
1935.294785 1282.486045
10156.043435 1672.197891
3217.320676 -247.724928
1365.994958 714.681964
3335.508069 1756.158751
4084.641669 3554.273213
1046.547305 3693.149781
3831.881319 48.562309
1312.087898 -751.223564
-842.000083 -951.400491
-1293.600675 3281.058241
-137.738751 1384.160659
-4463.805967 1926.367089
-3322.047876 -814.202198
-2277.294771 165.033771
-2768.656874 -641.000512
-4426.251445 -1075.119051
-4817.461856 -2220.445272
-4300.277970 1221.493052
-2598.184232 1235.416510
-3263.836848 246.675366
-2969.943131 -4935.196389
-690.779898 -1448.503810
-24.853200 -3304.063806
-1211.494224 617.102098
-354.785453 -1999.905321
1164.481585 -3309.185741
-154.373205 -1068.194253
3474.877396 -1023.831334
4102.861568 543.686294
1919.103379 -1575.472011
1897.300532 1273.528350
10268.876764 1533.489578
3207.281921 -281.631041
1260.666886 706.987136
3232.897134 1831.181542
4069.769281 3693.465369
1029.982906 3842.976744
3883.415310 91.208642
1404.457528 -731.547504
-823.618923 -991.822095
-1324.115750 3322.787176
-226.640490 1436.568150
-4578.182061 1958.893135
-3474.121449 -852.806839
-2444.405791 21.793339
-2909.001027 -751.561021
-4532.667543 -1213.671861
-5026.665632 -2273.849084
-4403.394408 1289.472534
-2635.375037 1405.953727
-3292.961744 372.851970
-2998.226749 -4878.194721
-609.694432 -1409.242088
-7.644401 -3289.451119
-1297.622712 748.580656
-413.574915 -1915.483409
1165.389446 -3292.240852
-299.058002 -1109.006738
3414.072220 -1119.282654
4158.315916 463.687684
1768.932038 -1747.838046
1772.045053 1245.957979
10376.171760 1472.382264
3195.785522 -214.332938
1280.915291 690.153459
3374.244620 1850.881982
4222.876621 3712.961703
1172.072929 3842.627161
4074.927997 101.356029
1464.327090 -810.323346
-796.783104 -942.425806
-1242.472383 3386.499327
-152.246907 1444.667157
-4444.407817 1938.054987
-3373.288369 -1012.235411
-2339.864969 -45.365585
-2798.173513 -784.577421
-4449.219030 -1172.472070
-5039.508310 -2313.670538
-4381.223013 1298.461011
-2580.705641 1432.931667
-3250.466250 286.406992
-3044.604346 -4909.746848
-567.181897 -1467.408551
31.232397 -3174.681353
-1317.623036 860.884664
-411.392025 -1889.959221
1177.779130 -3381.295656
-427.374510 -1244.249318
3328.825670 -1109.000262
4098.636224 428.094538
1501.570543 -1718.901977
1669.676701 1166.962213
10392.321962 1310.108958
3092.390125 -390.502009
1068.244915 546.990715
3298.885552 1927.310040
4184.994309 3685.210717
1174.377174 3897.719384
4200.745210 -14.058302
1581.643462 -996.025452
-748.363237 -1115.149615
-1227.772028 3207.833402
-113.358386 1470.290858
-4387.959428 1932.637060
-3343.105543 -1045.636925
-2219.036852 -173.320606
-2626.752079 -891.867771
-4211.524373 -1213.862041
-4852.116360 -2402.459028
-4259.992381 1276.967863
-2496.998483 1507.568171
-3147.439656 325.620356
-2938.348229 -4870.807109
-461.284212 -1596.222764
13.744528 -3160.964092
-1212.944603 850.306057
-350.865498 -1870.865488
1171.859884 -3431.963954
-527.445214 -1317.755722
3292.163351 -1050.836787
4018.554211 385.082175
1312.394487 -1754.616105
1514.232807 1066.812003
10294.063284 1176.339866
2939.750808 -387.866716
884.514183 444.712747
3160.687148 1963.220316
4094.260213 3620.343607
1130.419823 3894.513395
4273.914023 -94.390099
2030.678415 -1701.765593
-958.564278 -1153.615794
-751.010987 3530.408591
585.835454 2421.873318
-3048.373680 2023.927076
-2749.376157 -1418.758949
-772.351082 111.634240
-1557.473937 -82.040103
-3473.921795 638.472441
-4236.474293 -482.728841
-2922.742207 2649.719015
-1842.958975 3069.200345
-3534.174095 1498.740977
-3535.385751 -2711.599697
-2321.003094 793.069042
-2161.484119 4.728263
-2761.939020 4115.737690
-2392.651717 699.595041
-2655.068212 -593.403526
-2157.864987 -942.885815
-1196.593299 -105.305465
-735.268448 1571.917496
-3998.224843 485.124895
-1573.246789 1634.286493
3883.879478 1011.372192
653.168868 802.119560
-122.084506 -432.206478
1341.418537 -301.427841
-313.733379 1579.599353
1035.308763 2513.311751
2504.994317 2527.386619
569.133906 -181.790714
1414.375626 -53.315946
3525.473283 -539.701349
1903.576813 -339.126231
718.272896 1086.637368
-112.296947 1104.004787
662.748032 1751.158176
1795.145086 1210.313060
2252.573702 433.008022
1590.015719 -951.429549
1505.468905 -482.392255
1288.970151 721.555647
606.728720 443.118300
178.298025 978.128607
-351.012240 420.152676
-518.740636 -191.763478
395.438776 -127.962416
528.946952 -780.882110
338.398306 -437.779424
605.103814 -185.717206
-266.862508 161.711894
-293.687204 386.755056
-395.271686 -165.605798
-562.417205 -46.219911
-234.500908 -780.370572
-332.881767 -295.901765
-245.785067 -484.506623
16.757827 -43.967971
58.634693 69.711955
-38.025832 13.246166
24.951023 72.531621
-90.006780 -265.018164
-58.265654 -276.352248
-89.638716 -357.103210
-90.641511 -190.870527
-260.548418 -134.516990
-165.823896 107.998414
-9.822772 21.242852
67.617696 42.604888
162.486366 -58.806672
116.211176 -94.378894
5.969884 35.476090
-5.039487 22.135665
-99.569140 180.372390
-106.068679 21.895609
-147.884363 -8.201087
-140.115663 -143.625083
-72.946724 -221.162178
-28.016905 -97.336759
-75.992300 -109.034450
-72.456380 -15.191886
-19.090503 -21.380419
-48.622263 -81.687817
27.734075 -28.546467
42.015870 -122.253102
1.990314 -21.856420
41.736895 -45.927307
56.219195 80.289001
79.132841 82.944093
-166.057644 285.994714
-192.456023 200.389137
