0 0.000000 30.832005 105.692892 110.098138 1.286959 101.764649 1
1 1500.000000 -48.343245 -13.352676 50.153398 -2.872106 -40.646243 0
2 3000.000000 -42.994607 7.354330 43.619060 2.972180 -21.141415 0
3 4500.000000 51.183125 -87.693113 101.537158 -1.042477 -36.439244 0
4 6000.000000 -31.827224 -70.676192 77.511911 -1.993920 -75.058148 0
5 7500.000000 -29.592673 76.607759 82.124753 1.939427 41.286479 1
6 9000.000000 19.371910 -29.192295 35.035139 -0.984922 -10.671377 0
7 10500.000000 -66.258958 -120.161879 137.219265 -2.074725 -135.206589 0
8 12000.000000 81.220838 -81.024974 114.725197 -0.784191 -12.454924 0
9 13500.000000 132.169705 -64.585626 147.105859 -0.454532 32.229395 1
10 15000.000000 15.155666 -75.440473 76.947769 -1.372540 -49.401778 0
11 16500.000000 71.029384 1.175730 71.039114 0.016551 45.326592 1
12 18000.000000 82.425628 -66.439790 105.868928 -0.678424 -0.318679 0
13 19500.000000 31.752476 -51.048460 60.117925 -1.014353 -19.988410 0
14 21000.000000 39.738414 -38.376493 55.243975 -0.767965 -5.105623 0
15 22500.000000 31.975659 3.344141 32.150055 0.104205 22.601753 1
16 24000.000000 -24.688127 109.011814 111.772444 1.793511 69.642596 1
17 25500.000000 4.968645 3.742293 6.220305 0.645534 6.027164 1
18 27000.000000 -4.014454 -5.578266 6.872619 -2.194595 -6.863467 0
19 28500.000000 -22.444422 -1.188846 22.475886 -3.088674 -14.960536 0
20 30000.000000 39.558316 -37.932433 54.806294 -0.764420 -4.871658 0
21 31500.000000 17.234860 -13.358356 21.805644 -0.659359 0.350071 1
22 33000.000000 2.827068 -16.274650 16.518370 -1.398803 -10.933987 0
23 34500.000000 11.223134 4.125227 11.957267 0.352236 10.236456 1
24 36000.000000 25.192422 -20.587496 32.534645 -0.685147 -0.316674 0
25 37500.000000 25.510103 8.663325 26.941020 0.327383 22.710707 1
26 39000.000000 -0.421833 -13.112854 13.119637 -1.602955 -10.497646 0
27 40500.000000 6.822926 -61.286681 61.665303 -1.459925 -43.565269 0
28 42000.000000 4.280165 -16.896154 17.429855 -1.322694 -10.510534 0
29 43500.000000 20.552651 -30.604609 36.865344 -0.979418 -11.035392 0
30 45000.000000 -99.698069 -142.990854 174.316061 -2.179663 -173.930232 0
0 0.000000 -14.930440 -3.713174 15.385242 -2.897840 -14.443841 0
1 1500.000000 -483.147022 -256.493769 547.010145 -2.653546 -452.721323 0
2 3000.000000 -59.984194 -56.900414 82.678659 -2.382571 -53.508951 0
3 4500.000000 -13.429523 -16.567282 21.326671 -2.251970 -11.567634 0
4 6000.000000 20.951301 -32.838344 38.952713 -1.002894 24.365242 1
5 7500.000000 15.704207 -16.784543 22.985713 -0.818639 17.420122 1
6 9000.000000 38.147804 -19.759515 42.961534 -0.477922 40.053563 1
7 10500.000000 4.899668 -31.901971 32.276036 -1.418402 8.306103 1
8 12000.000000 10.051969 -1.981079 10.245329 -0.194590 10.206838 1
9 13500.000000 25.381750 -4.036182 25.700661 -0.157699 25.668775 1
10 15000.000000 2.516148 -8.710653 9.066779 -1.289592 3.439406 1
11 16500.000000 0.554973 -9.107782 9.124674 -1.509938 1.532391 1
12 18000.000000 -3.218625 -11.313055 11.762005 -1.847978 -1.981825 0
13 19500.000000 -4.282716 -18.329378 18.823064 -1.800331 -2.284275 0
14 21000.000000 -6.513122 -19.372328 20.437903 -1.895131 -4.389419 0
15 22500.000000 1.549615 -18.088441 18.154697 -1.485336 3.488208 1
16 24000.000000 -9.904885 -12.136602 15.665371 -2.255288 -8.540543 0
17 25500.000000 -4.420676 -8.878086 9.917802 -2.032788 -3.439064 0
18 27000.000000 -1.915295 -4.512958 4.902565 -1.972158 -1.418245 0
19 28500.000000 -12.191051 -13.382163 18.102597 -2.309652 -10.679307 0
20 30000.000000 -2.342282 -14.745837 14.930706 -1.728324 -0.740965 0
21 31500.000000 -2.373805 -7.559566 7.923508 -1.875059 -1.546059 0
22 33000.000000 -1.057414 -7.321571 7.397536 -1.714229 -0.262946 0
23 34500.000000 -3.465917 -2.342291 4.183169 -2.547289 -3.193571 0
24 36000.000000 -2.514516 -6.246894 6.733979 -1.953475 -1.827288 0
25 37500.000000 3.133044 1.178652 3.347415 0.359822 2.987924 1
26 39000.000000 -3.056544 -9.223169 9.716445 -1.890804 -2.045706 0
27 40500.000000 -1.523815 -6.631221 6.804050 -1.796669 -0.800966 0
28 42000.000000 -1.945399 -4.477884 4.882215 -1.980641 -1.451951 0
29 43500.000000 -7.031672 -6.784756 9.771250 -2.374064 -6.260272 0
30 45000.000000 -1.249717 -3.859086 4.056394 -1.883977 -0.826940 0
0 0.000000 -3.938721 -14.626917 15.147945 -1.833836 -1.829279 0
1 1500.000000 -13.056207 -42.237739 44.209627 -1.870592 -6.947901 0
2 3000.000000 27.033857 -65.014485 70.411027 -1.176733 35.961811 1
3 4500.000000 107.793583 -128.561416 167.772150 -0.873040 124.901194 1
4 6000.000000 120.821331 -221.138336 251.991979 -1.070751 150.898105 1
5 7500.000000 155.406991 -275.097107 315.958465 -1.056573 192.771269 1
6 9000.000000 199.184175 -450.277171 492.365581 -1.154315 260.897094 1
7 10500.000000 3.733614 -433.619256 433.635329 -1.562186 65.056088 1
8 12000.000000 -79.345459 -301.332823 311.604191 -1.828267 -35.906406 0
9 13500.000000 -270.040945 -398.030899 480.989302 -2.166907 -210.999550 0
10 15000.000000 -194.503618 -554.874895 587.977726 -1.907949 -114.027852 0
11 16500.000000 50.438649 -622.670406 624.709926 -1.489969 138.043154 1
12 18000.000000 128.355785 -612.130392 625.442903 -1.364104 213.684749 1
13 19500.000000 220.747796 -526.263327 570.686147 -1.173625 292.996280 1
14 21000.000000 92.249411 -586.546494 593.756468 -1.414799 174.321410 1
15 22500.000000 -390.672449 -358.281031 530.085144 -2.399416 -336.042049 0
16 24000.000000 -340.202778 -37.222396 342.233016 -3.032614 -331.512198 0
17 25500.000000 -134.965900 -364.736996 388.907278 -1.925208 -81.995037 0
18 27000.000000 -420.511770 -709.101225 824.411728 -2.106068 -315.937686 0
19 28500.000000 -626.257104 -618.998122 880.543376 -2.362024 -532.362861 0
20 30000.000000 -127.266732 -795.652314 805.766359 -1.729405 -13.395926 0
21 31500.000000 87.764455 -676.085760 681.758428 -1.441706 182.551994 1
22 33000.000000 87.759639 -353.575631 364.304106 -1.327507 136.909872 1
23 34500.000000 -188.822009 -672.776117 698.771390 -1.844418 -91.719599 0
24 36000.000000 -174.406603 -702.556446 723.880669 -1.814123 -73.235134 0
25 37500.000000 -489.001003 -308.997805 578.447599 -2.578050 -440.355060 0
26 39000.000000 -341.970606 -654.847254 738.761681 -2.052057 -245.864162 0
27 40500.000000 24.718455 -550.517729 551.072384 -1.525926 102.371685 1
28 42000.000000 -19.643959 -1086.403363 1086.580946 -1.588876 134.287102 1
29 43500.000000 -54.106680 -752.197041 754.140518 -1.642604 52.878724 1
30 45000.000000 -158.197575 -735.988536 752.798511 -1.782521 -52.458347 0
0 0.000000 -413.325317 -392.866821 570.247452 -2.381566 -284.004572 0
1 1500.000000 -795.913322 -724.419998 1076.225975 -2.403185 -556.049939 0
2 3000.000000 -455.365112 -698.039064 833.436212 -2.148821 -237.196180 0
3 4500.000000 -76.355881 -486.217351 492.176323 -1.726565 65.591962 1
4 6000.000000 73.180650 -363.907638 371.192910 -1.372346 173.999997 1
5 7500.000000 64.092644 -801.538102 804.096509 -1.491004 290.194601 1
6 9000.000000 351.372023 -355.147444 499.591839 -0.790742 438.119795 1
7 10500.000000 -167.571371 -271.801271 319.305646 -2.123276 -83.026169 0
8 12000.000000 -297.012005 -282.336718 409.792818 -2.381520 -204.075810 0
9 13500.000000 -414.894248 -894.637134 986.160656 -2.005032 -142.297422 0
10 15000.000000 -335.537423 -713.852011 788.777571 -2.010188 -117.839512 0
11 16500.000000 183.569484 -720.519097 743.535826 -1.321330 381.578100 1
12 18000.000000 157.679115 -740.644264 757.242781 -1.361033 362.508582 1
13 19500.000000 196.262817 -675.859576 703.779269 -1.288179 380.997133 1
14 21000.000000 16.797243 -629.625232 629.849252 -1.544124 195.800601 1
15 22500.000000 -427.803782 -513.494639 668.350821 -2.265410 -263.452288 0
16 24000.000000 -430.442738 -303.325104 526.580544 -2.527732 -325.966198 0
17 25500.000000 -213.914647 -519.681428 561.985999 -1.961285 -56.694054 0
18 27000.000000 -404.980660 -772.243285 871.991414 -2.053789 -167.728751 0
19 28500.000000 -726.640118 -674.466810 991.418851 -2.393414 -503.915336 0
20 30000.000000 -129.918948 -827.588994 837.724582 -1.726510 111.688099 1
21 31500.000000 -95.744186 -591.639912 599.336912 -1.731234 77.098879 1
22 33000.000000 59.708727 -282.831973 289.065835 -1.362741 137.948541 1
23 34500.000000 -319.540930 -602.529862 682.018064 -2.058414 -134.280967 0
24 36000.000000 -254.588566 -726.054661 769.396328 -1.908047 -36.774935 0
25 37500.000000 -536.860410 -333.897083 632.223348 -2.585194 -419.231864 0
26 39000.000000 -356.954331 -719.789960 803.438847 -2.031170 -136.670831 0
27 40500.000000 -34.545850 -602.818885 603.807937 -1.628041 138.942285 1
28 42000.000000 -51.945376 -1086.977072 1088.217569 -1.618549 260.450614 1
29 43500.000000 -73.297632 -857.056300 860.184890 -1.656111 174.364559 1
30 45000.000000 -203.852013 -833.615036 858.178112 -1.810629 42.550166 1
0 0.000000 -394.376830 -648.433736 758.946239 -2.117223 -191.091681 0
1 1500.000000 -688.358451 -910.089857 1141.096360 -2.218357 -397.339571 0
2 3000.000000 -324.242894 -925.315065 980.480200 -1.907839 -44.245283 0
3 4500.000000 -180.643432 -646.176964 670.952098 -1.843394 12.951002 1
4 6000.000000 -16.558545 -586.716722 586.950337 -1.599011 152.983717 1
5 7500.000000 -142.077706 -924.787686 935.637931 -1.723237 130.062251 1
6 9000.000000 194.047355 -516.770008 552.001465 -1.211587 334.551796 1
7 10500.000000 -305.774991 -392.970519 497.919847 -2.232048 -179.753514 0
8 12000.000000 -302.938780 -391.541764 495.052379 -2.229298 -177.448438 0
9 13500.000000 -300.182680 -940.868596 987.594733 -1.879636 -16.726954 0
10 15000.000000 -287.537445 -809.166456 858.736360 -1.912229 -42.517083 0
11 16500.000000 67.297131 -770.178623 773.113197 -1.483639 286.087722 1
12 18000.000000 -54.449803 -748.088148 750.067102 -1.643453 163.133819 1
13 19500.000000 -11.097871 -644.613486 644.709011 -1.588011 174.874578 1
14 21000.000000 -41.636986 -543.649911 545.242023 -1.647235 116.572627 1
15 22500.000000 -443.628046 -441.048049 625.563126 -2.359111 -297.939695 0
16 24000.000000 -338.179277 -301.035470 452.755538 -2.414238 -237.243560 0
17 25500.000000 -77.892719 -558.888361 564.290240 -1.709275 86.235802 1
18 27000.000000 -249.830505 -802.922736 840.892503 -1.872452 -8.201989 0
19 28500.000000 -598.322032 -645.762178 880.339732 -2.318080 -387.178470 0
20 30000.000000 -113.384001 -801.329140 809.311017 -1.711358 122.014008 1
21 31500.000000 -28.736089 -611.451912 612.126787 -1.617758 148.439447 1
22 33000.000000 8.818348 -273.604603 273.746675 -1.538577 87.181604 1
23 34500.000000 -232.755681 -580.005303 624.965086 -1.952422 -55.999296 0
24 36000.000000 -266.772337 -666.883808 718.262830 -1.951327 -63.575618 0
25 37500.000000 -558.949279 -266.095645 619.056693 -2.697277 -458.729400 0
26 39000.000000 -306.714191 -630.236588 700.907806 -2.023719 -112.373983 0
27 40500.000000 0.284279 -477.063962 477.064047 -1.570200 137.558850 1
28 42000.000000 53.964990 -929.431155 930.996505 -1.512799 319.148288 1
29 43500.000000 -6.432088 -609.571193 609.605127 -1.581348 169.258730 1
30 45000.000000 -66.759224 -623.291979 626.856989 -1.677497 115.432017 1
0 0.000000 -316.107657 -454.041095 553.242593 -2.178974 -188.500353 0
1 1500.000000 -538.563300 -718.779547 898.161714 -2.213833 -335.264979 0
2 3000.000000 -162.974222 -724.472326 742.577099 -1.792069 29.118869 1
3 4500.000000 -72.431554 -491.631474 496.938463 -1.717073 56.636472 1
4 6000.000000 41.808644 -524.367536 526.031630 -1.491233 175.453968 1
5 7500.000000 -12.268707 -853.031602 853.119825 -1.585178 207.851611 1
6 9000.000000 322.188783 -332.998795 463.350633 -0.801896 397.085925 1
7 10500.000000 -231.786732 -152.017518 277.190215 -2.561115 -184.813255 0
8 12000.000000 -248.271517 -257.285657 357.539726 -2.338366 -173.629073 0
9 13500.000000 -233.016186 -830.237769 862.317399 -1.844419 -11.319154 0
10 15000.000000 -126.725751 -831.402503 841.005076 -1.722056 91.685289 1
11 16500.000000 208.146811 -754.002559 782.205186 -1.301449 395.324975 1
12 18000.000000 57.997102 -714.307504 716.658130 -1.489781 240.017112 1
13 19500.000000 117.052608 -538.361690 550.939763 -1.356705 251.763712 1
14 21000.000000 76.830646 -497.396576 503.295442 -1.417542 202.347786 1
15 22500.000000 -265.684989 -396.042274 476.904599 -2.161690 -154.716971 0
16 24000.000000 -167.355674 -297.400563 341.255061 -2.083359 -85.111158 0
17 25500.000000 -8.701512 -520.283918 520.356677 -1.587519 125.596127 1
18 27000.000000 -341.186183 -819.987887 888.137459 -1.965093 -118.479714 0
19 28500.000000 -730.782298 -666.467671 989.051021 -2.402191 -534.472397 0
20 30000.000000 -192.780803 -712.097265 737.730949 -1.835182 -2.869426 0
21 31500.000000 -178.489412 -495.035196 526.230287 -1.916847 -44.966592 0
22 33000.000000 -24.866529 -155.139960 157.120182 -1.729729 15.930179 1
23 34500.000000 -247.478865 -419.631469 487.171796 -2.103647 -131.049456 0
24 36000.000000 -210.040826 -549.358405 588.142674 -1.935985 -61.462079 0
25 37500.000000 -610.278414 -238.532806 655.238615 -2.768991 -528.252715 0
26 39000.000000 -324.313215 -614.412826 694.753325 -2.056469 -155.123811 0
27 40500.000000 24.584799 -467.092866 467.739412 -1.518211 144.059577 1
28 42000.000000 -6.271891 -924.969857 924.991120 -1.577577 232.174491 1
29 43500.000000 20.124494 -618.248581 618.576028 -1.538257 178.681344 1
30 45000.000000 -123.994787 -590.957857 603.826048 -1.777616 32.395311 1
0 0.000000 -335.452416 -425.704377 541.989428 -2.238173 -220.458623 0
1 1500.000000 -587.441396 -619.524370 853.755140 -2.329619 -417.043391 0
2 3000.000000 -142.648952 -640.371309 656.067174 -1.789977 19.215696 1
3 4500.000000 -62.854440 -438.256646 442.740972 -1.713244 46.854441 1
4 6000.000000 63.413300 -466.119393 470.413154 -1.435581 176.096498 1
5 7500.000000 30.839919 -827.612281 828.186687 -1.533550 233.423852 1
6 9000.000000 259.208703 -287.674038 387.227974 -0.837401 321.994485 1
7 10500.000000 -289.043168 -171.190091 335.934518 -2.606880 -238.066248 0
8 12000.000000 -288.070796 -234.399734 371.386616 -2.458561 -221.578867 0
9 13500.000000 -242.114575 -796.836095 832.806838 -1.865777 -38.716508 0
10 15000.000000 -247.307429 -766.235626 805.157127 -1.882998 -51.275322 0
11 16500.000000 48.108022 -665.375686 667.112573 -1.498620 210.263492 1
12 18000.000000 39.080284 -644.134769 645.319200 -1.510200 196.289323 1
13 19500.000000 167.627446 -487.257506 515.285200 -1.239457 282.308495 1
14 21000.000000 127.926287 -503.309583 519.312692 -1.321897 247.774228 1
15 22500.000000 -246.148033 -442.270435 506.154119 -2.078659 -129.822875 0
16 24000.000000 -178.455368 -410.745471 447.837203 -1.980658 -71.961936 0
17 25500.000000 -55.069324 -646.088918 648.431585 -1.655826 105.511746 1
18 27000.000000 -302.910905 -859.063394 910.903360 -1.909791 -82.342417 0
19 28500.000000 -606.173256 -730.010269 948.873547 -2.263779 -408.028658 0
20 30000.000000 -101.725470 -799.346314 805.793150 -1.697377 97.978392 1
21 31500.000000 -114.350251 -565.683992 577.125947 -1.770254 28.277782 1
22 33000.000000 -32.006422 -287.377446 289.154297 -1.681713 39.650014 1
23 34500.000000 -261.703010 -465.624770 534.130032 -2.082842 -139.156708 0
24 36000.000000 -250.545356 -601.893373 651.957520 -1.965243 -94.829780 0
25 37500.000000 -690.832355 -353.114195 775.847264 -2.669070 -582.776168 0
26 39000.000000 -383.006433 -718.710380 814.394584 -2.060422 -194.494510 0
27 40500.000000 -31.594410 -574.509222 575.377313 -1.625735 110.662435 1
28 42000.000000 21.942234 -958.200984 958.452183 -1.547901 256.914534 1
29 43500.000000 21.949696 -650.506945 650.877158 -1.537067 181.251918 1
30 45000.000000 -22.697380 -591.872979 592.308023 -1.609126 123.556418 1
0 0.000000 -294.164398 -447.836829 535.808285 -2.151976 -202.315767 0
1 1500.000000 -497.605999 -708.637676 865.897850 -2.182998 -351.665980 0
2 3000.000000 -175.379586 -673.160264 695.631181 -1.825662 -42.322582 0
3 4500.000000 -77.380229 -390.970835 398.554756 -1.766189 -0.560015 0
4 6000.000000 50.366839 -444.696722 447.539935 -1.458016 135.147865 1
5 7500.000000 62.976859 -884.166183 886.406184 -1.499689 232.239428 1
6 9000.000000 346.992473 -343.191717 488.041321 -0.779891 406.642301 1
7 10500.000000 -217.768648 -216.054602 306.761756 -2.360145 -172.034422 0
8 12000.000000 -227.585137 -235.148540 327.245826 -2.339851 -177.985980 0
9 13500.000000 -202.276435 -816.153496 840.846172 -1.813742 -41.149628 0
10 15000.000000 -156.778146 -770.788341 786.571073 -1.771459 -5.249938 0
11 16500.000000 159.983514 -702.702175 720.683752 -1.346943 292.445104 1
12 18000.000000 103.660707 -717.914000 725.359258 -1.427396 240.111166 1
13 19500.000000 166.642066 -489.394900 516.988342 -1.242604 257.858775 1
14 21000.000000 87.709979 -454.987342 463.364351 -1.380358 173.774329 1
15 22500.000000 -254.076935 -427.315438 497.145424 -2.107227 -166.936194 0
16 24000.000000 -192.810770 -356.326056 405.147197 -2.066787 -120.504052 0
17 25500.000000 -21.746122 -484.293709 484.781694 -1.615669 72.020757 1
18 27000.000000 -211.312234 -828.280004 854.810286 -1.820590 -47.678277 0
19 28500.000000 -621.095195 -662.683068 908.244510 -2.323811 -481.697754 0
20 30000.000000 -107.021501 -669.816073 678.312003 -1.729235 24.108658 1
21 31500.000000 -39.851107 -506.340022 507.905827 -1.649339 58.505306 1
22 33000.000000 -11.739194 -119.847956 120.421515 -1.668436 11.584505 1
23 34500.000000 -157.224366 -383.494328 414.472437 -1.959875 -80.347810 0
24 36000.000000 -133.865189 -562.378391 578.091121 -1.804482 -22.942668 0
25 37500.000000 -582.133462 -214.707917 620.466644 -2.788243 -529.824552 0
26 39000.000000 -237.218666 -597.061927 642.460614 -1.948982 -117.671506 0
27 40500.000000 57.039622 -526.888597 529.967086 -1.462959 157.539904 1
28 42000.000000 102.723511 -988.275857 993.600166 -1.467226 291.310149 1
29 43500.000000 101.499496 -632.341126 640.435358 -1.411640 221.494309 1
30 45000.000000 20.042585 -590.923453 591.263252 -1.536892 133.581033 1
0 0.000000 -284.106076 -412.051401 500.502367 -2.174435 -208.288762 0
1 1500.000000 -508.168572 -709.696486 872.871353 -2.192204 -377.298832 0
2 3000.000000 -83.949429 -654.759489 660.119304 -1.698315 30.950038 1
3 4500.000000 -15.558393 -413.353824 413.646525 -1.608418 56.410308 1
4 6000.000000 117.088920 -438.963211 454.311034 -1.310126 191.489189 1
5 7500.000000 78.356871 -858.876105 862.443020 -1.479816 226.215700 1
6 9000.000000 330.330161 -330.792089 467.484140 -0.786097 382.723143 1
7 10500.000000 -261.525550 -221.375414 342.640755 -2.439147 -219.140395 0
8 12000.000000 -253.864828 -220.974227 336.566427 -2.425351 -211.665530 0
9 13500.000000 -181.637481 -812.668223 832.719530 -1.790690 -37.852626 0
10 15000.000000 -127.060341 -765.046518 775.525954 -1.735376 7.632243 1
11 16500.000000 155.615163 -684.990674 702.444519 -1.347409 272.126018 1
12 18000.000000 122.706855 -699.496866 710.178032 -1.397142 242.234398 1
13 19500.000000 171.062976 -501.137739 529.529579 -1.241849 255.433955 1
14 21000.000000 156.792891 -496.450767 520.622104 -1.264883 240.567019 1
15 22500.000000 -217.257008 -439.485988 490.253548 -2.029908 -137.693039 0
16 24000.000000 -208.739352 -315.006381 377.890377 -2.156014 -150.906574 0
17 25500.000000 -16.082475 -493.785484 494.047316 -1.603355 69.852136 1
18 27000.000000 -260.768725 -815.830823 856.493000 -1.880169 -115.234393 0
19 28500.000000 -616.719969 -670.644561 911.102435 -2.314331 -490.980192 0
20 30000.000000 -2.370932 -672.940379 672.944555 -1.574320 114.445835 1
21 31500.000000 -20.189855 -549.623041 549.993743 -1.607514 75.497020 1
22 33000.000000 2.968195 -237.757690 237.776217 -1.558313 44.183177 1
23 34500.000000 -136.774010 -445.192289 465.728788 -1.868868 -57.440936 0
24 36000.000000 -172.098672 -549.416653 575.740055 -1.874354 -74.142725 0
25 37500.000000 -619.622567 -304.279500 690.302933 -2.685113 -557.417045 0
26 39000.000000 -249.823599 -612.677912 661.654029 -1.957972 -139.710105 0
27 40500.000000 2.458201 -511.640590 511.646495 -1.565992 91.210038 1
28 42000.000000 51.043584 -958.603123 959.961142 -1.517599 216.623270 1
29 43500.000000 65.764764 -692.881406 695.995436 -1.476165 185.008247 1
30 45000.000000 18.692982 -616.801642 617.084834 -1.540499 125.447940 1
0 0.000000 -341.051881 -499.863232 605.127785 -2.169538 -299.984003 0
1 1500.000000 -487.572501 -778.035636 918.186471 -2.130596 -423.789075 0
2 3000.000000 -93.547607 -658.590184 665.200861 -1.711895 -40.578623 0
3 4500.000000 -36.498598 -391.080735 392.780205 -1.663854 -5.105841 0
4 6000.000000 -1.762825 -456.555054 456.558457 -1.574657 34.754845 1
5 7500.000000 56.923669 -881.299483 883.135937 -1.506295 127.221404 1
6 9000.000000 314.970036 -298.689616 434.075581 -0.758874 337.848269 1
7 10500.000000 -256.800504 -220.539259 338.502679 -2.432014 -238.340822 0
8 12000.000000 -263.940036 -194.837740 328.064151 -2.505693 -247.512911 0
9 13500.000000 -112.698896 -772.986922 781.159282 -1.715573 -50.519935 0
10 15000.000000 -123.753072 -698.852003 709.724555 -1.746060 -67.467488 0
11 16500.000000 185.533979 -646.115187 672.225923 -1.291167 236.611414 1
12 18000.000000 135.259383 -655.623751 669.430806 -1.367344 187.258272 1
13 19500.000000 236.340456 -483.806768 538.447583 -1.116390 274.274888 1
14 21000.000000 205.536679 -452.778934 497.246507 -1.144667 241.088389 1
15 22500.000000 -114.413792 -396.390196 412.572058 -1.851798 -82.346863 0
16 24000.000000 -105.162289 -244.621755 266.268493 -1.976808 -85.262352 0
17 25500.000000 3.753298 -464.987582 465.002730 -1.562725 40.927673 1
18 27000.000000 -124.056953 -802.296081 811.830726 -1.724209 -59.497674 0
19 28500.000000 -500.356674 -668.745729 835.211142 -2.213146 -445.272529 0
20 30000.000000 61.498276 -577.505816 580.771044 -1.464707 107.486104 1
21 31500.000000 42.618864 -453.172828 455.172472 -1.477027 78.723895 1
22 33000.000000 67.350424 -152.184000 166.421301 -1.154147 79.305296 1
23 34500.000000 -61.121024 -389.253359 394.022788 -1.726546 -29.795543 0
24 36000.000000 -7.114865 -523.163460 523.211838 -1.584395 34.746813 1
25 37500.000000 -516.106714 -265.564798 580.422951 -2.666370 -493.215662 0
26 39000.000000 -60.122340 -586.724804 589.797161 -1.672911 -13.007697 0
27 40500.000000 106.337647 -401.570659 415.411470 -1.311933 138.111814 1
28 42000.000000 195.542723 -919.738930 940.296047 -1.361309 268.470580 1
29 43500.000000 151.285003 -575.698155 595.244083 -1.313821 196.840683 1
30 45000.000000 157.335811 -525.765921 548.802662 -1.280027 198.878886 1
0 0.000000 -223.786370 -445.088943 498.181198 -2.036674 -215.441987 0
1 1500.000000 -367.269137 -754.291788 838.953349 -2.023914 -353.130007 0
2 3000.000000 47.387368 -602.034174 603.896273 -1.492246 58.613153 1
3 4500.000000 122.055287 -351.824156 372.394589 -1.236867 128.599120 1
4 6000.000000 193.403729 -418.332872 460.876766 -1.137744 201.176200 1
5 7500.000000 261.511443 -829.891167 870.119293 -1.265531 276.951787 1
6 9000.000000 417.726041 -248.495416 486.050426 -0.536644 422.290265 1
7 10500.000000 -190.331546 -237.763989 304.561672 -2.245846 -185.861699 0
8 12000.000000 -124.092227 -232.915794 263.910303 -2.060321 -119.724382 0
9 13500.000000 71.705963 -809.634149 812.803298 -1.482461 86.801357 1
10 15000.000000 48.923340 -789.553351 791.067625 -1.508912 63.647991 1
11 16500.000000 289.328698 -668.089384 728.048433 -1.162111 301.744957 1
12 18000.000000 269.062548 -711.331912 760.518076 -1.209178 282.289247 1
13 19500.000000 222.228741 -459.537146 510.450783 -1.120361 230.765071 1
14 21000.000000 171.095074 -482.754017 512.176693 -1.230194 180.073537 1
15 22500.000000 -200.663487 -439.957254 483.557877 -1.998710 -192.418888 0
16 24000.000000 -157.522770 -385.727344 416.652141 -1.958505 -150.297620 0
17 25500.000000 6.912257 -511.274299 511.321022 -1.557277 16.451499 1
18 27000.000000 -141.452576 -823.941260 835.995234 -1.740817 -126.053095 0
19 28500.000000 -498.658095 -760.792594 909.651179 -2.150990 -484.374782 0
20 30000.000000 68.321943 -647.911132 651.503433 -1.465735 80.400154 1
21 31500.000000 6.243776 -516.827855 516.865569 -1.558716 15.886765 1
22 33000.000000 -47.563990 -192.172235 197.970960 -1.813427 -43.969750 0
23 34500.000000 -136.200477 -415.233225 437.000230 -1.887748 -128.428456 0
24 36000.000000 -87.859652 -479.502179 487.485034 -1.752017 -78.896780 0
25 37500.000000 -578.214301 -275.000330 640.278814 -2.697653 -572.982082 0
26 39000.000000 -176.636921 -656.186400 679.544843 -1.833750 -164.361641 0
27 40500.000000 113.718575 -417.821106 433.020082 -1.305063 121.495371 1
28 42000.000000 244.185572 -843.104163 877.753509 -1.288883 259.875489 1
29 43500.000000 144.248351 -516.315792 536.087292 -1.298363 153.857756 1
30 45000.000000 171.945012 -464.875709 495.655638 -1.216528 180.589715 1
0 0.000000 -198.299367 -429.972492 473.496550 -2.002917 -294.220159 0
1 1500.000000 -272.878578 -732.451225 781.631316 -1.927422 -438.113940 0
2 3000.000000 83.234933 -612.921386 618.547233 -1.435822 -63.846299 0
3 4500.000000 83.681556 -342.655846 352.726001 -1.331270 0.404790 1
4 6000.000000 175.600696 -349.890181 391.482749 -1.105651 88.016426 1
5 7500.000000 305.400264 -784.148330 841.521197 -1.199403 111.605295 1
6 9000.000000 483.613476 -242.524336 541.017604 -0.464834 412.671270 1
7 10500.000000 -158.711029 -228.336524 278.076894 -2.178209 -208.139522 0
8 12000.000000 -185.154280 -192.629638 267.185862 -2.336410 -225.403640 0
9 13500.000000 32.046716 -735.783905 736.481464 -1.527269 -142.598226 0
10 15000.000000 82.676188 -703.914151 708.752766 -1.453880 -85.875127 0
11 16500.000000 325.722529 -611.939597 693.228127 -1.081660 172.016086 1
12 18000.000000 247.639024 -632.441801 679.196377 -1.197587 91.299487 1
13 19500.000000 307.364919 -485.613752 574.712023 -1.006507 184.006582 1
14 21000.000000 248.438102 -441.269499 506.399310 -1.058021 137.216984 1
15 22500.000000 -94.462820 -434.463071 444.613747 -1.784888 -194.380239 0
16 24000.000000 -82.283871 -298.019575 309.170346 -1.840187 -150.327639 0
17 25500.000000 129.814172 -512.233053 528.426362 -1.322594 5.191050 1
18 27000.000000 -9.202328 -836.518282 836.568896 -1.581797 -206.466979 0
19 28500.000000 -385.159572 -781.403769 871.171479 -2.028754 -558.778900 0
20 30000.000000 144.811967 -627.141714 643.643717 -1.343866 -7.368342 0
21 31500.000000 70.840664 -490.880924 495.966209 -1.427472 -47.072989 0
22 33000.000000 133.697074 -199.916522 240.502647 -0.981343 82.710638 1
23 34500.000000 -49.392931 -260.751696 265.388599 -1.758003 -109.566819 0
24 36000.000000 11.512859 -201.361417 201.690273 -1.513683 -36.359645 0
25 37500.000000 -311.158295 27.242090 312.348549 3.054265 -295.926792 0
26 39000.000000 81.251592 -491.896508 498.561928 -1.407094 -37.196268 0
27 40500.000000 -67.092922 -149.510014 163.874051 -1.992612 -100.499085 0
28 42000.000000 31.994047 -467.262678 468.356732 -1.502432 -79.244191 0
29 43500.000000 -26.584917 -375.651654 376.591188 -1.641449 -114.534794 0
30 45000.000000 214.843844 -285.792681 357.540675 -0.926178 141.285036 1
0 0.000000 -38.697045 -32.426342 50.486918 -2.444134 -20.057205 0
1 1500.000000 -19.443920 -75.075668 77.552704 -1.824219 -66.424310 0
2 3000.000000 -115.438762 -178.812450 212.837967 -2.144062 -138.511681 0
3 4500.000000 2.276590 -63.572570 63.613320 -1.535001 -61.586372 0
4 6000.000000 -36.829662 -108.649824 114.722309 -1.897616 -93.653573 0
5 7500.000000 69.637124 -152.451613 167.603172 -1.142317 -165.973472 0
6 9000.000000 177.175339 -80.024260 194.409318 -0.424239 -127.186713 0
7 10500.000000 -32.228081 -128.354050 132.338246 -1.816798 -113.852178 0
8 12000.000000 -49.416800 7.305439 49.953874 2.994823 21.082028 1
9 13500.000000 77.498916 -2.060088 77.526292 -0.026576 -24.054968 0
10 15000.000000 27.024768 -66.499211 71.780800 -1.184792 -71.442734 0
11 16500.000000 34.055084 -0.593530 34.060256 -0.017427 -10.271584 0
12 18000.000000 28.995582 19.738627 35.076448 0.597687 10.659393 1
13 19500.000000 33.224461 6.067631 33.773968 0.180635 -3.649848 0
14 21000.000000 -5.786758 46.789435 47.145920 1.693848 46.498913 1
15 22500.000000 -11.253497 23.404122 25.969099 2.018994 25.640357 1
16 24000.000000 8.022238 0.903585 8.072966 0.112162 -1.419486 0
17 25500.000000 -40.045126 27.487590 48.571388 2.540042 37.757623 1
18 27000.000000 -71.324509 1.715444 71.345135 3.117546 21.965454 1
19 28500.000000 -115.034474 7.961415 115.309646 3.072494 40.405986 1
20 30000.000000 -21.683794 33.414852 39.833896 2.146417 38.207886 1
21 31500.000000 -100.941535 -10.700495 101.507113 -3.035980 18.502309 1
22 33000.000000 -61.480168 -13.757252 63.000579 -2.921452 4.329281 1
23 34500.000000 -29.781583 0.879721 29.794573 3.112062 9.328348 1
24 36000.000000 -31.514393 -13.691965 34.360251 -2.731731 -4.145705 0
25 37500.000000 -23.330370 14.465464 27.450971 2.586577 20.512999 1
26 39000.000000 -23.599083 10.187903 25.704281 2.734054 16.489285 1
27 40500.000000 -39.935979 31.396286 50.799697 2.475345 41.473222 1
28 42000.000000 -49.904543 36.954176 62.097299 2.504201 49.640910 1
29 43500.000000 -58.708797 4.056164 58.848750 3.072613 20.614810 1
30 45000.000000 -42.676999 -12.491480 44.467553 -2.856848 0.185370 1
0 0.000000 -41.901073 -33.500352 53.646748 -2.467150 -51.690312 0
1 1500.000000 -6.847296 -23.398760 24.380062 -1.855483 -22.978149 0
2 3000.000000 26.930039 -5.881721 27.564863 -0.215031 10.998372 1
3 4500.000000 20.853326 -6.044928 21.711803 -0.282145 7.308344 1
4 6000.000000 26.330506 27.713488 38.227385 0.810983 37.882866 1
5 7500.000000 -0.542957 -6.214040 6.237715 -1.657951 -5.355581 0
6 9000.000000 10.395109 26.110802 28.103955 1.191916 27.253919 1
7 10500.000000 -11.319746 8.240303 14.001401 2.512348 0.053039 1
8 12000.000000 -15.001699 14.340567 20.753382 2.378722 2.842834 1
9 13500.000000 -4.989669 25.816305 26.294075 1.761718 18.007885 1
10 15000.000000 -0.157548 4.446620 4.449411 1.606212 3.512618 1
11 16500.000000 -11.246761 -0.923254 11.284593 -3.059686 -7.333091 0
12 18000.000000 -7.322506 12.118341 14.158859 2.114335 5.537202 1
13 19500.000000 -1.279153 -1.286753 1.814377 -2.353232 -1.792068 0
14 21000.000000 -2.481020 -1.610414 2.957852 -2.565855 -2.758112 0
15 22500.000000 -7.864063 2.268329 8.184669 2.860773 -2.765227 0
16 24000.000000 4.012829 -7.207974 8.249708 -1.062808 -3.494095 0
17 25500.000000 3.831342 -13.526685 14.058819 -1.294783 -8.722903 0
18 27000.000000 3.120496 4.380302 5.378154 0.951801 5.378042 1
19 28500.000000 -0.799542 -3.372088 3.465580 -1.803603 -3.201844 0
20 30000.000000 -4.440884 -4.272271 6.162284 -2.375544 -6.063506 0
21 31500.000000 -2.845359 3.459127 4.479021 2.259146 1.138435 1
22 33000.000000 1.018660 -6.884304 6.959260 -1.423894 -4.984685 0
23 34500.000000 -0.525191 -5.030920 5.058259 -1.674812 -4.386029 0
24 36000.000000 -3.688839 -1.845340 4.124659 -2.677745 -3.655704 0
25 37500.000000 -3.286513 -1.633609 3.670129 -2.680296 -3.248507 0
26 39000.000000 -2.199369 -6.583901 6.941540 -1.893194 -6.625201 0
27 40500.000000 -4.260773 -5.293863 6.795526 -2.248488 -6.786257 0
28 42000.000000 -9.521117 -1.088525 9.583139 -3.027759 -6.456766 0
29 43500.000000 -4.322307 -0.863459 4.407709 -2.944420 -3.230572 0
30 45000.000000 -0.753311 4.790343 4.849213 1.726775 3.442473 1
0 0.000000 -6.402976 1.275719 6.528825 2.944930 -4.506712 0
1 1500.000000 -4.351381 -2.972217 5.269592 -2.542332 -5.269147 0
2 3000.000000 -2.610924 2.784480 3.817100 2.324038 -0.536367 0
3 4500.000000 1.344945 -14.473589 14.535943 -1.478138 -7.217579 0
4 6000.000000 8.570175 -57.553717 58.188300 -1.422975 -26.063681 0
5 7500.000000 80.837547 -49.770055 94.930329 -0.551869 37.549885 1
6 9000.000000 173.975231 -18.181609 174.922703 -0.104129 131.923732 1
7 10500.000000 221.569865 -63.965636 230.618316 -0.281051 144.560045 1
8 12000.000000 186.774603 -71.635304 200.040919 -0.366236 111.677377 1
9 13500.000000 310.632309 -152.038162 345.843944 -0.455170 166.827709 1
10 15000.000000 54.952132 -165.486493 174.371776 -1.250188 -50.137710 0
11 16500.000000 -4.804973 -120.023775 120.119917 -1.610808 -72.911870 0
12 18000.000000 -57.197254 -363.487490 367.960163 -1.726873 -255.709954 0
13 19500.000000 197.213234 -610.341390 641.412248 -1.258266 -189.383717 0
14 21000.000000 362.340285 -457.408653 583.535052 -0.900855 33.641419 1
15 22500.000000 340.059564 -368.660531 501.548696 -0.825732 66.413001 1
16 24000.000000 251.902850 -189.250936 315.072948 -0.644323 97.379512 1
17 25500.000000 281.431820 -293.749836 406.808106 -0.806811 61.487311 1
18 27000.000000 -27.749036 -344.149886 345.266786 -1.651253 -220.497291 0
19 28500.000000 -156.191882 -332.557509 367.410398 -2.009886 -318.946439 0
20 30000.000000 151.927539 -481.162010 504.577900 -1.264952 -152.201773 0
21 31500.000000 202.485507 -998.395462 1018.721688 -1.370699 -408.090429 0
22 33000.000000 -90.962613 -991.437835 995.601917 -1.662288 -644.235676 0
23 34500.000000 262.201355 -647.517455 698.590299 -1.186044 -157.566263 0
24 36000.000000 251.656088 -526.999763 584.003029 -1.125289 -96.932433 0
25 37500.000000 102.797743 -244.866567 265.569222 -1.173329 -56.604231 0
26 39000.000000 2.810448 -432.648515 432.657643 -1.564301 -246.350539 0
27 40500.000000 127.615781 -527.097726 542.326286 -1.333257 -198.497392 0
28 42000.000000 -321.649385 -535.020566 624.263833 -2.112091 -570.707920 0
29 43500.000000 155.904230 -735.517940 751.859541 -1.361923 -295.130128 0
30 45000.000000 357.604339 -492.300935 608.474382 -0.942575 9.712558 1
0 0.000000 534.692339 -902.073082 1048.633274 -1.035734 237.154991 1
1 1500.000000 454.568102 -517.143831 688.527342 -0.849707 277.076227 1
2 3000.000000 282.726775 -409.658461 497.749419 -0.966710 145.741081 1
3 4500.000000 -59.465175 -491.710539 495.293208 -1.691147 -205.249365 0
4 6000.000000 -93.427873 -879.145509 884.095918 -1.676670 -354.682742 0
5 7500.000000 203.763709 -658.809831 689.601365 -1.270838 -4.809158 0
6 9000.000000 269.064259 -348.304124 440.126503 -0.913051 151.254419 1
7 10500.000000 309.424592 -407.430925 511.608773 -0.921273 171.864193 1
8 12000.000000 435.111512 -669.968637 798.861692 -0.994807 212.355115 1
9 13500.000000 360.181449 -105.784701 375.394565 -0.285665 311.387012 1
10 15000.000000 -174.055816 -245.837634 301.216814 -2.186879 -240.197626 0
11 16500.000000 -66.193127 -223.975223 233.551773 -1.858154 -130.770493 0
12 18000.000000 272.656866 -828.604753 872.311644 -1.252901 9.563167 1
13 19500.000000 237.348362 -825.878736 859.307821 -1.290949 -23.271564 0
14 21000.000000 419.003179 -656.279197 778.630881 -1.002582 201.135675 1
15 22500.000000 388.695930 -656.813944 763.209724 -1.036435 172.083271 1
16 24000.000000 397.873037 -361.871281 537.823184 -0.738047 269.944188 1
17 25500.000000 325.862671 -311.228076 450.610026 -0.762431 216.600350 1
18 27000.000000 66.861086 -365.193265 371.263418 -1.389718 -46.601587 0
19 28500.000000 12.785575 -344.093755 344.331211 -1.533656 -91.774960 0
20 30000.000000 186.371762 -451.331895 488.297976 -1.179187 41.298196 1
21 31500.000000 195.378040 -934.474550 954.680713 -1.364687 -96.091070 0
22 33000.000000 -191.716330 -1028.751011 1046.462514 -1.755041 -493.578841 0
23 34500.000000 278.167760 -629.652767 688.360305 -1.154799 74.927004 1
24 36000.000000 140.933723 -480.875079 501.101942 -1.285702 -10.942343 0
25 37500.000000 66.738453 -189.075564 200.508329 -1.231476 6.492952 1
26 39000.000000 42.942843 -348.777934 351.411632 -1.448289 -64.442352 0
27 40500.000000 106.515950 -512.773614 523.719798 -1.365984 -53.389286 0
28 42000.000000 -397.446817 -552.938581 680.958918 -2.194022 -545.934588 0
29 43500.000000 100.678948 -725.743208 732.693288 -1.432951 -123.299208 0
30 45000.000000 225.923709 -455.420032 508.378725 -1.110292 77.766508 1
0 0.000000 459.385825 -840.393205 957.755749 -1.070543 208.557679 1
1 1500.000000 357.531116 -515.976660 627.742314 -0.964837 200.575001 1
2 3000.000000 224.675114 -328.942290 398.349014 -0.971555 124.740876 1
3 4500.000000 -102.551194 -491.554037 502.137549 -1.776473 -234.728945 0
4 6000.000000 -79.633741 -851.811888 855.526169 -1.664013 -312.523596 0
5 7500.000000 170.435502 -637.970766 660.344576 -1.309740 -12.996351 0
6 9000.000000 165.811426 -364.101297 400.078971 -1.143462 58.440298 1
7 10500.000000 252.335343 -406.519601 478.467671 -1.015280 129.824266 1
8 12000.000000 392.321946 -690.804920 794.435615 -1.054299 185.564983 1
9 13500.000000 289.961189 -92.104130 304.237837 -0.307563 253.090685 1
10 15000.000000 -228.955579 -245.584361 335.756363 -2.321167 -288.035103 0
11 16500.000000 -116.893752 -238.803396 265.878188 -2.026007 -178.481602 0
12 18000.000000 247.130056 -785.044059 823.023353 -1.265820 19.946807 1
13 19500.000000 256.266014 -803.788053 843.651293 -1.262162 23.531794 1
14 21000.000000 385.527356 -623.698322 733.233209 -1.017152 197.629296 1
15 22500.000000 381.168878 -607.588329 717.253993 -1.010511 197.904965 1
16 24000.000000 382.883798 -297.255874 484.727817 -0.660160 285.535070 1
17 25500.000000 302.488992 -255.759547 396.121870 -0.701886 219.784819 1
18 27000.000000 11.820873 -294.544146 294.781252 -1.530685 -70.249832 0
19 28500.000000 75.584132 -272.851934 283.127425 -1.300558 -2.972676 0
20 30000.000000 173.643050 -445.629013 478.264703 -1.199237 43.376830 1
21 31500.000000 209.829590 -878.534917 903.245292 -1.336348 -41.796450 0
22 33000.000000 -139.779113 -949.442895 959.677035 -1.716969 -397.364498 0
23 34500.000000 269.703753 -547.715672 610.518282 -1.113235 107.392205 1
24 36000.000000 120.938225 -409.272046 426.766519 -1.283477 2.808591 1
25 37500.000000 24.531818 -149.400161 151.400853 -1.408047 -17.822159 0
26 39000.000000 8.593553 -308.252077 308.371841 -1.542925 -77.148796 0
27 40500.000000 108.893747 -445.181375 458.305908 -1.330901 -18.713585 0
28 42000.000000 -377.140839 -524.672672 646.155264 -2.194036 -507.744734 0
29 43500.000000 140.322155 -685.047017 699.270851 -1.368755 -54.973985 0
30 45000.000000 184.685245 -385.472190 427.431221 -1.123996 70.654098 1
0 0.000000 469.956712 -777.786960 908.741914 -1.027278 244.472817 1
1 1500.000000 350.805846 -462.457883 580.458470 -0.921834 214.129536 1
2 3000.000000 177.681554 -315.718204 362.282651 -1.058190 86.631402 1
3 4500.000000 -130.663540 -520.353668 536.508062 -1.816815 -265.256173 0
4 6000.000000 -67.902850 -834.851307 837.608203 -1.651953 -289.020238 0
5 7500.000000 171.803598 -582.166527 606.987926 -1.283831 9.605364 1
6 9000.000000 107.917500 -364.917820 380.540671 -1.283261 6.238965 1
7 10500.000000 215.421450 -368.526086 426.869860 -1.041816 108.848988 1
8 12000.000000 387.801396 -657.697181 763.515229 -1.038033 197.482578 1
9 13500.000000 253.127864 -72.101063 263.196274 -0.277492 224.569325 1
10 15000.000000 -249.048232 -282.725412 376.774045 -2.292949 -315.671875 0
11 16500.000000 -108.812362 -260.944429 282.722700 -1.965867 -174.725753 0
12 18000.000000 256.153772 -751.108585 793.586077 -1.242131 45.626174 1
13 19500.000000 263.332155 -735.456000 781.178182 -1.226966 56.734533 1
14 21000.000000 375.691653 -567.583379 680.657851 -0.986091 209.950421 1
15 22500.000000 391.307193 -561.440387 684.351246 -0.962107 226.640742 1
16 24000.000000 346.936672 -214.120729 407.691968 -0.552953 276.913831 1
17 25500.000000 288.413643 -250.095687 381.746358 -0.714362 210.893700 1
18 27000.000000 -20.074794 -296.343110 297.022283 -1.638435 -98.710929 0
19 28500.000000 54.821691 -247.411060 253.412018 -1.352738 -13.445231 0
20 30000.000000 126.043467 -442.722388 460.315184 -1.293434 2.864333 1
21 31500.000000 212.359343 -872.953443 898.412046 -1.332166 -29.201973 0
22 33000.000000 -125.789938 -918.052067 926.629757 -1.706967 -367.076141 0
23 34500.000000 220.689293 -498.510700 545.175827 -1.154032 79.110611 1
24 36000.000000 67.455846 -384.375274 390.249462 -1.397071 -37.955759 0
25 37500.000000 5.032607 -101.738963 101.863358 -1.521371 -22.399988 0
26 39000.000000 -1.618069 -337.595915 337.599793 -1.575589 -91.977232 0
27 40500.000000 110.248513 -469.853999 482.615287 -1.340322 -19.620228 0
28 42000.000000 -361.328132 -565.504009 671.083306 -2.139363 -499.586326 0
29 43500.000000 154.150961 -679.626237 696.889045 -1.347753 -33.504979 0
30 45000.000000 184.877137 -408.913052 448.764348 -1.146182 68.603737 1
0 0.000000 451.824389 -806.768900 924.673638 -1.060276 192.400884 1
1 1500.000000 341.152598 -493.029433 599.552430 -0.965492 179.692415 1
2 3000.000000 177.930765 -342.014864 385.530187 -1.091086 68.564571 1
3 4500.000000 -101.810772 -565.316119 574.410783 -1.748982 -264.792094 0
4 6000.000000 23.229893 -848.649872 848.967746 -1.543430 -229.348344 0
5 7500.000000 232.644455 -611.310160 654.082223 -1.207154 41.002336 1
6 9000.000000 163.192392 -423.694905 454.036485 -1.203144 30.279009 1
7 10500.000000 278.396614 -409.526813 495.193785 -0.973756 144.505962 1
8 12000.000000 444.531445 -701.936599 830.856903 -1.006256 216.507269 1
9 13500.000000 291.953048 -136.905250 322.458725 -0.438483 238.256546 1
10 15000.000000 -184.475908 -396.895969 437.673133 -2.005887 -293.824083 0
11 16500.000000 -15.890037 -338.212241 338.585312 -1.617744 -115.419989 0
12 18000.000000 395.010737 -790.373042 883.585326 -1.107327 142.999732 1
13 19500.000000 349.032099 -774.466623 849.483346 -1.147382 103.801666 1
14 21000.000000 412.726329 -604.099070 731.627439 -0.971428 215.129709 1
15 22500.000000 391.602320 -562.124658 685.081388 -0.962324 207.395838 1
16 24000.000000 303.758172 -222.313547 376.420430 -0.631801 224.216741 1
17 25500.000000 298.767022 -297.144808 421.374857 -0.782676 197.270354 1
18 27000.000000 -13.202642 -366.058325 366.296338 -1.606848 -121.106751 0
19 28500.000000 21.942212 -317.893138 318.649506 -1.501882 -73.265246 0
20 30000.000000 178.311164 -447.067143 481.314764 -1.191285 37.791050 1
21 31500.000000 288.842931 -908.126564 952.955453 -1.262850 6.701090 1
22 33000.000000 -92.879523 -985.179103 989.547609 -1.664795 -380.706879 0
23 34500.000000 230.921000 -521.533541 570.369829 -1.153969 65.965542 1
24 36000.000000 65.209985 -446.589976 451.325768 -1.425803 -70.086596 0
25 37500.000000 -39.252992 -170.994202 175.441770 -1.796444 -88.170786 0
26 39000.000000 32.987018 -416.311090 417.615933 -1.491725 -91.887183 0
27 40500.000000 144.624184 -560.644162 578.997436 -1.318339 -28.045741 0
28 42000.000000 -377.171435 -687.579065 784.234188 -2.072526 -564.017624 0
29 43500.000000 176.004505 -765.736109 785.703109 -1.344870 -58.863415 0
30 45000.000000 253.935505 -464.361196 529.258502 -1.070375 104.891430 1
0 0.000000 470.902576 -809.914191 936.861907 -1.044149 151.313268 1
1 1500.000000 368.106227 -545.657386 658.212866 -0.977314 149.452419 1
2 3000.000000 205.949006 -361.322718 415.895539 -1.052738 63.643697 1
3 4500.000000 -7.823231 -617.162307 617.211889 -1.583472 -227.274441 0
4 6000.000000 56.585949 -935.707647 937.417073 -1.510396 -280.628977 0
5 7500.000000 313.485971 -671.194786 740.794098 -1.133849 53.675943 1
6 9000.000000 268.381079 -419.120834 497.685319 -1.001240 101.375723 1
7 10500.000000 367.839671 -395.811527 540.345064 -0.822011 202.610455 1
8 12000.000000 521.366975 -644.380446 828.884601 -0.890532 257.462047 1
9 13500.000000 333.262796 -123.799921 355.514433 -0.355680 267.252908 1
10 15000.000000 -134.288768 -430.101527 450.578291 -1.873431 -278.763788 0
11 16500.000000 56.564317 -371.842595 376.120243 -1.419835 -79.680075 0
12 18000.000000 497.074852 -809.127992 949.616510 -1.019904 176.046979 1
13 19500.000000 393.088884 -819.391712 908.802316 -1.123494 75.231815 1
14 21000.000000 390.487165 -625.934119 737.749109 -1.013027 141.751853 1
15 22500.000000 395.791747 -555.303538 681.918710 -0.951565 171.881766 1
16 24000.000000 323.481782 -251.210213 409.569328 -0.660298 212.703481 1
17 25500.000000 346.232501 -280.750484 445.755291 -0.681336 223.431572 1
18 27000.000000 27.132992 -398.586190 399.508636 -1.502828 -116.710374 0
19 28500.000000 19.729228 -377.817396 378.332165 -1.518625 -116.225642 0
20 30000.000000 250.819477 -454.673685 519.267339 -1.066689 72.295905 1
21 31500.000000 343.200853 -932.492610 993.644450 -1.218136 -11.690671 0
22 33000.000000 -79.538111 -1069.526819 1072.480269 -1.645027 -455.508501 0
23 34500.000000 250.096193 -530.816856 586.783299 -1.130491 44.481666 1
24 36000.000000 111.648553 -481.579880 494.352688 -1.342983 -67.325162 0
25 37500.000000 -36.751245 -227.058842 230.013852 -1.731262 -115.264565 0
26 39000.000000 54.406671 -413.188644 416.755253 -1.439874 -96.432314 0
27 40500.000000 162.960065 -578.834864 601.336664 -1.296368 -54.046352 0
28 42000.000000 -379.112543 -750.312539 840.651668 -2.038653 -621.637102 0
29 43500.000000 181.687078 -775.699502 796.693110 -1.340720 -106.714387 0
30 45000.000000 278.057042 -444.239851 524.084691 -1.011538 101.463493 1
0 0.000000 478.738577 -780.793938 915.876519 -1.020769 36.085880 1
1 1500.000000 378.309208 -503.541158 629.818668 -0.926465 83.964767 1
2 3000.000000 246.528285 -301.484138 389.446890 -0.885346 67.741856 1
3 4500.000000 69.434746 -586.775128 590.869050 -1.453011 -226.188372 0
4 6000.000000 106.645272 -919.643369 925.806211 -1.455348 -356.402251 0
5 7500.000000 285.220176 -609.511462 672.944850 -1.133117 -49.039470 0
6 9000.000000 267.168563 -362.736133 450.506985 -0.935967 55.814511 1
7 10500.000000 469.237576 -404.621867 619.598869 -0.711590 211.638006 1
8 12000.000000 580.193267 -595.651590 831.519720 -0.798544 215.081301 1
9 13500.000000 289.827696 -12.363075 290.091260 -0.042631 246.816140 1
10 15000.000000 101.141741 -224.771911 246.479337 -1.147963 -21.609157 0
11 16500.000000 369.398549 -258.646430 450.947074 -0.610848 195.874630 1
12 18000.000000 620.228646 -749.647192 972.961708 -0.879593 174.749818 1
13 19500.000000 97.188378 -805.818115 811.657820 -1.450768 -309.024661 0
14 21000.000000 151.737869 -654.221472 671.587758 -1.342889 -187.345670 0
15 22500.000000 534.080722 -598.201678 801.927344 -0.841968 173.604462 1
16 24000.000000 520.681431 -328.677254 615.741740 -0.563077 293.635169 1
17 25500.000000 460.539665 -210.103383 506.201753 -0.428007 299.113817 1
18 27000.000000 352.149060 -235.899442 423.860245 -0.590228 191.942244 1
19 28500.000000 333.150389 -308.703329 454.188206 -0.747328 139.786580 1
20 30000.000000 157.131698 -383.501704 414.444118 -1.181931 -50.334852 0
21 31500.000000 231.887714 -717.217774 753.772676 -1.258089 -148.206776 0
22 33000.000000 85.240377 -1023.542529 1027.085795 -1.487708 -425.853958 0
23 34500.000000 577.831920 -646.240476 866.900502 -0.841226 188.297575 1
24 36000.000000 -39.932272 -628.731623 629.998445 -1.634224 -342.109669 0
25 37500.000000 -194.917566 -349.037428 399.774916 -2.080099 -340.634564 0
26 39000.000000 413.519143 -299.396067 510.525304 -0.626665 214.452348 1
27 40500.000000 153.170397 -531.666404 553.290463 -1.290297 -126.201282 0
28 42000.000000 -384.167563 -594.440685 707.774289 -2.144543 -625.676847 0
29 43500.000000 389.166922 -485.244932 622.023743 -0.894836 102.379158 1
30 45000.000000 56.021075 -505.756671 508.849852 -1.460479 -198.296042 0
0 0.000000 79.631915 -692.796917 697.358452 -1.456356 -328.665095 0
1 1500.000000 285.501129 -361.566348 460.696341 -0.902415 29.085942 1
2 3000.000000 772.572553 -246.010803 810.795699 -0.308279 495.389562 1
3 4500.000000 215.470578 -553.511659 593.971992 -1.199566 -137.709706 0
4 6000.000000 178.844638 -740.867038 762.147868 -1.333929 -274.422528 0
5 7500.000000 495.214710 -432.502113 657.491967 -0.717902 161.193869 1
6 9000.000000 324.748830 -314.261637 451.909481 -0.768988 88.275777 1
7 10500.000000 112.170486 -469.064928 482.290499 -1.336068 -174.617907 0
8 12000.000000 151.578548 -546.206757 566.849078 -1.300097 -186.097615 0
9 13500.000000 229.886551 61.844865 238.060105 0.262801 224.240829 1
10 15000.000000 164.205260 -162.045264 230.699013 -0.778778 42.847572 1
11 16500.000000 414.077336 -92.860532 424.362014 -0.220609 287.700083 1
12 18000.000000 451.831862 -553.410823 714.433741 -0.886106 56.727794 1
13 19500.000000 121.949224 -649.683735 661.029930 -1.385250 -269.335546 0
14 21000.000000 176.746971 -537.305558 565.629520 -1.252995 -160.335301 0
15 22500.000000 411.355529 -464.938672 620.790899 -0.846470 73.775136 1
16 24000.000000 564.940984 -219.522745 606.092857 -0.370620 339.706199 1
17 25500.000000 534.504629 -160.633313 558.120291 -0.291941 348.179766 1
18 27000.000000 409.683451 -251.414747 480.676508 -0.550418 193.880300 1
19 28500.000000 340.763348 -284.688481 444.035123 -0.695982 118.270955 1
20 30000.000000 242.350720 -351.820883 427.214004 -0.967595 -0.855845 0
21 31500.000000 389.740412 -577.397275 696.624147 -0.977050 -7.981947 0
22 33000.000000 200.696145 -899.660665 921.774515 -1.351310 -346.794687 0
23 34500.000000 581.552392 -577.622278 819.664981 -0.782008 149.633464 1
24 36000.000000 -27.838342 -519.402172 520.147662 -1.624342 -318.397549 0
25 37500.000000 -241.867296 -299.524324 384.986506 -2.250097 -369.316696 0
26 39000.000000 328.737850 -267.849294 424.042236 -0.683689 117.961683 1
27 40500.000000 288.675851 -378.732297 476.205733 -0.919523 21.930556 1
28 42000.000000 -225.644661 -471.496341 522.708631 -2.017155 -453.815545 0
29 43500.000000 454.562602 -386.875432 596.908501 -0.705129 153.720565 1
30 45000.000000 118.832848 -455.274164 470.527162 -1.315479 -161.292891 0
0 0.000000 187.795186 -605.071422 633.544361 -1.269854 -252.476739 0
1 1500.000000 286.987080 -252.632573 382.341210 -0.721820 52.647998 1
2 3000.000000 741.158422 -187.841252 764.591488 -0.248216 439.100166 1
3 4500.000000 244.987764 -503.013310 559.501022 -1.117570 -142.545534 0
4 6000.000000 232.301363 -616.143347 658.480484 -1.210252 -225.973391 0
5 7500.000000 479.841198 -304.827847 568.478312 -0.565949 164.739887 1
6 9000.000000 331.354226 -236.241881 406.946986 -0.619370 96.964510 1
7 10500.000000 139.235014 -416.943349 439.577235 -1.248498 -166.528507 0
8 12000.000000 153.920453 -423.449156 450.555983 -1.222153 -159.644504 0
9 13500.000000 198.470805 77.778602 213.167004 0.373495 201.152304 1
10 15000.000000 219.679343 -123.008485 251.773909 -0.510447 86.216973 1
11 16500.000000 421.313057 -55.690565 424.977801 -0.131421 282.940900 1
12 18000.000000 420.214534 -525.659936 672.977431 -0.896419 -24.532318 0
13 19500.000000 99.617002 -615.003626 623.019267 -1.410213 -325.779940 0
14 21000.000000 212.388843 -457.839737 504.704117 -1.136449 -137.775098 0
15 22500.000000 440.646011 -380.787158 582.381118 -0.712656 85.476047 1
16 24000.000000 580.396837 -112.703247 591.238116 -0.191796 366.297911 1
17 25500.000000 564.954346 -68.688017 569.114625 -0.120988 383.313963 1
18 27000.000000 448.306580 -212.974076 496.323228 -0.443500 200.774279 1
19 28500.000000 394.149434 -232.448124 457.587048 -0.532846 147.026964 1
20 30000.000000 218.366839 -331.246904 396.747512 -0.987962 -50.646905 0
21 31500.000000 384.245411 -542.952659 665.163232 -0.954924 -63.073230 0
22 33000.000000 222.947013 -876.152510 904.073333 -1.321623 -402.710338 0
23 34500.000000 572.001785 -517.457641 771.329017 -0.735375 95.846068 1
24 36000.000000 18.070866 -429.404702 429.784777 -1.528738 -266.479154 0
25 37500.000000 -167.745466 -218.048556 275.106732 -2.226537 -269.390070 0
26 39000.000000 367.180397 -195.160370 415.823296 -0.488537 150.918553 1
27 40500.000000 358.528354 -305.131705 470.795006 -0.705113 72.608951 1
28 42000.000000 -160.047693 -444.542448 472.475663 -1.916377 -411.336968 0
29 43500.000000 465.047599 -313.009543 560.574922 -0.592423 148.190769 1
30 45000.000000 135.511569 -427.982067 448.923195 -1.264154 -176.552617 0
0 0.000000 283.514053 -536.535564 606.836576 -1.084675 -155.302341 0
1 1500.000000 333.744161 -190.679495 384.374602 -0.519075 116.084642 1
2 3000.000000 770.032344 -108.483985 777.636539 -0.139961 492.539460 1
3 4500.000000 287.092866 -473.769163 553.967087 -1.025994 -110.121168 0
4 6000.000000 288.381215 -573.935831 642.313057 -1.105181 -177.078466 0
5 7500.000000 502.120116 -270.023219 570.120293 -0.493402 186.076456 1
6 9000.000000 347.959021 -237.018002 421.014268 -0.597974 95.121032 1
7 10500.000000 142.489902 -391.210563 416.352107 -1.221503 -160.457073 0
8 12000.000000 189.175921 -370.390356 415.904490 -1.098588 -112.021953 0
9 13500.000000 190.170502 65.866986 201.254266 0.333426 184.454293 1
10 15000.000000 237.123417 -123.394568 267.308313 -0.479819 90.668191 1
11 16500.000000 410.217388 -36.257510 411.816600 -0.088157 276.988113 1
12 18000.000000 457.579793 -489.852367 670.324256 -0.819448 4.307718 1
13 19500.000000 144.359094 -589.582211 606.998132 -1.330671 -293.561929 0
14 21000.000000 202.166622 -419.725840 465.876726 -1.121925 -135.917186 0
15 22500.000000 442.195865 -317.868900 544.589589 -0.623260 109.588414 1
16 24000.000000 551.075014 -15.035671 551.280094 -0.027277 394.924910 1
17 25500.000000 579.029564 1.675234 579.031987 0.002893 426.804005 1
18 27000.000000 440.521570 -154.696977 466.894430 -0.337715 218.974151 1
19 28500.000000 392.354662 -164.498640 425.443278 -0.396999 176.919997 1
20 30000.000000 208.689693 -297.521126 363.414651 -0.959113 -48.277487 0
21 31500.000000 372.246155 -467.251465 597.403659 -0.898088 -43.103058 0
22 33000.000000 216.753861 -789.919045 819.118022 -1.302988 -376.152775 0
23 34500.000000 536.142362 -395.458770 666.210381 -0.635518 126.053048 1
24 36000.000000 27.222032 -357.523972 358.558823 -1.494803 -222.358582 0
25 37500.000000 -208.270230 -152.025312 257.853028 -2.511052 -256.168106 0
26 39000.000000 234.618613 -113.926714 260.816391 -0.452047 95.245200 1
27 40500.000000 229.857216 -166.005447 283.535091 -0.625478 56.439985 1
28 42000.000000 -288.524713 -360.114457 461.442230 -2.246270 -456.233068 0
29 43500.000000 441.866559 -401.350995 596.932724 -0.737386 52.752622 1
30 45000.000000 3.738591 -555.298158 555.310743 -1.564064 -373.696168 0
0 0.000000 192.145775 -630.952067 659.560846 -1.275186 31.760281 1
1 1500.000000 288.580194 -394.371586 488.679318 -0.939080 183.201099 1
2 3000.000000 615.635854 -325.018528 696.164167 -0.485749 517.281660 1
3 4500.000000 244.135944 -335.489447 414.916290 -0.941720 154.531949 1
4 6000.000000 0.533009 -472.193865 472.194165 -1.569668 -115.133353 0
5 7500.000000 207.450308 -485.279807 527.761425 -1.166822 82.276860 1
6 9000.000000 91.764088 -529.055630 536.954847 -1.399056 -40.607525 0
7 10500.000000 85.610206 -536.818005 543.601580 -1.412651 -48.475146 0
8 12000.000000 -135.334195 -497.571530 515.647914 -1.836361 -253.077979 0
9 13500.000000 247.108051 -248.020686 350.109482 -0.787241 178.836459 1
10 15000.000000 276.019709 -457.685307 534.474246 -1.028117 155.516317 1
11 16500.000000 265.141557 -262.170935 372.872156 -0.779765 192.855029 1
12 18000.000000 -57.835333 -535.216479 538.332244 -1.678438 -187.159528 0
13 19500.000000 54.317220 -509.872526 512.757597 -1.464666 -72.215534 0
14 21000.000000 83.875039 -509.578423 516.435079 -1.407662 -43.485923 0
15 22500.000000 304.437261 -418.529208 517.541056 -0.941918 192.658503 1
16 24000.000000 337.752574 -349.540789 486.061277 -0.802548 241.855837 1
17 25500.000000 250.773823 -283.704048 378.649570 -0.846932 173.650983 1
18 27000.000000 130.938729 -402.920878 423.662820 -1.256588 28.267008 1
19 28500.000000 164.990446 -402.002306 434.543095 -1.181338 61.506593 1
20 30000.000000 -146.086345 -582.224014 600.271625 -1.816632 -284.235812 0
21 31500.000000 -12.742200 -437.962983 438.148306 -1.599882 -119.620383 0
22 33000.000000 -146.825301 -629.156432 646.061518 -1.800062 -296.446990 0
23 34500.000000 40.242408 -641.335847 642.597168 -1.508131 -118.059780 0
24 36000.000000 -118.259635 -567.444416 579.636530 -1.776263 -253.636786 0
25 37500.000000 -182.214266 -499.245309 531.458293 -1.920753 -298.940171 0
26 39000.000000 43.683332 -437.096731 439.274157 -1.471187 -64.701237 0
27 40500.000000 138.485218 -330.592586 358.426581 -1.174104 53.298363 1
28 42000.000000 -127.209021 -507.676627 523.371467 -1.816312 -247.675223 0
29 43500.000000 119.459672 -421.381701 437.987616 -1.294550 12.616128 1
30 45000.000000 -44.719084 -603.802686 605.456423 -1.644724 -191.240953 0
0 0.000000 -23.632953 -599.168210 599.634106 -1.610219 -138.513322 0
1 1500.000000 76.820737 -359.574371 367.688936 -1.360317 6.176920 1
2 3000.000000 374.765084 -428.872142 569.543838 -0.852624 285.212746 1
3 4500.000000 227.817057 -408.422437 467.663873 -1.061986 144.948209 1
4 6000.000000 -65.421339 -538.395907 542.356068 -1.691715 -167.823501 0
5 7500.000000 124.453987 -463.061468 479.494231 -1.308237 33.001340 1
6 9000.000000 -39.205011 -652.149815 653.327188 -1.630841 -163.991625 0
7 10500.000000 27.276252 -550.092008 550.767837 -1.521252 -79.110255 0
8 12000.000000 -168.977809 -584.594977 608.526735 -1.852178 -278.335711 0
9 13500.000000 165.811394 -292.885707 336.564193 -1.055654 106.339301 1
10 15000.000000 209.988804 -430.979504 479.414884 -1.117412 123.111724 1
11 16500.000000 255.239037 -295.384938 390.383437 -0.858179 193.613865 1
12 18000.000000 -87.649239 -600.317266 606.682131 -1.715777 -201.553839 0
13 19500.000000 -56.768433 -593.165085 595.875384 -1.666210 -169.873835 0
14 21000.000000 16.190624 -613.595832 613.809401 -1.544416 -102.211229 0
15 22500.000000 279.049646 -437.620685 519.018852 -1.003151 189.603087 1
16 24000.000000 297.740652 -377.949603 481.139687 -0.903552 219.429549 1
17 25500.000000 255.964504 -240.062064 350.923955 -0.753349 204.973792 1
18 27000.000000 119.328056 -364.800308 383.820856 -1.254662 46.883630 1
19 28500.000000 147.170452 -346.286015 376.262071 -1.168928 77.768906 1
20 30000.000000 -63.450461 -587.061955 590.480906 -1.678460 -175.256254 0
21 31500.000000 12.207630 -449.921366 450.086949 -1.543670 -74.617235 0
22 33000.000000 -17.879877 -596.165759 596.433820 -1.600779 -132.289930 0
23 34500.000000 98.509865 -641.144082 648.667810 -1.418342 -26.733358 0
24 36000.000000 -81.392701 -551.198115 557.175137 -1.717402 -185.960291 0
25 37500.000000 -140.547475 -455.605582 476.791400 -1.870019 -225.610285 0
26 39000.000000 78.452503 -386.387393 394.271496 -1.370478 2.617459 1
27 40500.000000 152.605246 -256.966600 298.864843 -1.034895 100.293442 1
28 42000.000000 -80.811192 -463.618213 470.608432 -1.743368 -168.533102 0
29 43500.000000 160.149235 -386.030978 417.932642 -1.177545 82.855286 1
30 45000.000000 -20.559143 -600.576709 600.928500 -1.605015 -135.768078 0
0 0.000000 -9.308896 -591.467614 591.540864 -1.586534 -319.646894 0
1 1500.000000 85.532081 -340.729845 351.301244 -1.324852 -106.895500 0
2 3000.000000 392.683460 -411.106707 568.514753 -0.808315 117.038869 1
3 4500.000000 251.170967 -354.869860 434.763697 -0.954866 26.417036 1
4 6000.000000 -70.778140 -497.004001 502.018448 -1.712255 -322.097868 0
5 7500.000000 152.372275 -443.459947 468.907277 -1.239836 -104.237018 0
6 9000.000000 38.454248 -637.718029 638.876368 -1.510569 -303.432789 0
7 10500.000000 48.094892 -564.123184 566.169661 -1.485746 -256.451345 0
8 12000.000000 -98.610101 -500.692102 510.310232 -1.765255 -347.694168 0
9 13500.000000 374.421561 -152.763871 404.386332 -0.387384 237.680193 1
10 15000.000000 318.972905 -234.760059 396.050501 -0.634473 147.341700 1
11 16500.000000 256.178707 -127.140999 285.993642 -0.460682 150.698382 1
12 18000.000000 161.409222 -272.964927 317.116364 -1.036785 -6.696903 0
13 19500.000000 217.595385 -427.845285 479.999312 -1.100305 -40.578597 0
14 21000.000000 -29.641146 -503.906246 504.777280 -1.629551 -290.776227 0
15 22500.000000 66.262769 -610.203584 613.790818 -1.462629 -265.298616 0
16 24000.000000 297.735893 -649.284830 714.295074 -1.140847 -89.183486 0
17 25500.000000 472.888385 -228.255565 525.094303 -0.449699 281.572109 1
18 27000.000000 332.339123 -54.695681 336.809902 -0.163116 253.604542 1
19 28500.000000 91.289803 26.737028 95.124638 0.284913 91.672807 1
20 30000.000000 342.276103 -31.889676 343.758464 -0.092901 274.069314 1
21 31500.000000 362.079687 -192.037152 409.853592 -0.487649 206.492507 1
22 33000.000000 -107.703039 -314.774710 332.690641 -1.900469 -257.432960 0
23 34500.000000 247.540745 -294.585830 384.782057 -0.871960 55.104954 1
24 36000.000000 495.538405 -644.444293 812.937118 -0.915284 81.466496 1
25 37500.000000 493.150656 -706.413552 861.520561 -0.961343 46.776111 1
26 39000.000000 69.799718 -402.187194 408.199143 -1.398958 -152.656749 0
27 40500.000000 156.742278 -394.263949 424.278450 -1.192398 -74.594261 0
28 42000.000000 28.954805 -207.460841 209.471672 -1.432125 -84.736554 0
29 43500.000000 399.225066 -264.765425 479.042152 -0.585598 199.728018 1
30 45000.000000 232.186992 -432.541984 490.920937 -1.078147 -30.653612 0
0 0.000000 164.810102 -523.452470 548.784892 -1.265770 -244.866870 0
1 1500.000000 210.717713 -236.861987 317.026112 -0.843744 -12.831966 0
2 3000.000000 119.041885 -387.064759 404.956909 -1.272427 -183.099631 0
3 4500.000000 521.154591 -328.047615 615.806256 -0.561802 147.248905 1
4 6000.000000 527.072693 -103.994289 537.234060 -0.194803 307.082793 1
5 7500.000000 318.048057 55.479460 322.850642 0.172700 267.397345 1
6 9000.000000 87.781729 -381.345851 391.318656 -1.344548 -201.624100 0
7 10500.000000 695.558623 -565.877597 896.671207 -0.682954 107.612685 1
8 12000.000000 196.567442 -301.895405 360.249351 -0.993640 -68.171826 0
9 13500.000000 157.332987 -228.017378 277.029951 -0.966810 -45.107372 0
10 15000.000000 -112.744057 -211.895513 240.022771 -2.059773 -228.266185 0
11 16500.000000 702.436396 -69.005608 705.817727 -0.097923 457.573278 1
12 18000.000000 161.370800 -47.859943 168.318476 -0.288320 82.893589 1
13 19500.000000 226.976199 -155.996303 275.414309 -0.602138 55.018404 1
14 21000.000000 -143.680747 -415.809701 439.933933 -1.903496 -392.120052 0
15 22500.000000 419.934011 -312.297005 523.329718 -0.639445 85.345076 1
16 24000.000000 382.484125 -415.856455 565.005041 -0.827176 -13.512873 0
17 25500.000000 425.619136 -272.810215 505.546301 -0.570003 116.854514 1
18 27000.000000 426.029378 -74.617632 432.514533 -0.173388 254.767997 1
19 28500.000000 118.523164 47.892548 127.833629 0.384017 118.546812 1
20 30000.000000 317.201238 24.904097 318.177371 0.078351 245.557452 1
21 31500.000000 253.254303 -148.469872 293.566083 -0.530246 79.154798 1
22 33000.000000 43.592889 -196.463541 201.241802 -1.352446 -105.047289 0
23 34500.000000 190.193372 -94.354513 212.311782 -0.460521 71.350672 1
24 36000.000000 364.108305 -609.290568 709.795642 -1.032148 -161.050653 0
25 37500.000000 388.010002 -745.652901 840.565293 -1.090992 -238.535893 0
26 39000.000000 96.934986 -303.085562 318.209443 -1.261250 -140.695904 0
27 40500.000000 -16.748700 -425.377652 425.707254 -1.610150 -307.420663 0
28 42000.000000 -13.514262 -269.313352 269.652214 -1.620935 -196.727290 0
29 43500.000000 326.266468 -133.579393 352.552495 -0.388599 142.035382 1
30 45000.000000 261.782412 -330.291236 421.452644 -0.900596 -40.958830 0
0 0.000000 149.234131 -520.481805 541.453724 -1.291564 -286.019665 0
1 1500.000000 261.800812 -381.155269 462.405671 -0.968943 -107.177515 0
2 3000.000000 129.488640 -403.845503 424.097274 -1.260514 -212.739423 0
3 4500.000000 435.246092 -339.095050 551.746875 -0.661859 40.337559 1
4 6000.000000 538.561093 -188.782823 570.689938 -0.337149 221.124702 1
5 7500.000000 275.994890 63.291679 283.158994 0.225424 232.035727 1
6 9000.000000 121.217369 -377.405072 396.394045 -1.260018 -198.672498 0
7 10500.000000 683.138989 -513.449412 854.581287 -0.644526 77.239904 1
8 12000.000000 226.497703 -273.013962 354.736287 -0.878254 -50.632054 0
9 13500.000000 149.830213 -235.405474 279.042703 -1.003986 -74.147879 0
10 15000.000000 -160.420454 -246.486546 294.092400 -2.147754 -290.425661 0
11 16500.000000 711.073265 -78.864244 715.433265 -0.110457 418.351932 1
12 18000.000000 210.581100 1.166323 210.584330 0.005539 142.083352 1
13 19500.000000 258.752846 -102.176419 278.196075 -0.376085 97.727367 1
14 21000.000000 -112.652916 -418.336982 433.239552 -1.833844 -385.872302 0
15 22500.000000 399.104972 -243.774973 467.665496 -0.548326 86.810142 1
16 24000.000000 398.462080 -368.528324 542.756994 -0.746390 -6.164086 0
17 25500.000000 438.346126 -263.774904 511.590193 -0.541705 98.289603 1
18 27000.000000 431.133828 -65.370678 436.061582 -0.150479 240.630894 1
19 28500.000000 102.476686 111.253175 151.257198 0.826439 151.250622 1
20 30000.000000 311.036141 77.007974 320.427385 0.242705 265.709666 1
21 31500.000000 234.750370 -106.435007 257.752104 -0.425675 78.471967 1
22 33000.000000 68.625065 -155.328542 169.812707 -1.154777 -69.203258 0
23 34500.000000 193.597162 -55.632116 201.431858 -0.279821 88.560159 1
24 36000.000000 390.154777 -589.628868 707.024011 -0.986243 -175.749324 0
25 37500.000000 464.454856 -723.511161 859.759683 -1.000104 -225.237841 0
26 39000.000000 140.967620 -320.234199 349.888285 -1.156121 -143.017908 0
27 40500.000000 21.557164 -419.746562 420.299760 -1.519484 -296.915082 0
28 42000.000000 -31.037470 -271.879009 273.644879 -1.684463 -222.496253 0
29 43500.000000 320.703105 -98.423387 335.466309 -0.297774 142.055970 1
30 45000.000000 279.260750 -299.179258 409.261279 -0.819819 -34.658173 0
0 0.000000 160.077734 -508.175438 532.791852 -1.265631 -297.446479 0
1 1500.000000 254.284628 -389.050685 464.780709 -0.991893 -145.574036 0
2 3000.000000 137.709687 -396.483698 419.718096 -1.236504 -224.079301 0
3 4500.000000 451.983989 -333.520546 561.716548 -0.635714 21.119429 1
4 6000.000000 550.679368 -188.208841 581.953894 -0.329329 196.262607 1
5 7500.000000 264.395529 40.539271 267.485380 0.152143 196.565058 1
6 9000.000000 138.852088 -348.065578 374.739308 -1.191217 -185.515811 0
7 10500.000000 696.797451 -461.558303 835.800667 -0.585043 73.687461 1
8 12000.000000 229.626903 -265.213288 350.808499 -0.857189 -64.139742 0
9 13500.000000 118.236082 -243.109556 270.336877 -1.118129 -116.321767 0
10 15000.000000 -161.222742 -247.431867 295.322369 -2.148285 -293.967293 0
11 16500.000000 708.338117 -47.883350 709.954719 -0.067497 404.276504 1
12 18000.000000 193.526264 17.624675 194.327157 0.090821 134.458396 1
13 19500.000000 252.532035 -74.176116 263.200541 -0.285694 99.487829 1
14 21000.000000 -105.631108 -414.940122 428.174305 -1.820071 -390.251552 0
15 22500.000000 397.366292 -221.278064 454.822989 -0.508096 74.806729 1
16 24000.000000 408.293814 -342.312941 532.805769 -0.697720 -12.998640 0
17 25500.000000 421.256414 -264.305706 497.307222 -0.560339 56.067196 1
18 27000.000000 389.322275 -45.129862 391.929252 -0.115404 207.495326 1
19 28500.000000 61.001613 134.657853 147.830762 1.145441 143.309181 1
20 30000.000000 271.944696 108.193610 292.676912 0.378653 254.161726 1
21 31500.000000 227.953605 -68.216521 237.941884 -0.290774 88.820014 1
22 33000.000000 81.076965 -117.868149 143.060738 -0.968264 -41.585571 0
23 34500.000000 167.630832 -18.420634 168.639899 -0.109449 90.131775 1
24 36000.000000 406.925691 -514.155761 655.701659 -0.901294 -148.190759 0
25 37500.000000 507.885897 -672.677143 842.877585 -0.924089 -209.158291 0
26 39000.000000 158.485314 -288.765632 329.398217 -1.068846 -126.914784 0
27 40500.000000 52.151227 -382.761429 386.297893 -1.435380 -266.704885 0
28 42000.000000 -37.791756 -269.948866 272.581377 -1.709888 -234.600266 0
29 43500.000000 326.708039 -48.783858 330.330149 -0.148224 165.593452 1
30 45000.000000 305.741360 -242.248731 390.079770 -0.670048 1.276805 1
0 0.000000 172.433540 -486.219955 515.890657 -1.229993 -292.855584 0
1 1500.000000 257.468018 -348.411281 433.220730 -0.934387 -131.359941 0
2 3000.000000 144.177010 -361.189443 388.902075 -1.191003 -208.120180 0
3 4500.000000 456.393094 -288.527339 539.946924 -0.563753 33.760828 1
4 6000.000000 523.050180 -140.764485 541.660531 -0.262894 192.549019 1
5 7500.000000 234.074349 47.043434 238.754865 0.198334 175.320880 1
6 9000.000000 131.955590 -325.987839 351.682170 -1.186170 -186.763995 0
7 10500.000000 688.737704 -401.914081 797.429968 -0.528237 78.088878 1
8 12000.000000 239.595358 -281.459467 369.628688 -0.865571 -87.592627 0
9 13500.000000 146.636612 -232.445709 274.833228 -1.008007 -102.371565 0
10 15000.000000 -152.364851 -226.856269 273.274248 -2.162231 -273.107981 0
11 16500.000000 675.640480 -7.919204 675.686889 -0.011720 389.622394 1
12 18000.000000 142.424575 37.385469 147.249560 0.256702 113.773980 1
13 19500.000000 218.193244 -84.383596 233.942051 -0.369022 59.531037 1
14 21000.000000 -121.066149 -432.373767 449.003437 -1.843808 -421.269908 0
15 22500.000000 418.091748 -203.468129 464.973106 -0.452918 80.223942 1
16 24000.000000 442.413641 -335.122414 555.010686 -0.648275 -12.184333 0
17 25500.000000 438.060661 -255.071485 506.910845 -0.527284 50.120550 1
18 27000.000000 374.637543 -1.657179 374.641208 -0.004423 218.257702 1
19 28500.000000 27.482870 151.218879 153.695990 1.391016 138.625577 1
20 30000.000000 233.712866 135.100561 269.951598 0.524133 246.451988 1
21 31500.000000 225.790001 -69.572833 236.265748 -0.298899 75.983539 1
22 33000.000000 79.127710 -142.346543 162.861085 -1.063449 -68.945649 0
23 34500.000000 152.465343 -20.783680 153.875411 -0.135482 72.531492 1
24 36000.000000 437.885274 -496.031112 661.657296 -0.847578 -145.205321 0
25 37500.000000 550.908291 -638.706330 843.472418 -0.859068 -194.548932 0
26 39000.000000 158.077683 -247.611991 293.769045 -1.002613 -107.952750 0
27 40500.000000 65.198727 -349.804501 355.828699 -1.386525 -245.190713 0
28 42000.000000 -27.986126 -255.148691 256.678939 -1.680045 -223.123457 0
29 43500.000000 316.324648 -33.925284 318.138661 -0.106840 157.933287 1
30 45000.000000 316.468496 -223.983878 387.712634 -0.615915 4.034046 1
0 0.000000 182.938554 -459.004128 494.116691 -1.191536 -295.696677 0
1 1500.000000 278.364824 -292.116091 403.508099 -0.809498 -103.542380 0
2 3000.000000 168.020961 -282.445413 328.643355 -1.034150 -152.972204 0
3 4500.000000 460.516278 -251.383837 524.660915 -0.499670 26.389734 1
4 6000.000000 484.044615 -92.309599 492.767948 -0.188442 174.303028 1
5 7500.000000 201.375874 52.292529 208.054683 0.254065 149.835785 1
6 9000.000000 130.621380 -353.241659 376.618659 -1.216611 -232.876076 0
7 10500.000000 714.928757 -382.612273 810.873159 -0.491390 47.489509 1
8 12000.000000 247.457910 -244.086043 347.582241 -0.778539 -78.749710 0
9 13500.000000 172.607194 -186.287216 253.960962 -0.823497 -68.597344 0
10 15000.000000 -146.369553 -196.328056 244.885181 -2.211434 -243.879752 0
11 16500.000000 640.646305 21.370255 641.002633 0.033345 353.070838 1
12 18000.000000 88.610254 52.250637 102.868392 0.532788 90.859904 1
13 19500.000000 204.952454 -73.298500 217.665290 -0.343462 44.635083 1
14 21000.000000 -129.913722 -421.533521 441.098724 -1.869753 -427.273027 0
15 22500.000000 405.038685 -106.159798 418.719762 -0.256332 121.200619 1
16 24000.000000 473.085590 -256.057862 537.936432 -0.496101 28.974697 1
17 25500.000000 464.714974 -190.187542 502.126785 -0.388460 80.755971 1
18 27000.000000 376.167704 63.930385 381.561575 0.168343 251.117339 1
19 28500.000000 22.249974 152.244360 153.861647 1.425677 141.422447 1
20 30000.000000 254.599303 159.159418 300.254102 0.558698 268.761742 1
21 31500.000000 226.675097 -71.209633 237.597162 -0.304386 57.769863 1
22 33000.000000 90.644567 -145.814843 171.692766 -1.014616 -76.933541 0
23 34500.000000 158.837718 -40.210539 163.848430 -0.247946 48.740377 1
24 36000.000000 467.639632 -485.460966 674.061699 -0.804094 -169.444786 0
25 37500.000000 574.979282 -598.115312 829.664451 -0.805118 -209.381852 0
26 39000.000000 163.305006 -207.811000 264.298953 -0.904753 -91.809067 0
27 40500.000000 98.665636 -360.603034 373.857535 -1.303720 -255.854449 0
28 42000.000000 20.371128 -262.167507 262.957762 -1.493249 -212.858079 0
29 43500.000000 342.207657 2.600492 342.217538 0.007599 181.081586 1
30 45000.000000 358.321784 -221.388953 421.197779 -0.553441 -1.453598 0
0 0.000000 248.123926 -422.844761 490.268472 -1.040142 -251.998977 0
1 1500.000000 316.732325 -251.692762 404.559776 -0.671473 -68.912864 0
2 3000.000000 197.576788 -245.270032 314.950752 -0.892682 -120.434661 0
3 4500.000000 485.347175 -215.383213 530.991345 -0.417662 43.828917 1
4 6000.000000 493.816477 -55.932064 496.973952 -0.112784 187.800300 1
5 7500.000000 191.089733 75.888188 205.607157 0.378033 158.250558 1
6 9000.000000 191.143210 -337.172938 387.583948 -1.055071 -204.160023 0
7 10500.000000 752.013224 -366.595940 836.610107 -0.453586 39.065087 1
8 12000.000000 241.362335 -249.589247 347.203929 -0.802154 -103.221156 0
9 13500.000000 184.547697 -176.154892 255.124280 -0.762134 -66.040177 0
10 15000.000000 -121.712587 -188.428304 224.319369 -2.144309 -223.718414 0
11 16500.000000 638.570806 41.699889 639.930899 0.065209 342.903214 1
12 18000.000000 94.711818 27.194958 98.538796 0.279611 69.293959 1
13 19500.000000 223.431162 -82.540046 238.189721 -0.353870 34.753097 1
14 21000.000000 -97.058700 -461.279449 471.380018 -1.778183 -451.302696 0
15 22500.000000 425.103907 -105.335663 437.959968 -0.242896 111.491098 1
16 24000.000000 468.735279 -240.683236 526.916675 -0.474368 13.661163 1
17 25500.000000 459.462159 -184.311415 495.051687 -0.381494 58.675842 1
18 27000.000000 357.086339 64.136841 362.800479 0.177717 227.565863 1
19 28500.000000 -2.683676 139.161346 139.187220 1.590079 120.818366 1
20 30000.000000 246.903590 171.600502 300.679422 0.607369 269.005522 1
21 31500.000000 219.206753 -107.816232 244.286595 -0.457104 10.548373 1
22 33000.000000 86.865624 -135.376462 160.849069 -1.000307 -77.116378 0
23 34500.000000 188.021723 -44.410712 193.195445 -0.231949 51.223842 1
24 36000.000000 485.388799 -501.046039 697.602623 -0.801269 -206.803023 0
25 37500.000000 573.213720 -568.976822 807.656234 -0.781689 -224.279722 0
26 39000.000000 163.121736 -187.692511 248.670825 -0.855323 -86.441496 0
27 40500.000000 153.374701 -327.068641 361.244647 -1.132306 -213.411172 0
28 42000.000000 49.768696 -249.963849 254.870259 -1.374263 -195.454813 0
29 43500.000000 336.221776 41.650633 338.791761 0.123251 197.827114 1
30 45000.000000 367.018009 -206.977296 421.357117 -0.513485 -5.556353 0
0 0.000000 253.481751 -468.293135 532.495501 -1.074666 -325.868370 0
1 1500.000000 332.714805 -294.593066 444.391962 -0.724702 -134.963973 0
2 3000.000000 186.346405 -239.124582 303.159278 -0.908814 -143.393762 0
3 4500.000000 476.931979 -163.276613 504.106502 -0.329842 43.441461 1
4 6000.000000 489.269294 -37.227943 490.683566 -0.075943 163.720440 1
5 7500.000000 222.038758 84.389528 237.534845 0.363205 166.940012 1
6 9000.000000 232.512654 -312.543493 389.545337 -0.931187 -191.886071 0
7 10500.000000 800.649297 -393.238968 892.006829 -0.456543 -36.044160 0
8 12000.000000 264.623810 -263.547216 373.474090 -0.783360 -134.091099 0
9 13500.000000 211.412194 -145.365819 256.566438 -0.602351 -47.504078 0
10 15000.000000 -97.919429 -216.465963 237.583097 -1.995607 -237.574133 0
11 16500.000000 659.876238 88.105465 665.732095 0.132733 347.320626 1
12 18000.000000 139.798759 52.866312 149.460831 0.361538 104.864016 1
13 19500.000000 257.556407 -29.950541 259.291993 -0.115767 76.714290 1
14 21000.000000 -36.188322 -476.460802 477.833119 -1.646603 -450.428884 0
15 22500.000000 446.935272 -94.479343 456.812307 -0.208327 94.242548 1
16 24000.000000 527.175169 -275.599852 594.868840 -0.481710 -38.987213 0
17 25500.000000 545.418136 -258.684295 603.654294 -0.442866 -16.141049 0
18 27000.000000 436.319102 26.349590 437.114012 0.060317 200.469017 1
19 28500.000000 39.178993 116.905080 123.295544 1.247425 122.765567 1
20 30000.000000 236.530131 275.674597 363.239571 0.861673 347.758999 1
21 31500.000000 223.166649 -83.091602 238.133507 -0.356428 14.207187 1
22 33000.000000 114.425570 -111.121315 159.502845 -0.770749 -55.385646 0
23 34500.000000 197.454849 17.409102 198.220822 0.087940 95.738258 1
24 36000.000000 535.085984 -441.865357 693.946687 -0.690266 -187.866371 0
25 37500.000000 692.291303 -553.842049 886.571071 -0.674749 -226.742055 0
26 39000.000000 242.648130 -192.559169 309.769509 -0.670810 -78.043946 0
27 40500.000000 217.052576 -295.884978 366.960135 -0.937893 -182.898391 0
28 42000.000000 122.318731 -243.768499 272.736050 -1.105724 -173.522517 0
29 43500.000000 315.109771 113.750122 335.012325 0.346428 231.416029 1
30 45000.000000 384.877904 -152.026951 413.815412 -0.376189 16.521194 1
0 0.000000 365.111876 -473.802957 598.160450 -0.914242 -303.598771 0
1 1500.000000 402.589985 -266.164274 482.620054 -0.584160 -96.951177 0
2 3000.000000 178.436365 -232.535470 293.107969 -0.916283 -149.283203 0
3 4500.000000 537.566386 -124.994842 551.906994 -0.228460 84.351614 1
4 6000.000000 501.609953 -7.368986 501.664078 -0.014690 180.103228 1
5 7500.000000 164.450026 157.532859 227.728814 0.763918 207.471687 1
6 9000.000000 170.963443 -224.750722 282.385173 -0.920495 -144.844306 0
7 10500.000000 890.517613 -246.761764 924.074125 -0.270317 102.895731 1
8 12000.000000 290.992987 -193.054677 349.209145 -0.585761 -70.698748 0
9 13500.000000 149.394228 -118.064801 190.415159 -0.668792 -53.882635 0
10 15000.000000 -171.162597 -197.981131 261.711984 -2.283671 -247.507677 0
11 16500.000000 617.281582 156.982568 636.930198 0.249034 375.723518 1
12 18000.000000 117.015953 53.908651 128.836625 0.431712 93.634829 1
13 19500.000000 211.675380 21.996994 212.815259 0.103547 99.300054 1
14 21000.000000 -63.884979 -451.799812 456.294160 -1.711266 -443.060457 0
15 22500.000000 401.259013 -67.320418 406.867096 -0.166225 87.071708 1
16 24000.000000 547.165219 -134.785849 563.521963 -0.241526 78.843281 1
17 25500.000000 560.366592 -112.115233 571.472259 -0.197467 104.800602 1
18 27000.000000 420.093331 126.484986 438.721846 0.292454 273.934371 1
19 28500.000000 10.038478 129.213020 129.602375 1.493263 123.645532 1
20 30000.000000 99.370172 224.973158 245.941768 1.154868 245.799375 1
21 31500.000000 180.043494 -76.954015 195.799848 -0.403918 -4.311067 0
22 33000.000000 -3.159731 -66.565144 66.640096 -1.618229 -62.947291 0
23 34500.000000 121.254513 -11.846743 121.831861 -0.097392 34.196167 1
24 36000.000000 461.588625 -383.072902 599.840734 -0.692709 -183.449801 0
25 37500.000000 659.724458 -451.822801 799.612534 -0.600496 -173.405084 0
26 39000.000000 220.985729 -151.714853 268.052400 -0.601633 -58.427585 0
27 40500.000000 166.912274 -307.568100 349.939771 -1.073587 -223.205225 0
28 42000.000000 57.141859 -257.896592 264.151177 -1.352750 -218.021643 0
29 43500.000000 261.024199 61.459465 268.162074 0.231243 154.311052 1
30 45000.000000 284.054911 -125.088907 310.377878 -0.414816 -10.215011 0
0 0.000000 318.940461 -415.102915 523.482041 -0.915660 -241.669183 0
1 1500.000000 292.309337 -174.888963 340.633084 -0.539169 -35.149073 0
2 3000.000000 201.858623 -297.045394 359.141852 -0.973924 -184.070277 0
3 4500.000000 429.230404 -149.696899 454.585417 -0.335567 45.487384 1
4 6000.000000 480.042632 -60.571466 483.848975 -0.125516 147.732137 1
5 7500.000000 145.096152 59.779567 156.928296 0.390808 115.442168 1
6 9000.000000 201.799574 -374.639052 425.532005 -1.076708 -254.436457 0
7 10500.000000 784.840934 -265.680076 828.589883 -0.326406 90.459954 1
8 12000.000000 328.057776 -221.768477 395.983790 -0.594439 -62.556302 0
9 13500.000000 236.183616 -161.648818 286.204543 -0.600193 -46.838999 0
10 15000.000000 -106.823485 -293.485852 312.322273 -1.919872 -311.148572 0
11 16500.000000 603.478344 158.916335 624.051691 0.257488 398.811575 1
12 18000.000000 124.613983 45.331654 132.603181 0.348895 93.698435 1
13 19500.000000 229.654505 -28.376549 231.400994 -0.122939 71.220627 1
14 21000.000000 -18.305623 -505.621125 505.952387 -1.606985 -466.089938 0
15 22500.000000 457.283848 -62.977490 461.600132 -0.136860 135.943744 1
16 24000.000000 542.280107 -200.742910 578.243401 -0.354541 46.934559 1
17 25500.000000 546.105812 -162.827005 569.863310 -0.289768 82.921559 1
18 27000.000000 381.078365 66.507106 386.838358 0.172783 221.156967 1
19 28500.000000 3.687839 8.813253 9.553721 1.174493 9.546271 1
20 30000.000000 167.484525 127.493956 210.489370 0.650649 186.278422 1
21 31500.000000 260.404599 -190.743773 322.790555 -0.632200 -62.990057 0
22 33000.000000 112.366063 -276.839679 298.774731 -1.185224 -203.530949 0
23 34500.000000 120.136451 -30.293365 123.896952 -0.247009 23.251700 1
24 36000.000000 578.198845 -467.452746 743.522679 -0.679880 -179.684344 0
25 37500.000000 773.187775 -541.883589 944.170090 -0.611292 -164.846990 0
26 39000.000000 210.777445 -182.712004 278.945887 -0.714194 -76.658286 0
27 40500.000000 164.258129 -280.899499 325.400156 -1.041660 -185.305919 0
28 42000.000000 195.846111 -218.002182 293.054006 -0.838884 -114.953037 0
29 43500.000000 222.074214 131.965415 258.325042 0.536174 213.376101 1
30 45000.000000 50.828942 -120.670332 130.938575 -1.172130 -87.935093 0
