-147.010723 250.296077
-166.224989 -208.162341
-869.294759 325.858085
-60.887123 -792.455797
-836.536329 -523.934639
-259.589331 -813.925979
-826.330610 121.114944
341.250128 168.280184
-312.905154 -527.914878
701.483972 -478.321396
529.106742 -462.561174
942.563316 -635.660678
-65.127231 411.732381
646.940495 -508.497547
774.068016 403.533546
732.952512 -464.498080
314.411177 -430.097687
623.771310 -362.487430
-303.220744 -245.289898
211.419586 574.021698
632.617113 724.211745
-292.195262 453.830274
478.567670 688.767782
573.719825 -457.955539
230.668488 502.485246
217.232636 -647.969058
-635.759543 436.039703
-852.998287 -723.889929
-814.195890 173.512590
-722.005855 -694.992263
-746.880957 -666.764473
-475.444813 -593.037335
-436.246239 -488.589067
1.384033 -64.730069
157.954391 6.813831
249.230639 8.850357
160.037554 38.310946
313.968833 233.524869
463.309540 203.479186
275.610303 431.092435
468.571315 336.494843
304.818490 313.962642
207.302648 -211.088112
-317.180089 -332.847205
-529.833197 254.823307
-520.979742 744.680796
-251.600061 1204.413899
-379.334582 919.220974
362.835629 -261.077575
-63.198006 -833.813344
-1410.724191 -531.314225
-1832.945817 1303.990027
-743.918028 1019.090474
-1284.652505 -155.709263
-913.432689 -693.934311
37.516213 -536.428839
661.020775 -1118.330477
-1473.906995 -1200.058627
-427.411009 -1233.447367
455.909676 -258.048586
-377.660197 272.936213
-387.882063 756.853523
2467.502666 -303.206402
1806.054275 -1085.364777
1908.868821 -1977.427887
1990.125594 -1395.824190
-428.516760 -1026.222458
-1950.835406 1313.268156
640.426344 2044.299516
2440.742061 1591.552503
1815.450102 337.578528
2941.870294 -1487.164468
3065.414226 -2029.492274
1121.866038 -910.328782
-571.608470 502.283190
-653.294715 2106.490457
-1252.919720 1347.624268
-417.836971 795.669319
1376.388158 -2069.037802
1299.349130 -2999.035304
-172.173693 -2263.127923
-2058.418374 262.516444
-2388.213269 3261.339381
-1507.860036 3356.417892
-973.587249 626.087123
54.035232 -1584.876778
-129.639120 -1884.046800
288.929091 -1907.462315
-2391.907637 -496.584809
-2033.587624 -36.060636
-1480.750458 1070.048770
-1304.203580 -429.842724
-1902.734595 -361.296451
2133.810440 -2129.161122
806.904329 -1884.695507
1345.632873 -2273.244593
1320.501918 -946.839876
-725.282210 111.920974
-1917.122150 1418.814220
821.125034 2264.712522
2112.768079 679.545121
1367.000444 248.682580
3090.196176 -771.182518
2229.854070 -1202.443848
779.788123 550.039213
-706.358753 1201.647151
-349.860808 2785.521846
-1167.917733 850.684559
-405.350021 323.503299
600.895204 -2291.249558
811.036904 -2404.156194
-523.311918 -1833.070744
-1997.694628 268.591754
-2206.535734 2230.146676
-865.107413 2421.748173
-328.232843 -539.426443
143.262980 -1594.846844
367.459699 -1288.552207
672.482130 -879.444272
-1247.125468 828.269354
-758.304168 -0.660094
-239.230277 1187.118111
-498.288349 -1075.280903
-1551.710818 414.743298
1951.350561 -1213.491805
114.447117 -655.678989
869.440809 -1252.943107
1308.442417 -887.522689
-470.065429 116.383911
-1887.966346 940.821836
905.857454 1770.221228
1679.851633 739.308563
660.411756 175.066718
2279.888883 -368.421813
1422.613277 -1723.860713
-294.088805 -20.089151
-1023.821198 931.817190
-366.998361 2797.097783
-924.099181 1647.889581
110.635054 561.481252
1125.309624 -1650.978146
1428.714648 -1982.618150
-428.149469 -881.470893
-2047.961080 1056.534956
-2541.263359 2632.908939
-1198.327011 2499.172305
-959.707260 -778.709734
-597.339413 -1478.865739
-807.615251 -1268.522463
-319.418238 -565.581062
-2035.933827 1054.415153
-752.303367 267.232115
-443.779888 924.746770
-868.467641 -1339.880059
-1393.090025 198.181661
2192.365059 -1144.651491
351.079123 -546.288537
1170.387455 -1701.255487
1693.656752 -1392.611076
-249.512177 -984.506887
-1311.629115 469.734595
1314.716736 1357.046514
1982.897688 879.553144
1191.636077 707.499707
3395.443477 -178.164977
2630.341895 -1187.157607
846.989632 257.783214
-20.118911 1430.672265
607.464344 2972.102320
-718.819073 1522.735457
72.799247 788.486883
1087.347015 -1837.359369
995.610145 -1933.990065
-752.898586 -1725.834762
-2107.858541 300.534553
-2324.169870 1914.279168
-1253.056250 2048.010610
-828.496818 -521.841196
-198.844271 -1733.645997
-334.872175 -1148.220773
67.366248 -1223.849710
-1969.555331 833.877437
-1068.660542 6.933134
-1092.613612 1068.114876
-1062.868529 -875.506277
-1558.360099 576.506455
2048.344596 -764.567900
196.298436 -649.141238
1336.005615 -1727.465719
1520.484955 -1284.033457
-360.415255 -885.970433
-1974.343486 501.699364
578.400290 1070.105504
1180.273904 571.737668
842.869358 159.606418
2907.052191 -614.603495
2419.689355 -1742.110321
605.109749 -70.567919
-48.044883 1108.942983
594.858692 3363.862224
-530.211298 2098.634466
383.899133 1402.127337
1567.533330 -1549.931252
1398.573590 -1965.475782
-409.652595 -1613.678643
-2054.583155 396.507967
-2884.443175 2213.576135
-1658.730875 2421.891059
-1158.440043 -592.255181
-616.309238 -1614.317246
-586.582198 -1671.434536
2.646568 -1057.763190
-1737.742926 531.305884
-829.888888 192.595636
-594.276669 1107.904589
-843.547366 -1077.519510
-1505.090259 527.748275
2071.144042 -1075.492834
401.212373 -641.760411
1247.091335 -1555.047069
1576.903457 -1301.588571
-174.580794 -584.601590
-1780.001986 797.123718
885.758362 1634.850830
1758.779854 1044.090458
651.947371 448.450085
2879.916147 -189.697991
2302.974505 -1453.348731
138.653794 167.980108
-461.563526 1334.813030
281.203168 3125.446760
-1088.919850 1866.998306
113.971494 792.878474
972.528143 -1696.908333
981.483605 -2126.930719
-677.003424 -1516.576022
-2160.756296 445.834602
-2775.136854 2004.830694
-1349.468705 2318.657613
-1000.477403 -593.732683
-308.971639 -1535.117799
-191.459007 -1199.924715
210.467844 -1029.589602
-1614.581425 775.768713
-687.497702 240.223232
-657.230116 1260.760066
-840.855207 -813.704559
-1364.821855 698.519479
2247.257628 -1084.732776
255.072795 -472.650375
1226.453540 -1731.717832
1563.958839 -1362.722297
-528.000510 -891.774676
-2270.021616 820.141326
1004.362258 1537.799320
1295.906038 727.996944
606.840201 42.222301
3168.991292 -554.789636
2643.869065 -1798.547749
259.726006 -88.173876
-78.570188 817.585130
369.128484 2872.139002
-586.561601 1442.616251
325.521475 754.382961
1592.180721 -1973.213113
1503.911949 -2194.786129
102.955902 -1540.967060
-1226.821467 193.831837
-1953.759236 1881.061916
-1110.212331 2302.571647
-696.090156 -521.967314
72.379561 -1056.703275
-177.490148 -1261.596326
339.543368 -836.536784
-1391.070851 568.754679
-533.635529 223.811037
-831.302699 1382.366097
-857.001859 -748.005965
-1770.551035 880.053297
1884.654351 -991.970285
-344.572445 -556.019989
913.259905 -1610.719395
919.891087 -1481.469907
-756.425568 -861.161008
-2631.076523 683.793293
501.289870 1621.315366
904.212646 1099.838610
245.919869 279.347761
2735.662474 -226.392384
2383.440662 -1621.521144
-108.793299 397.093223
-342.539516 1428.002960
302.962877 3412.450139
-1118.753960 1820.422580
1.709546 1105.233842
895.253279 -1597.141111
588.567871 -1711.654663
-1173.981537 -1246.472391
-2101.070722 968.549986
-2619.992941 2221.948361
-1547.285793 2677.592205
-1195.889819 -621.650573
-353.379713 -1178.984557
-523.135516 -1196.965198
-32.562555 -904.947295
-1836.352439 624.095861
-962.901255 161.683501
-638.680814 974.607568
-590.362777 -1274.657795
-1233.324676 287.400694
2554.390401 -1313.996535
478.054543 -567.589529
1538.972888 -1611.414170
1993.064516 -1056.957232
281.744924 -752.861852
-1550.213452 838.055154
1595.988506 1717.147008
2085.008105 971.548645
1101.054274 277.035248
3348.481520 -107.151508
2828.984751 -1464.530015
441.263103 231.570049
-471.647050 708.826504
290.554852 2909.459924
-807.692625 1480.814729
26.907066 665.764818
1040.302173 -2040.490497
1145.296152 -2664.118084
-520.124217 -1781.113201
-1819.515041 -116.296885
-2543.852903 1589.050877
-1387.943625 1883.494445
-1085.017239 -1092.530053
75.711985 -1574.648519
39.173012 -1739.960414
491.136791 -1156.813951
-839.788973 -173.594335
-164.284996 -204.305738
-355.469922 1286.650608
-332.388652 -807.829156
-1137.679478 193.201324
1982.231867 -2431.611429
-20.302579 -858.937475
1474.810115 -1621.063421
1072.468507 -16.035853
314.385053 -638.771389
-1165.907606 -221.012474
1286.320615 267.955371
439.948746 209.251986
512.838892 -21.341180
970.578010 -348.865656
1438.400056 -955.057762
1239.049561 729.245647
888.509017 -368.435013
-251.119331 392.194251
-833.643273 -964.762305
-289.165052 491.937912
288.985002 -1154.688682
-16.356911 -503.168319
-38.012774 -1528.555118
206.706837 -683.004237
382.359361 -774.107313
-12.570981 318.672983
-306.438245 -557.061165
-430.826878 118.016878
-32.676087 -356.171807
62.555135 170.317941
179.142118 -250.643998
-257.140065 79.824975
192.202140 125.575656
-43.186907 264.353815
-324.543029 304.916415
-511.694403 -124.731581
-753.100460 -119.642254
-765.816975 -491.671693
-582.505256 -373.564458
-849.592850 -442.854220
-757.563677 -241.555031
-508.343710 9.947124
-353.548564 -256.755344
-151.566555 -206.838463
-63.237187 -249.088187
-219.956824 -139.942304
-110.736134 158.254052
-116.485899 241.580121
136.981032 195.193700
187.699298 125.792904
154.718667 -167.014961
82.840699 8.619327
62.915676 -109.711316
-78.193980 233.731040
18.700696 170.688478
-110.074088 208.151430
38.941938 139.007242
93.341898 -36.059270
210.421270 28.969232
180.198917 -26.046533
27.887168 80.418548
47.210826 122.729534
-47.571534 35.522964
-76.657129 93.021597
24.131435 -172.686003
-63.384217 -34.771455
-33.460830 -153.747742
54.677792 42.255630
72.427442 28.178412
99.832371 48.291219
119.634560 49.646860
36.148583 13.680639
127.245843 -41.869779
138.027972 -92.877622
59.071894 -5.725410
162.930451 259.654661
438.502981 172.190125
116.983993 268.757805
352.390858 10.638860
40.520036 178.407930
-3.573633 -176.916097
-534.963664 -227.549318
-570.977884 158.173240
-659.018291 420.651887
-161.980775 656.070327
-352.351140 288.414262
29.032573 -478.353417
-93.703554 -571.385594
-887.406770 -487.875856
-1272.594091 704.574289
-457.155809 -25.581825
-951.349046 -760.746180
-664.413952 -1188.606878
-182.923428 -787.185722
584.018877 -1317.627199
-1104.488609 -1455.604821
92.159693 -1636.263999
779.589064 -1083.230504
462.212651 -734.350417
252.825083 287.967147
3237.642307 -367.585057
2670.686213 -309.903787
3375.645902 -2147.348960
3138.321409 -2041.761939
999.829684 -1981.578032
-842.960020 889.839778
1355.136352 1984.586974
1840.033147 1398.163311
1348.886397 385.958753
3024.129480 -1468.054228
2355.357887 -1813.174657
187.162948 -453.667636
-1064.850158 1414.542426
-612.867838 2959.451534
-1516.368206 1369.168278
-878.896331 534.215103
43.685959 -2387.009151
-212.412810 -2578.580344
-1543.106501 -2064.250717
-2580.731336 -285.521278
-3092.221509 1577.728631
-2382.128754 1180.642560
-2072.150836 -964.507294
-1004.019503 -1925.496877
-973.399186 -1702.240480
-191.391618 -1051.186828
-1890.592212 178.765416
-843.578112 205.826174
-569.195626 814.081180
-544.656710 -812.905832
-1158.045254 722.724750
2052.807721 -847.920169
199.861575 -177.371779
1529.402799 -1670.993459
1698.535344 -1308.838886
41.479671 -1071.657433
-1877.022204 441.283016
863.804672 1434.579956
1095.637043 929.189843
717.829652 474.443360
3120.516565 -604.814377
2310.167237 -1741.911041
145.188483 97.960187
95.440904 1298.814606
520.323576 3267.266932
-620.706208 1322.828320
336.620093 896.354987
1169.196100 -1843.951256
998.788468 -1713.649228
-541.886942 -1286.567588
-1576.186070 307.147808
-1999.742537 1809.646279
-1097.260454 1783.361772
-1191.300590 -650.316486
-279.021779 -1226.847453
-588.916489 -1249.372043
-81.575034 -670.193600
-1759.384380 731.517456
-675.620627 450.029667
-984.915831 1199.298507
-600.510639 -923.051321
-1173.395592 705.942446
1713.930664 -871.919674
-294.470022 -253.758818
1108.631606 -1575.442964
823.510833 -1370.267791
-493.045190 -918.174252
-1900.622526 513.967920
585.154947 855.518217
696.444251 785.790747
582.704607 72.470363
2941.390036 -330.561386
2107.507959 -1693.852923
-126.083554 300.872102
247.916577 1382.980247
826.386618 3185.357448
-369.019405 1314.343727
767.875358 684.684842
1336.572071 -1752.620741
1091.362840 -1510.158624
-492.655023 -1123.331727
-1424.468982 561.269224
-2031.041299 1697.332969
-996.976131 1869.524339
-952.536987 -633.786415
-49.098936 -1153.359748
-605.469212 -1171.171664
-0.594881 -623.725675
-1673.492425 1081.193923
-592.329759 540.047007
-1082.454500 1241.075622
-496.027999 -1078.438245
-1035.993730 478.103996
1631.146705 -1122.039635
-490.360872 -527.168244
983.717182 -1654.640378
616.319044 -1199.316178
-437.291604 -871.373012
-1587.982350 556.395296
820.353745 563.539827
941.801452 704.974018
933.778418 101.739782
3067.769002 -109.130406
2159.310912 -1450.947756
-104.827347 638.944753
451.729355 1517.987693
996.455603 3247.047501
-449.658359 1057.105757
633.173357 514.769949
1055.070801 -1564.444113
563.774500 -1070.007618
-747.048535 -796.405495
-1721.078080 659.989422
-2271.758300 1612.052584
-963.613955 1825.924643
-1087.151524 -767.490460
-494.748148 -1266.960066
-914.715711 -1169.473783
-299.140752 -555.115476
-1933.114858 1126.935574
-817.881202 402.324278
-1025.529747 644.811373
-518.317363 -1473.434503
-979.298073 292.985071
1813.842129 -1101.042599
-443.214104 -556.204738
750.183555 -1427.743817
1341.235876 -1007.277060
174.013674 -837.848200
-1315.107761 458.618303
1346.866519 607.380847
1687.240351 901.323537
1145.058032 330.688528
3378.666580 -82.652436
2241.155723 -1351.707885
-225.689188 655.105782
387.329384 1860.480160
1158.273190 3137.991544
-597.942584 957.969064
461.531664 477.406006
894.716195 -1386.225649
393.720413 -739.039985
-1042.023296 -678.642452
-2035.480713 565.841539
-2400.238335 1578.800545
-1175.296697 1712.805387
-1406.368569 -874.630707
-879.325092 -1691.678884
-1068.200085 -1134.634301
-314.043438 -762.240362
-2143.539848 885.103460
-1106.921032 -21.939018
-1022.276883 205.380901
-647.912517 -1466.216307
-929.586201 317.347375
1995.782720 -1066.311372
-293.603413 -637.840135
872.776151 -1342.082079
2162.930232 -814.822424
590.937208 -1098.278440
-1387.813131 61.032269
1428.722445 542.946367
1976.519047 967.753627
1340.448634 234.791786
3555.932335 -529.344413
2502.360712 -1216.329350
367.509296 1176.642040
1302.915873 1646.088265
1372.804823 1718.034477
-1164.029039 84.986607
59.659600 1126.457936
1093.422018 -243.027066
122.909136 -250.860262
-808.874517 -788.680647
-656.544722 -12.771366
-1423.143443 636.809955
-1810.363102 1050.481312
-2870.225087 377.659989
-875.414784 -96.244996
-500.968122 -795.997756
-1026.898092 -1560.487232
-2187.447685 -644.090323
-773.670426 -997.739608
-2499.375617 -59.171959
-1781.547874 -950.365420
-1065.731511 1259.845677
1192.711179 -1782.688899
-1451.602525 -310.727783
2279.729384 -613.951308
3909.756049 -1375.696067
1042.630955 -1668.529719
-1506.313986 -853.158248
2477.702254 1003.725484
490.094481 796.869425
-1076.793686 -741.654444
3510.362973 157.318037
2576.094209 -613.396491
561.266604 1610.276382
2765.409217 -58.899243
1919.428363 751.422063
-469.838431 447.119703
385.222204 2158.727004
73.967936 1212.714188
-247.759893 524.877355
-149.724626 -700.654740
1059.753641 -2023.726305
-680.653272 -928.941162
-2260.437145 360.804731
-3365.778491 -100.169487
-1406.672135 1384.795321
-989.546844 -268.774444
-928.361266 -958.659104
-2040.041796 -1553.344462
-251.300933 -1109.801107
-980.795170 660.737018
-969.553284 -457.487108
-1003.013150 1974.691018
722.302400 -1447.238182
-2005.116036 352.519472
1598.487811 -877.485509
2510.521989 -1604.003593
396.535992 -2173.692496
-1828.781686 -846.889166
1899.878057 721.241733
250.748164 439.519162
-1189.283477 -664.687011
2588.748672 357.080082
2192.868932 32.458814
325.340362 1876.073796
2568.668577 -131.696677
2019.267490 457.656180
-166.539274 128.252558
411.004247 2280.301147
-161.508396 1288.659962
-482.760181 750.029313
37.385189 -655.123757
1131.695768 -1842.124032
-710.698891 -1107.727153
-2071.651299 178.534979
-3009.728244 -60.759976
-1053.510846 1671.592888
-600.946058 133.900206
-454.159987 -664.064741
-1836.407528 -1492.157736
45.644872 -1174.181698
-706.501812 728.179990
-793.853390 -296.846922
-1116.932694 2169.531868
869.246574 -1023.078166
-1586.305648 561.884700
2154.280307 -829.255519
2400.886358 -1889.764534
284.953202 -2246.504998
-1999.580350 -579.523732
1424.123025 1076.958245
-207.003594 1022.078852
-1177.539946 -433.228014
2322.199833 599.376277
2283.097239 -216.489721
293.235000 1870.367698
2318.405524 -42.489108
1553.627707 748.666551
-565.914922 383.670958
-111.358542 2308.479258
-453.640828 1218.314258
-600.024115 607.446285
-50.928663 -1000.248893
1149.783245 -1770.337483
-753.154424 -1137.766424
-2024.953456 480.337876
-2926.879344 172.062436
-1070.165326 1979.598688
-565.384985 332.635555
-208.700217 -553.861455
-1816.416355 -1347.987683
67.353520 -919.096504
-904.472033 1142.492285
-487.536157 -387.750095
-1556.595598 2203.347874
752.488580 -683.127336
-1222.006161 700.204983
2303.723952 -672.962932
2147.642088 -2008.400498
991.558667 -2105.680521
-1429.760540 -998.893120
595.180786 824.949352
-245.986260 1609.687634
-818.048908 -379.258782
2068.561964 994.962446
1901.166242 -423.403488
1457.942917 1207.429731
1648.868880 -166.520562
939.282855 942.378737
-326.521294 2152.107340
631.328106 2895.875458
-1144.845711 1225.512989
487.101421 -243.936615
-313.403140 -1832.445836
515.334359 -1669.480937
-1608.890074 -1551.700252
-2764.863606 458.276288
-3460.102822 -65.303582
-1140.018925 1194.012853
-591.020174 -698.705600
-302.388878 -1641.297096
-864.598781 -1089.761303
975.540483 -1004.211843
323.576112 1886.748222
544.352679 -334.077319
92.227864 1312.611786
937.624964 -1862.971376
-35.810332 -355.945326
1555.070328 -1058.900954
1266.915004 -1090.471762
965.013684 -1537.385464
71.226435 -691.138631
715.570515 -84.793995
1230.716555 800.960701
-254.086918 -362.246820
1613.926792 1082.562270
1868.692805 700.872799
1746.249434 1153.293656
1137.310990 -540.587538
1159.097678 -729.761884
-927.237526 514.700304
60.996673 1270.450333
-1188.036693 1189.127765
-122.937852 -655.017002
-515.631172 -1656.716070
785.567000 -2154.282852
-1041.466794 -1688.584006
-1732.376334 -139.635654
-2486.033781 609.791983
-710.620403 1040.092671
-87.431567 185.385679
-27.495804 -1598.163870
-878.397033 -701.491081
537.207025 -1213.580975
-335.034248 1694.620306
-327.105246 76.271782
-365.555310 1268.306958
103.391639 -1647.334349
-971.154042 -810.806428
259.479407 -866.763815
539.703893 -790.336939
-448.723593 -1519.431381
-831.898475 -821.623505
-13.139380 -788.081590
648.075770 -261.074780
-1139.454174 -823.596716
1227.733287 507.510851
2010.692657 521.618155
2095.420439 169.677017
1429.740783 -768.419499
2280.546740 -1031.872402
81.635755 -345.537261
476.432852 -340.356324
-915.075008 620.895232
295.535435 474.675331
847.309323 -424.013947
1546.185843 -1755.607851
616.567263 -1478.696521
918.192151 -190.745065
-565.190632 781.063804
-608.008016 1154.179942
-242.499554 2542.025282
979.763749 139.791497
25.201761 -896.968249
-156.275965 -2780.450147
-1396.674241 -220.759235
-1537.089881 160.007677
-2603.049427 1810.767103
-1700.107507 -293.854647
-1316.054358 -33.106094
-456.951617 -1588.558727
318.030128 -545.134154
-19.673837 -431.972057
259.150709 25.721741
313.367095 -751.233883
-292.880724 -562.163550
-1792.258433 222.060043
402.300393 -868.136563
-1981.397957 -19.175923
737.545988 191.236166
1333.314469 1491.572881
2182.021251 -494.970137
-1255.246658 -890.075778
1798.048907 565.017715
-380.233988 1674.364188
72.388751 2380.507261
-480.416369 1047.168025
902.480236 -452.176846
328.997129 -209.357963
1285.929553 -1811.194343
-1085.600746 352.453680
-1632.315032 -511.778084
-1681.431239 2172.008579
-657.305861 80.463103
-760.190515 39.970539
-524.088345 -1565.697291
-871.474677 -1010.879245
-332.226780 -76.417000
115.856551 2098.384759
-582.423439 -482.502401
-231.472785 769.675999
225.875972 -1675.405288
911.214184 612.521530
336.186044 -970.250366
746.692957 -347.793203
1375.641689 -1726.597679
475.627530 -1036.843070
-421.784760 -144.262706
1806.412698 -979.894434
-1340.131343 452.807221
971.888826 619.264054
2352.489592 2245.652916
2967.263198 -393.179548
-227.462361 -629.552449
2338.242808 -194.697612
57.278491 1636.078903
175.941189 2121.870089
-1094.103979 1490.289139
468.787002 -594.767786
-127.150113 -304.451181
655.824874 -2278.750254
-1465.379827 -345.335553
-1811.080927 -898.492403
-2134.609805 1709.757781
-1073.219206 151.455072
-1136.301413 119.948381
-854.049625 -1476.917941
-1373.067758 -1284.416912
-671.175366 -409.398612
-97.000229 1686.648543
-865.947719 -612.527809
-742.852419 565.862025
-86.673352 -1681.649286
655.466331 691.697071
231.457146 -1088.903086
646.951989 -512.206301
1362.958021 -1957.945489
425.459963 -1048.209819
-239.886269 -229.025139
1737.939253 -1064.382165
-1268.632557 399.421963
991.127565 609.699931
2414.453179 2182.381685
3066.474816 -431.473488
1.899266 -764.467172
2462.615627 -193.663003
316.167609 1496.981323
290.352860 2200.343862
-1017.004984 1409.642198
522.841275 -451.238219
64.108702 -288.881700
779.067928 -2228.056444
-1289.991525 -449.724001
-1663.519947 -982.815843
-1942.070545 1573.458797
-1022.655926 234.533156
-1144.873249 153.892585
-786.203155 -1440.741801
-1341.301799 -1385.376233
-669.011262 -440.450536
-3.278131 1559.296063
-931.245898 -584.188296
-863.668519 467.816123
-170.675381 -1495.751569
540.822501 832.293203
140.053991 -1003.724527
502.379478 -458.746566
1163.319389 -1973.127379
445.337513 -989.727297
-396.187297 -216.062757
1435.606781 -1109.065607
-1414.013277 456.971793
736.977401 529.591611
2147.915911 2035.589985
2905.752184 -629.026496
-285.100569 -877.765575
2348.385075 -218.118119
331.945419 1513.590413
337.151235 2122.013459
-867.658961 1289.475375
599.491570 -488.992456
167.093082 -340.112666
868.795389 -2135.931749
-1265.282651 -387.820819
-1480.827700 -961.578692
-1712.316696 1640.998456
-880.811326 216.686130
-889.662313 122.136831
-626.673274 -1460.566188
-1226.421591 -1362.291559
-537.714194 -333.554234
-5.207463 1630.304197
-921.378065 -537.645557
-744.049157 610.630113
-30.496862 -1446.921806
672.789239 791.929979
123.158512 -1138.279384
300.707937 -560.411737
1018.349044 -1885.983286
206.141851 -913.409623
-676.545578 -66.929010
1331.255992 -995.244940
-1277.520050 349.936798
747.311596 290.007382
2101.573887 1734.196765
2825.330828 -670.184862
-462.851598 -711.759920
2181.159649 -26.460655
448.530272 1570.890980
436.362480 1898.868392
-668.966500 923.385646
696.999264 -655.688692
149.776204 -358.500822
768.895975 -1817.261143
-1285.435982 -78.172944
-1476.068302 -779.452726
-1521.141521 1660.564781
-937.302745 123.450309
-780.622509 33.768669
-615.962214 -1308.630456
-1387.924412 -1204.109778
-629.891658 -90.317450
-51.124630 1667.173496
-1013.234443 -551.648183
-655.381900 475.455362
42.800658 -1582.839712
677.306767 599.177081
81.775654 -1180.422360
147.864036 -523.256726
982.547936 -1791.372612
57.129087 -840.033589
-714.489639 -112.090703
1294.820083 -894.878551
-1247.600244 600.592678
854.798060 458.498696
2173.865375 1939.528249
2751.938528 -612.911646
-432.563922 -511.912544
2037.283361 27.848087
135.527671 1585.830157
328.847438 1782.697400
-825.457950 686.088646
474.595530 -781.859744
96.966093 -584.972147
612.080758 -1947.259576
-1405.596119 -206.330623
-1318.643641 -769.827075
-1268.480552 1584.652356
-838.037307 -12.416015
-603.947785 18.573387
-234.260565 -1177.680297
-1043.235524 -1130.029192
-432.823435 98.853511
197.734878 1535.549786
-827.544885 -615.582293
-670.937201 421.248097
-29.312781 -1513.986403
784.456561 803.488459
56.027867 -1243.079727
111.649934 -487.027930
1227.954471 -2005.827641
76.401378 -1067.428008
-937.505699 -186.375277
1206.560521 -889.659193
-1118.438714 831.747922
900.942529 267.894339
2180.925081 1757.354619
3057.785289 -968.200545
-378.903111 -828.754519
1839.251430 -85.552856
59.840622 1389.692640
206.463469 1914.038673
-986.743300 700.489200
502.705398 -634.944584
524.121618 -583.695754
837.405616 -2146.702404
-1153.894364 -286.045890
-1165.135543 -779.772735
-1279.117469 1904.077591
-996.062348 175.659668
-646.161510 4.265270
-211.310231 -1187.051351
-931.117032 -1413.284630
-535.483539 -81.539411
75.835349 1223.376451
-1007.367504 -508.566886
-825.668137 638.239021
-304.696817 -1279.808169
724.542944 1065.038010
-19.653587 -1180.784471
359.081298 -471.115584
1404.223155 -1886.501753
110.019756 -820.134404
-1046.445222 129.062490
1127.510532 -998.199604
-1676.655559 973.496249
650.773165 230.995441
1734.578366 2081.438580
2645.243194 -1027.123556
-570.531414 -808.515558
1968.979435 -86.459147
-107.374129 1606.019955
157.263700 2415.281746
-1051.231134 1101.568328
438.010916 -586.043740
365.904425 -483.861655
657.036822 -2046.308422
-1426.227654 -3.492868
-1534.412959 -735.098113
-1488.749482 1849.343856
-1013.446314 219.423864
-746.126100 155.889146
-533.965661 -1348.169463
-1277.488582 -1324.520860
-547.904734 -92.027742
389.374814 1765.261668
-898.249208 -166.773178
-469.301392 759.813714
258.809545 -1624.877485
830.023744 565.878832
99.492815 -1261.657393
314.391186 -481.902476
601.327042 -1696.188554
-28.824146 -599.995062
-500.784631 434.460389
1880.366424 -1224.325850
-1275.565982 502.798986
1102.656967 -28.382453
2082.716348 2289.401968
3010.859338 -498.805466
-675.265140 -437.702702
2193.996441 -142.049431
36.840289 1443.502647
444.280886 1773.683548
-896.027163 622.696623
423.482453 -972.828615
-144.671839 -295.314127
584.022234 -1941.660892
-1536.971279 148.721375
-1492.872759 -1008.960869
-1446.319000 1709.512844
-399.435612 -177.968836
-413.513508 -145.344740
-448.132055 -1412.330875
