0 0.000000 1763.966963 -512.163946 1836.815547 -0.282578 883.288185 1
1 1500.000000 1207.069208 -572.433433 1335.925188 -0.442823 447.293269 1
2 3000.000000 2083.656329 -726.330264 2206.621705 -0.335413 957.465687 1
3 4500.000000 1386.768095 -1085.467645 1761.069492 -0.664123 211.020747 1
4 6000.000000 1291.278639 -835.108325 1537.792716 -0.574073 320.814286 1
5 7500.000000 443.737066 -920.657432 1022.014036 -1.121670 -338.354115 0
6 9000.000000 1475.071518 -345.923783 1515.090508 -0.230351 796.931712 1
7 10500.000000 352.268778 -1039.791838 1097.843504 -1.244145 -487.295332 0
8 12000.000000 736.648730 -742.608820 1046.001535 -0.789427 -5.429483 0
9 13500.000000 -24.791644 -1256.550717 1256.795262 -1.590524 -907.057031 0
10 15000.000000 162.020605 -449.100097 477.432271 -1.224562 -203.497695 0
11 16500.000000 619.038159 -427.434057 752.268646 -0.604309 134.624893 1
12 18000.000000 778.421539 -1528.282882 1715.106020 -1.099702 -532.126415 0
13 19500.000000 271.479865 -1546.399589 1570.048727 -1.397011 -902.996985 0
14 21000.000000 491.123074 -759.186685 904.193727 -0.996599 -190.576477 0
15 22500.000000 496.648479 -1289.076086 1381.440142 -1.203048 -561.797355 0
16 24000.000000 957.415861 -747.885740 1214.898436 -0.663141 146.759331 1
17 25500.000000 1173.195471 -1014.795499 1551.192289 -0.713129 110.208397 1
18 27000.000000 948.621648 -1172.609526 1508.275881 -0.890602 -160.125626 0
19 28500.000000 868.725502 -870.762350 1230.004499 -0.786569 -2.869088 0
20 30000.000000 1180.230554 -1398.093256 1829.647210 -0.869696 -156.169931 0
21 31500.000000 1285.016838 -860.839276 1546.710230 -0.590241 298.176017 1
22 33000.000000 428.201262 -1652.145898 1706.734422 -1.317198 -867.167770 0
23 34500.000000 780.948347 -1424.658489 1624.663698 -1.069363 -456.983190 0
24 36000.000000 1529.780313 -298.407771 1558.613167 -0.192647 869.209609 1
25 37500.000000 1614.061383 -807.971035 1804.996217 -0.464114 568.002104 1
26 39000.000000 1072.149225 -1488.335987 1834.297678 -0.946531 -296.391471 0
27 40500.000000 821.498838 -826.599948 1165.387410 -0.788493 -4.960779 0
28 42000.000000 1765.691748 -505.770663 1836.701204 -0.278974 889.032357 1
29 43500.000000 1734.833744 -471.484752 1797.761383 -0.265366 891.509761 1
30 45000.000000 1437.909641 -1150.735887 1841.677827 -0.674914 200.936052 1
0 0.000000 1533.815735 -355.190774 1574.405029 -0.227562 846.498902 1
1 1500.000000 1033.139245 -379.995218 1100.805644 -0.352449 471.639194 1
2 3000.000000 1816.197552 -652.055002 1929.701862 -0.344690 840.283577 1
3 4500.000000 1374.026104 -859.613190 1620.766045 -0.559042 379.247357 1
4 6000.000000 1123.526787 -536.229741 1244.931635 -0.445302 426.794207 1
5 7500.000000 533.958642 -593.187759 798.112492 -0.837898 -34.047505 0
6 9000.000000 1316.594499 -187.015085 1329.810407 -0.141101 809.142273 1
7 10500.000000 642.844354 -674.224517 931.572629 -0.809219 -13.036628 0
8 12000.000000 858.067202 -487.604623 986.933428 -0.516754 271.294124 1
9 13500.000000 -46.080756 -724.177020 725.641642 -1.634343 -539.916565 0
10 15000.000000 146.047450 -196.080466 244.494186 -0.930609 -32.999760 0
11 16500.000000 237.799491 -473.681057 530.021077 -1.105530 -161.841801 0
12 18000.000000 812.101610 -1211.558833 1458.555392 -0.980286 -268.384217 0
13 19500.000000 397.465739 -1335.110627 1393.018090 -1.281449 -650.944539 0
14 21000.000000 690.647121 -1080.221998 1282.136113 -1.001940 -263.153158 0
15 22500.000000 558.839897 -901.333864 1060.520988 -1.015790 -232.022348 0
16 24000.000000 891.236685 -937.127604 1293.255959 -0.810492 -19.744138 0
17 25500.000000 908.134498 -824.140978 1226.342781 -0.736949 71.425938 1
18 27000.000000 740.327379 -878.596497 1148.919681 -0.870599 -86.517496 0
19 28500.000000 566.289477 -568.945996 802.734899 -0.787738 6.009636 1
20 30000.000000 904.606398 -1110.374778 1432.216773 -0.887165 -131.492442 0
21 31500.000000 528.639299 -860.530456 1009.936718 -1.019915 -225.018750 0
22 33000.000000 598.063456 -813.325732 1009.543780 -0.936750 -142.399271 0
23 34500.000000 538.473844 -1330.654742 1435.477664 -1.186272 -547.142121 0
24 36000.000000 599.578923 -677.449572 904.672763 -0.846301 -46.186992 0
25 37500.000000 1089.710016 -486.813268 1193.505374 -0.420137 437.245998 1
26 39000.000000 754.598905 -646.643580 993.764272 -0.708507 86.068549 1
27 40500.000000 518.658752 -624.636383 811.897476 -0.877829 -66.989894 0
28 42000.000000 879.744941 -704.856738 1127.286202 -0.675476 134.668996 1
29 43500.000000 1058.618245 -624.208463 1228.946213 -0.532770 318.852104 1
30 45000.000000 602.965678 -1427.367166 1549.498188 -1.171103 -568.804319 0
0 0.000000 634.147687 -366.471732 732.423934 -0.524008 -711.837999 0
1 1500.000000 645.255236 -30.645230 645.982546 -0.047458 -488.114503 0
2 3000.000000 580.745302 -428.507494 721.722785 -0.635685 -716.003535 0
3 4500.000000 664.916203 186.234272 690.504715 0.273089 -352.669220 0
4 6000.000000 505.657507 542.633668 741.714778 0.820656 8.544665 1
5 7500.000000 362.995232 929.044781 997.441599 1.198317 378.459673 1
6 9000.000000 1022.497793 783.469367 1288.148277 0.653808 -199.281572 0
7 10500.000000 376.137000 1359.811271 1410.874103 1.300934 666.231387 1
8 12000.000000 46.564838 395.335219 398.068109 1.453551 239.131764 1
9 13500.000000 214.436878 954.328978 978.124211 1.349768 503.419268 1
10 15000.000000 1009.545243 1177.861747 1551.302644 0.862195 82.271722 1
11 16500.000000 -820.382554 -192.651222 842.699252 -2.910941 460.750349 1
12 18000.000000 -145.813358 584.910054 602.811170 1.815108 509.184303 1
13 19500.000000 -385.186542 342.738313 515.595019 2.414443 515.288023 1
14 21000.000000 145.111004 473.542170 495.277084 1.273444 221.787271 1
15 22500.000000 1522.010966 385.901445 1570.171107 0.248314 -835.145993 0
16 24000.000000 687.964198 369.285588 780.811490 0.492637 -243.020742 0
17 25500.000000 735.811843 306.259629 797.003155 0.394410 -321.143386 0
18 27000.000000 786.403972 360.493717 865.093595 0.429824 -320.328216 0
19 28500.000000 362.138435 624.713913 722.088443 1.045447 169.053692 1
20 30000.000000 863.782194 -135.880355 874.404454 -0.156030 -718.885811 0
21 31500.000000 -230.221012 530.180352 578.007717 1.980460 532.499093 1
22 33000.000000 1770.960054 639.413526 1882.856652 0.346489 -840.353469 0
23 34500.000000 482.121451 205.750636 524.189296 0.403361 -206.913568 0
24 36000.000000 -679.853614 743.514429 1007.479351 2.311499 1005.121189 1
25 37500.000000 -236.879052 404.339178 468.616961 2.100741 450.471442 1
26 39000.000000 691.725358 634.172052 938.433888 0.742018 -62.938154 0
27 40500.000000 959.019001 492.691228 1078.175352 0.474583 -354.015506 0
28 42000.000000 77.516408 933.559742 936.772430 1.487953 588.174050 1
29 43500.000000 105.065615 1019.978344 1025.375348 1.468151 627.876484 1
30 45000.000000 -317.966894 666.153393 738.148555 2.016134 689.838269 1
0 0.000000 358.519894 1559.917556 1600.587172 1.344887 1270.781813 1
1 1500.000000 1317.986314 1231.873787 1804.051260 0.751640 574.385167 1
2 3000.000000 329.251964 1323.521713 1363.860909 1.326976 1067.808857 1
3 4500.000000 1505.590067 1144.543811 1891.238214 0.649995 417.119299 1
4 6000.000000 1759.808265 1419.733282 2261.098787 0.678846 562.106017 1
5 7500.000000 2661.473882 1107.786278 2882.816967 0.394419 -95.673265 0
6 9000.000000 1726.801249 1546.457109 2318.053524 0.730358 691.107416 1
7 10500.000000 1885.183950 1183.185431 2225.723767 0.560484 294.864069 1
8 12000.000000 1765.221312 1476.300890 2301.188953 0.696502 611.335391 1
9 13500.000000 2313.206721 367.925126 2342.283978 0.157733 -624.489753 0
10 15000.000000 2700.356684 651.937528 2777.939661 0.236893 -526.601307 0
11 16500.000000 12.588561 1749.273744 1749.319039 1.563600 1586.545689 1
12 18000.000000 1096.014422 701.395830 1301.231618 0.569279 183.724038 1
13 19500.000000 1247.756379 826.960702 1496.916826 0.585292 235.055483 1
14 21000.000000 1757.500234 915.019130 1981.430564 0.480020 103.794325 1
15 22500.000000 3641.152106 -642.815130 3697.458580 -0.174741 -2094.919872 0
16 24000.000000 2474.150177 1198.989447 2749.362615 0.451257 65.000912 1
17 25500.000000 2489.655180 613.314093 2564.086015 0.241536 -474.369159 0
18 27000.000000 2451.861896 466.486973 2495.843916 0.188011 -592.302850 0
19 28500.000000 2110.035274 803.987390 2258.017843 0.364047 -143.436126 0
20 30000.000000 2570.460388 -219.213416 2579.790908 -0.085076 -1265.444377 0
21 31500.000000 1172.651552 1301.583307 1751.922020 0.837461 698.088215 1
22 33000.000000 2998.735728 -1297.295710 3267.321858 -0.408302 -2424.059989 0
23 34500.000000 2025.883175 -173.337984 2033.285198 -0.085354 -997.863606 0
24 36000.000000 1335.184454 1265.334142 1839.507548 0.758544 597.700631 1
25 37500.000000 1992.474639 1062.213542 2257.931088 0.489786 140.291272 1
26 39000.000000 2200.510409 -102.114711 2202.878452 -0.046372 -1005.471270 0
27 40500.000000 1827.922301 -831.155818 2008.013927 -0.426755 -1514.356077 0
28 42000.000000 1868.456563 639.247775 1974.782936 0.329643 -193.159672 0
29 43500.000000 2017.375142 775.792859 2161.401635 0.367122 -130.665838 0
30 45000.000000 1503.833696 -419.002862 1561.114725 -0.271731 -1004.914607 0
0 0.000000 1542.529862 325.141413 1576.424852 0.207743 -242.783795 0
1 1500.000000 1540.082651 -35.518771 1540.492180 -0.023059 -579.155204 0
2 3000.000000 1212.520122 244.387239 1236.903460 0.198889 -201.308829 0
3 4500.000000 1234.541151 84.631214 1237.438603 0.068446 -358.496524 0
4 6000.000000 1415.154520 466.534252 1490.072658 0.318450 -65.419791 0
5 7500.000000 1438.850338 904.487657 1699.525880 0.561197 335.693012 1
6 9000.000000 1374.828630 1278.038768 1877.108642 0.748929 707.680741 1
7 10500.000000 1056.735216 903.047713 1390.030391 0.707138 469.802350 1
8 12000.000000 1118.470095 948.812949 1466.704253 0.703514 490.711230 1
9 13500.000000 1478.331568 791.518630 1676.891758 0.491575 216.064513 1
10 15000.000000 1669.022441 848.285817 1872.224542 0.470228 201.547342 1
11 16500.000000 -280.822170 1346.513207 1375.484971 1.776404 1358.619159 1
12 18000.000000 523.989715 391.920299 654.344514 0.642190 180.720188 1
13 19500.000000 710.361505 312.072398 775.888297 0.413933 39.990779 1
14 21000.000000 1025.405971 739.525175 1264.260610 0.624814 328.004849 1
15 22500.000000 2698.534357 -399.009887 2727.874001 -0.146798 -1329.700098 0
16 24000.000000 1383.812656 789.788293 1593.330793 0.518622 247.952499 1
17 25500.000000 1643.876607 293.951069 1669.951355 0.176946 -307.874988 0
18 27000.000000 1755.810490 165.349180 1763.578983 0.093896 -467.804851 0
19 28500.000000 1498.228238 595.251853 1612.145347 0.378180 25.490137 1
20 30000.000000 1699.284507 -106.816233 1702.638407 -0.062777 -702.257985 0
21 31500.000000 314.098901 732.168718 796.698909 1.165544 573.276957 1
22 33000.000000 2165.162937 -986.915007 2379.481409 -0.427680 -1690.352142 0
23 34500.000000 1143.149162 -372.446211 1202.292055 -0.314962 -753.493856 0
24 36000.000000 720.312070 1046.047121 1270.064588 0.967760 722.773829 1
25 37500.000000 1076.203669 750.514160 1312.054054 0.608960 320.272961 1
26 39000.000000 1809.398401 -64.410930 1810.544487 -0.035583 -701.640693 0
27 40500.000000 1177.435059 -548.274809 1298.829698 -0.435793 -930.058137 0
28 42000.000000 1098.107416 673.461675 1288.173328 0.550137 240.459617 1
29 43500.000000 1245.958226 693.174669 1425.799082 0.507697 206.480900 1
30 45000.000000 1351.961187 -303.933107 1385.703571 -0.221133 -763.451648 0
0 0.000000 1102.660122 592.600156 1251.812402 0.493140 -251.536126 0
1 1500.000000 1577.145942 101.740947 1580.424166 0.064420 -932.418867 0
2 3000.000000 1205.337119 593.171191 1343.387373 0.457324 -316.886398 0
3 4500.000000 1600.918058 -265.377152 1622.764204 -0.164272 -1229.510013 0
4 6000.000000 1559.153883 361.127062 1600.429188 0.227604 -721.743786 0
5 7500.000000 1546.183715 -15.839327 1546.264843 -0.010244 -1002.854033 0
6 9000.000000 1304.014265 796.551000 1528.053238 0.548356 -223.964843 0
7 10500.000000 1367.209548 169.525385 1377.679500 0.123364 -745.863030 0
8 12000.000000 493.010177 443.673130 663.253255 0.732775 24.747008 1
9 13500.000000 536.416948 19.948781 536.787757 0.037172 -328.384897 0
10 15000.000000 773.252201 391.995553 866.936837 0.469187 -194.489823 0
11 16500.000000 -694.902014 666.474350 962.848310 2.377073 956.941721 1
12 18000.000000 418.885658 101.939124 431.111099 0.238718 -190.129434 0
13 19500.000000 72.639911 122.023103 142.007726 1.033843 47.141876 1
14 21000.000000 210.817407 603.893900 639.634131 1.234926 328.569149 1
15 22500.000000 1872.690324 -109.501903 1875.889047 -0.058407 -1283.968688 0
16 24000.000000 405.153235 560.081013 691.259637 0.944549 170.413593 1
17 25500.000000 941.876192 344.556746 1002.920790 0.350698 -338.954765 0
18 27000.000000 984.168867 266.690349 1019.662739 0.264625 -425.836044 0
19 28500.000000 384.036169 833.416653 917.642140 1.139000 393.800895 1
20 30000.000000 764.840487 124.926603 774.975888 0.161907 -394.145689 0
21 31500.000000 -299.551857 1118.696641 1158.107719 1.832427 1050.826595 1
22 33000.000000 2268.384704 229.773784 2279.992359 0.100950 -1277.020544 0
23 34500.000000 490.235212 439.587492 658.458599 0.730982 23.388223 1
24 36000.000000 -347.463581 1232.673566 1280.708812 1.845546 1169.032504 1
25 37500.000000 53.430189 990.990920 992.430244 1.516933 726.611163 1
26 39000.000000 912.023325 544.209572 1062.050189 0.537994 -166.541040 0
27 40500.000000 665.867232 352.309674 753.326806 0.486655 -156.153906 0
28 42000.000000 197.158029 970.192265 990.022384 1.370311 618.551354 1
29 43500.000000 416.935112 1466.609073 1524.721962 1.293818 858.862843 1
30 45000.000000 293.438863 707.663281 766.089868 1.177717 355.300981 1
0 0.000000 266.943467 1340.853583 1367.167563 1.374281 979.352297 1
1 1500.000000 1139.519924 738.975903 1358.157223 0.575318 -0.576875 0
2 3000.000000 282.254597 1100.960286 1136.565532 1.319830 769.796414 1
3 4500.000000 1584.918026 859.628243 1803.032408 0.496974 -141.875794 0
4 6000.000000 1601.688154 1551.538082 2229.949632 0.769495 429.359222 1
5 7500.000000 2000.299571 609.267399 2091.029684 0.295661 -578.033350 0
6 9000.000000 1477.092826 1723.609813 2269.941410 0.862266 641.527869 1
7 10500.000000 2249.136916 903.533063 2423.837631 0.381992 -466.688384 0
8 12000.000000 564.801074 1342.545748 1456.512732 1.172578 818.600646 1
9 13500.000000 1642.697135 188.647645 1653.493820 0.114339 -736.144560 0
10 15000.000000 1776.874064 486.507542 1842.273331 0.267250 -559.356990 0
11 16500.000000 -730.557694 1050.893631 1279.879669 2.178278 1279.235069 1
12 18000.000000 1142.248691 87.146100 1145.568206 0.076146 -548.809573 0
13 19500.000000 820.495442 304.082954 875.030978 0.354915 -191.664352 0
14 21000.000000 785.012093 393.557189 878.140790 0.464718 -97.295239 0
15 22500.000000 2646.065109 -814.567824 2768.606383 -0.298635 -2123.921555 0
16 24000.000000 1147.443487 609.639514 1299.340945 0.488375 -113.376730 0
17 25500.000000 1595.547323 190.996320 1606.938348 0.119139 -708.503417 0
18 27000.000000 1580.532786 171.234095 1589.781432 0.107919 -716.904945 0
19 28500.000000 901.043136 565.612589 1063.859170 0.560561 -16.151293 0
20 30000.000000 1205.370009 -252.714523 1231.576830 -0.206664 -868.247495 0
21 31500.000000 403.616763 1140.036540 1209.375791 1.230528 736.496478 1
22 33000.000000 2592.349739 -654.833478 2673.777114 -0.247426 -1960.692533 0
23 34500.000000 906.249829 262.861597 943.602126 0.282307 -272.930010 0
24 36000.000000 17.690670 1305.202731 1305.322615 1.557243 1085.156522 1
25 37500.000000 996.550624 1018.514505 1424.950856 0.796298 311.737551 1
26 39000.000000 1409.112101 -38.898919 1409.648906 -0.027598 -799.830592 0
27 40500.000000 1036.782499 68.888071 1039.068581 0.066347 -506.702254 0
28 42000.000000 580.561133 1033.679940 1185.557020 1.059057 550.947028 1
29 43500.000000 578.009291 873.746433 1047.629500 0.986358 418.186096 1
30 45000.000000 474.414085 375.998224 605.345677 0.670183 57.084146 1
0 0.000000 543.456185 1095.775086 1223.138448 1.110389 687.855072 1
1 1500.000000 1534.134596 624.998708 1656.560395 0.386865 -208.628705 0
2 3000.000000 935.389155 1306.740755 1607.023420 0.949533 679.243472 1
3 4500.000000 1556.038881 348.480271 1594.583173 0.220318 -460.286594 0
4 6000.000000 1522.705259 1161.620408 1915.200584 0.651685 264.490567 1
5 7500.000000 2287.066202 379.970844 2318.415333 0.164635 -791.725067 0
6 9000.000000 1216.104528 1168.634518 1686.599200 0.765495 421.116622 1
7 10500.000000 2101.387113 642.583482 2197.439721 0.296760 -471.782273 0
8 12000.000000 700.654375 966.544462 1193.785889 0.943549 498.097323 1
9 13500.000000 1495.185358 -143.384268 1502.044708 -0.095605 -858.928290 0
10 15000.000000 1704.262243 481.798428 1771.056046 0.275513 -416.904195 0
11 16500.000000 -419.701661 1043.101825 1124.371336 1.953335 1114.795718 1
12 18000.000000 794.135666 -106.692590 801.270719 -0.133551 -482.805491 0
13 19500.000000 495.734233 180.945677 527.725087 0.349980 -85.722958 0
14 21000.000000 626.595799 310.113159 699.136944 0.459573 -37.433464 0
15 22500.000000 2396.770477 -691.160995 2494.436257 -0.280755 -1778.757934 0
16 24000.000000 1207.056064 427.593258 1280.554698 0.340451 -220.041455 0
17 25500.000000 1302.544228 157.879534 1312.077518 0.120620 -501.894563 0
18 27000.000000 1340.341536 180.456456 1352.434828 0.133830 -500.780713 0
19 28500.000000 683.702016 373.713968 779.173008 0.500232 -10.058389 0
20 30000.000000 1171.427086 -348.717224 1222.229569 -0.289332 -878.877506 0
21 31500.000000 81.309696 337.276955 346.939492 1.334233 253.921686 1
22 33000.000000 1932.018664 -619.296828 2028.848117 -0.310196 -1487.995121 0
23 34500.000000 773.237417 343.021594 845.907747 0.417534 -80.752185 0
24 36000.000000 67.946408 842.157992 844.894549 1.490289 700.337688 1
25 37500.000000 436.381393 489.688951 655.914621 0.842898 212.393534 1
26 39000.000000 1140.372442 71.617308 1142.619073 0.062719 -497.434010 0
27 40500.000000 774.189497 49.914387 775.796895 0.064384 -336.576541 0
28 42000.000000 475.909383 970.533906 1080.937465 1.114892 611.903947 1
29 43500.000000 473.212386 715.481849 857.813639 0.986456 391.024884 1
30 45000.000000 163.995883 307.352594 348.368004 1.080650 187.259379 1
0 0.000000 474.627325 1222.367775 1311.279556 1.200430 776.811819 1
1 1500.000000 1213.412331 731.389061 1416.791955 0.542442 -33.919956 0
2 3000.000000 784.802928 1272.343741 1494.916129 1.018103 652.548065 1
3 4500.000000 1352.834613 319.351897 1390.016951 0.231817 -456.427812 0
4 6000.000000 1447.756876 1005.294523 1762.559801 0.606945 71.468128 1
5 7500.000000 2054.541488 523.552541 2120.199988 0.249516 -660.639757 0
6 9000.000000 1062.180439 1082.040004 1516.257846 0.794660 343.124257 1
7 10500.000000 1559.578981 361.232255 1600.867059 0.227608 -532.023299 0
8 12000.000000 1152.154966 1105.143981 1596.497505 0.764575 314.341415 1
9 13500.000000 1445.925336 -96.601544 1449.148693 -0.066710 -857.379554 0
10 15000.000000 1449.795736 329.420577 1486.750010 0.223425 -499.959343 0
11 16500.000000 -455.275140 1027.151887 1123.528572 1.988015 1111.051984 1
12 18000.000000 692.790543 -171.235406 713.638774 -0.242311 -516.237734 0
13 19500.000000 433.186334 192.159479 473.894150 0.417515 -70.288572 0
14 21000.000000 980.802454 484.425961 1093.911315 0.458762 -117.503638 0
15 22500.000000 2271.511052 -540.213531 2334.864689 -0.233484 -1674.717124 0
16 24000.000000 1176.866951 588.358817 1315.743865 0.463597 -135.005714 0
17 25500.000000 1643.631271 221.216209 1658.451195 0.133786 -695.276514 0
18 27000.000000 1279.575268 264.472631 1306.621077 0.203818 -463.427545 0
19 28500.000000 611.700253 388.710837 724.757418 0.566086 -0.217518 0
20 30000.000000 1135.343794 -146.634830 1144.773909 -0.128444 -732.946348 0
21 31500.000000 66.015380 612.793924 616.339536 1.463482 481.680727 1
22 33000.000000 1986.043452 -594.313745 2073.059917 -0.290764 -1567.191559 0
23 34500.000000 755.809757 276.478620 804.791163 0.350685 -172.251300 0
24 36000.000000 67.470884 1026.979812 1029.193789 1.505192 830.408781 1
25 37500.000000 562.639058 806.869656 983.667298 0.961877 378.969612 1
26 39000.000000 1111.987689 236.933612 1136.949496 0.209933 -396.741148 0
27 40500.000000 754.697993 196.849525 779.947945 0.255147 -238.849428 0
28 42000.000000 308.914620 972.409882 1020.298594 1.263200 654.804933 1
29 43500.000000 356.627164 874.899026 944.791638 1.183737 546.918935 1
30 45000.000000 121.531011 348.566034 369.145048 1.235316 228.924220 1
0 0.000000 346.216147 1323.182405 1367.727055 1.314879 810.887437 1
1 1500.000000 1155.219523 866.037286 1443.798022 0.643292 -53.360127 0
2 3000.000000 562.339647 1412.592736 1520.409194 1.191937 744.455528 1
3 4500.000000 1293.519171 612.109644 1431.038106 0.441989 -337.755697 0
4 6000.000000 1569.796975 1064.001478 1896.407574 0.595668 -160.227533 0
5 7500.000000 1884.368421 711.891700 2014.357004 0.361213 -631.824804 0
6 9000.000000 1712.241531 1683.136862 2400.983290 0.776827 231.497775 1
7 10500.000000 1847.740140 458.562217 1903.791725 0.243260 -805.726727 0
8 12000.000000 1260.934541 1103.870639 1675.853903 0.719078 65.039799 1
9 13500.000000 1516.486411 219.179216 1532.243637 0.143537 -783.468850 0
10 15000.000000 1498.096943 504.747512 1580.842971 0.324980 -549.898310 0
11 16500.000000 -491.340875 975.716593 1092.446211 2.037295 1067.582424 1
12 18000.000000 667.969833 -7.519101 668.012152 -0.011256 -425.994499 0
13 19500.000000 471.391114 272.870815 544.672437 0.524732 -84.369699 0
14 21000.000000 633.802692 572.154112 853.853723 0.734323 46.140232 1
15 22500.000000 2297.563034 -246.460295 2310.744160 -0.106862 -1636.754278 0
16 24000.000000 1101.929617 735.202760 1324.678066 0.588369 -121.553171 0
17 25500.000000 1607.304396 399.016089 1656.092165 0.243333 -700.785826 0
18 27000.000000 1266.693517 312.152340 1304.588651 0.241617 -554.072353 0
19 28500.000000 874.050016 656.745182 1093.287549 0.644385 -39.211962 0
20 30000.000000 1102.822597 47.158834 1103.830439 0.042736 -657.007138 0
21 31500.000000 -71.734804 708.681127 712.302479 1.671676 596.056623 1
22 33000.000000 2003.320131 -291.629179 2024.435508 -0.144558 -1486.791978 0
23 34500.000000 803.241901 206.142316 829.272094 0.251216 -344.977289 0
24 36000.000000 7.529656 947.524162 947.554080 1.562850 731.878730 1
25 37500.000000 270.859697 995.012613 1031.220188 1.305019 603.163693 1
26 39000.000000 972.346573 556.437080 1120.303567 0.519774 -179.020446 0
27 40500.000000 735.610269 286.239432 789.338635 0.371091 -240.169088 0
28 42000.000000 413.172730 1053.164056 1131.311731 1.196932 558.857155 1
29 43500.000000 401.374377 1230.224548 1294.045528 1.255424 703.926861 1
30 45000.000000 88.316762 522.212234 529.627669 1.403261 350.422336 1
0 0.000000 134.134616 1561.754644 1567.504278 1.485119 1029.464549 1
1 1500.000000 1070.513604 1073.051280 1515.730328 0.786582 27.234147 1
2 3000.000000 460.582369 1370.268587 1445.604413 1.246535 664.883365 1
3 4500.000000 1234.838815 740.248302 1439.720267 0.540029 -326.238558 0
4 6000.000000 1545.475963 1399.241361 2084.795515 0.735779 -68.440783 0
5 7500.000000 1724.171643 823.076382 1910.555570 0.445384 -606.849883 0
6 9000.000000 1559.820001 1627.682746 2254.415569 0.806685 85.808974 1
7 10500.000000 2052.586064 669.028036 2158.867310 0.315085 -945.885132 0
8 12000.000000 990.345798 1000.922845 1408.059424 0.790710 31.110577 1
9 13500.000000 1540.217780 376.217917 1585.500152 0.239572 -800.211852 0
10 15000.000000 1642.335744 571.799550 1739.028873 0.335037 -730.599246 0
11 16500.000000 -380.118931 867.352151 946.990050 1.983838 887.753529 1
12 18000.000000 661.075524 327.444658 737.726815 0.459897 -224.147584 0
13 19500.000000 555.597999 366.553940 665.620709 0.583197 -122.711337 0
14 21000.000000 558.700494 731.469900 920.431669 0.918518 137.461051 1
15 22500.000000 2390.687106 -127.515024 2394.085404 -0.053288 -1753.527481 0
16 24000.000000 1067.579691 657.925323 1254.030354 0.552302 -269.150153 0
17 25500.000000 1312.447616 460.005897 1390.727928 0.337115 -581.646800 0
18 27000.000000 1373.690308 395.524447 1429.498042 0.280345 -670.573109 0
19 28500.000000 748.980015 825.629818 1114.735690 0.834038 72.879550 1
20 30000.000000 1055.122552 135.842610 1063.831196 0.128041 -635.803051 0
21 31500.000000 131.043757 1194.861911 1202.026394 1.461560 767.863020 1
22 33000.000000 2023.025529 49.391662 2023.628381 0.024410 -1370.777703 0
23 34500.000000 990.575433 178.063354 1006.452307 0.177858 -560.582377 0
24 36000.000000 -41.485639 1335.002878 1335.647312 1.601862 988.538822 1
25 37500.000000 10.648069 1134.221530 1134.271511 1.561409 807.961901 1
26 39000.000000 653.375790 551.155932 854.794002 0.700738 -57.974699 0
27 40500.000000 659.383744 286.312060 718.861265 0.409647 -252.540768 0
28 42000.000000 414.515560 973.218344 1057.817137 1.168145 411.476610 1
29 43500.000000 250.010106 1507.921848 1528.506903 1.406493 910.215900 1
30 45000.000000 4.812319 748.822297 748.837760 1.564370 534.964587 1
0 0.000000 -72.072588 1568.596340 1570.251234 1.616711 1134.852931 1
1 1500.000000 665.857721 947.870560 1158.371747 0.958410 172.450890 1
2 3000.000000 571.291192 1198.811021 1327.976465 1.126086 414.085960 1
3 4500.000000 1163.575744 887.355055 1463.320712 0.651523 -229.459860 0
4 6000.000000 1423.440835 1565.446102 2115.846240 0.832874 50.549103 1
5 7500.000000 1682.834573 798.771771 1862.785158 0.443170 -666.330594 0
6 9000.000000 1662.502867 1481.066166 2226.538293 0.727745 -180.674438 0
7 10500.000000 2066.632679 938.546733 2269.766640 0.426294 -847.562946 0
8 12000.000000 919.942775 1044.256068 1391.677206 0.848603 55.127829 1
9 13500.000000 1408.653015 536.529408 1507.370931 0.363917 -648.946474 0
10 15000.000000 1863.121148 629.612042 1966.629537 0.325885 -913.543266 0
11 16500.000000 -351.115199 759.858244 837.058203 2.003650 778.543158 1
12 18000.000000 601.410820 208.904856 636.660203 0.334319 -290.977434 0
13 19500.000000 556.832384 518.086012 760.575715 0.749368 -45.313093 0
14 21000.000000 520.705706 675.719717 853.071842 0.914245 89.632119 1
15 22500.000000 2344.966832 11.122194 2344.993208 0.004743 -1689.103276 0
16 24000.000000 1223.171280 525.747633 1331.374685 0.405949 -522.176852 0
17 25500.000000 1375.859066 452.421560 1448.334711 0.317691 -683.271603 0
18 27000.000000 1414.654139 557.814324 1520.658789 0.375593 -638.597165 0
19 28500.000000 659.285102 830.173338 1060.115379 0.899630 95.967819 1
20 30000.000000 1132.758007 118.142314 1138.902239 0.103920 -738.099313 0
21 31500.000000 158.376891 1148.954410 1159.818725 1.433815 678.451245 1
22 33000.000000 1984.466112 168.827399 1991.634615 0.084870 -1319.396882 0
23 34500.000000 1085.264580 273.153928 1119.112272 0.246572 -596.739168 0
24 36000.000000 -180.859983 1324.836736 1337.124792 1.706473 1045.317974 1
25 37500.000000 89.313812 880.295640 884.814879 1.469683 542.986101 1
26 39000.000000 654.994946 639.202874 915.204181 0.773197 -32.742668 0
27 40500.000000 981.252094 515.088613 1108.229196 0.483392 -354.485271 0
28 42000.000000 369.951763 1163.759193 1221.146906 1.263005 535.577877 1
29 43500.000000 72.888090 1593.931607 1595.597268 1.525100 1047.449045 1
30 45000.000000 -79.722812 872.036129 875.672734 1.661964 659.597264 1
0 0.000000 -14.006268 1466.411277 1466.478165 1.580347 974.616269 1
1 1500.000000 697.487317 1143.074401 1339.069693 1.022921 225.923284 1
2 3000.000000 470.296904 1141.128240 1234.241807 1.179874 395.835406 1
3 4500.000000 1219.167163 1124.082220 1658.291111 0.744842 -179.656792 0
4 6000.000000 1309.885855 1512.642415 2000.971771 0.857110 7.436244 1
5 7500.000000 2128.334528 961.633301 2335.497049 0.424370 -971.527589 0
6 9000.000000 1395.131875 1204.776361 1843.333672 0.712312 -259.198273 0
7 10500.000000 1943.899617 1012.733728 2191.888529 0.480291 -798.958015 0
8 12000.000000 1347.093562 1356.433409 1911.693662 0.788853 -123.296794 0
9 13500.000000 1569.759670 426.824784 1626.752845 0.265486 -902.231562 0
10 15000.000000 2058.613082 778.722340 2200.976216 0.361639 -1039.242469 0
11 16500.000000 -244.718374 782.347350 819.728283 1.873955 698.737564 1
12 18000.000000 565.802408 673.648803 879.735798 0.872191 16.535626 1
13 19500.000000 528.701812 579.088225 784.135689 0.830851 -17.675419 0
14 21000.000000 594.077957 723.910968 936.469812 0.883590 28.273390 1
15 22500.000000 2495.976954 149.804461 2500.468423 0.059946 -1782.272388 0
16 24000.000000 1662.720018 585.663186 1762.849745 0.338662 -867.853578 0
17 25500.000000 1666.557226 706.202709 1810.009739 0.400811 -791.498713 0
18 27000.000000 1337.787292 686.939206 1503.848500 0.474381 -556.429743 0
19 28500.000000 603.892734 812.980546 1012.730864 0.931911 79.434786 1
20 30000.000000 1280.979297 151.228612 1289.875208 0.117513 -865.816070 0
21 31500.000000 88.746243 595.774735 602.348264 1.422924 324.808300 1
22 33000.000000 1851.083653 356.770279 1885.151379 0.190401 -1160.269564 0
23 34500.000000 990.167139 383.721741 1061.919647 0.369712 -493.836602 0
24 36000.000000 -232.677478 1142.191558 1165.650190 1.771758 926.236828 1
25 37500.000000 78.781744 883.624202 887.129243 1.481874 521.557496 1
26 39000.000000 1021.696499 938.952611 1387.622334 0.743221 -152.569212 0
27 40500.000000 874.814192 618.529577 1071.391016 0.615436 -252.546679 0
28 42000.000000 239.156497 1198.312917 1221.945038 1.373807 607.598279 1
29 43500.000000 93.134489 1084.811632 1088.802236 1.485153 643.009066 1
30 45000.000000 -190.910691 821.769546 843.654004 1.799064 684.109943 1
0 0.000000 40.721860 1764.740338 1765.210109 1.547725 1113.590632 1
1 1500.000000 889.889748 1529.570446 1769.601513 1.043874 314.725873 1
2 3000.000000 335.283046 1152.681216 1200.453542 1.287734 492.414977 1
3 4500.000000 1104.993957 1149.629574 1594.571981 0.805193 -95.423155 0
4 6000.000000 1328.281210 1450.341027 1966.677418 0.829298 -70.339127 0
5 7500.000000 2054.056617 1205.967787 2381.912443 0.530891 -781.253915 0
6 9000.000000 1212.525999 1292.952610 1772.553455 0.817487 -84.312948 0
7 10500.000000 1258.825620 738.938483 1459.682165 0.530810 -478.879269 0
8 12000.000000 1218.855458 1194.343001 1706.477023 0.775241 -153.087365 0
9 13500.000000 1625.162065 487.791821 1696.788909 0.291594 -920.603310 0
10 15000.000000 1790.912380 819.213081 1969.384987 0.429014 -831.807584 0
11 16500.000000 -332.783310 777.429075 845.659919 1.975253 757.524720 1
12 18000.000000 1063.192207 482.357630 1167.495847 0.425917 -496.389296 0
13 19500.000000 514.849439 532.265019 740.524135 0.802029 -46.653655 0
14 21000.000000 657.901275 734.118052 985.780605 0.840096 -24.617303 0
15 22500.000000 2462.196990 230.594675 2472.971476 0.093382 -1724.519735 0
16 24000.000000 1416.617021 715.232937 1586.934762 0.467550 -614.355928 0
17 25500.000000 1562.817929 794.329346 1753.099823 0.470240 -674.334682 0
18 27000.000000 1275.984222 699.200074 1454.997072 0.501283 -517.713164 0
19 28500.000000 617.632234 748.635582 970.528109 0.880990 15.448999 1
20 30000.000000 1270.862553 307.304148 1307.488994 0.237253 -767.993027 0
21 31500.000000 9.688676 724.845081 724.909830 1.557431 462.749858 1
22 33000.000000 1613.026490 280.042802 1637.155591 0.171900 -1046.109509 0
23 34500.000000 932.638847 276.065191 972.639301 0.287787 -530.818092 0
24 36000.000000 -93.417802 946.494483 951.093419 1.669176 684.987152 1
25 37500.000000 147.869688 875.041356 887.447362 1.403392 454.989750 1
26 39000.000000 700.760925 737.509137 1017.342420 0.810943 -55.040149 0
27 40500.000000 712.727286 541.656977 895.194094 0.649856 -191.175195 0
28 42000.000000 155.540695 1021.057096 1032.836144 1.419625 543.854781 1
29 43500.000000 75.103667 1064.530316 1067.176347 1.500362 633.274856 1
30 45000.000000 -123.946647 633.933258 645.936643 1.763881 505.501113 1
0 0.000000 -7.735755 1662.383130 1662.401129 1.575450 1091.235807 1
1 1500.000000 836.399908 1455.223767 1678.463887 1.049145 316.597898 1
2 3000.000000 406.882044 1463.658875 1519.161052 1.299653 647.439547 1
3 4500.000000 1093.097445 1086.023427 1540.879264 0.782152 -118.887621 0
4 6000.000000 1530.002492 1475.544171 2125.591265 0.767281 -195.497696 0
5 7500.000000 1795.149390 1246.983362 2185.755896 0.607120 -545.559006 0
6 9000.000000 1613.440250 1739.567580 2372.611389 0.822997 -86.314941 0
7 10500.000000 1247.338039 597.694794 1383.145419 0.446850 -554.547403 0
8 12000.000000 1314.622293 1121.731515 1728.153166 0.706391 -263.365619 0
9 13500.000000 1646.451042 647.937575 1769.356984 0.374921 -824.048149 0
10 15000.000000 1635.737561 878.059750 1856.509169 0.492650 -665.685656 0
11 16500.000000 -388.433573 623.548947 734.638639 2.127913 701.332958 1
12 18000.000000 961.055813 462.251544 1066.444919 0.448319 -426.137003 0
13 19500.000000 520.592809 478.085602 706.811655 0.742860 -82.174255 0
14 21000.000000 593.377457 807.469442 1002.049752 0.937055 77.751680 1
15 22500.000000 2348.382774 345.422380 2373.650832 0.146042 -1553.233200 0
16 24000.000000 1216.833732 770.368731 1440.191763 0.564398 -418.702710 0
17 25500.000000 1455.309563 756.647369 1640.256433 0.479458 -608.292754 0
18 27000.000000 1231.314372 584.473330 1362.990886 0.443183 -551.042769 0
19 28500.000000 761.701660 892.610259 1173.431929 0.864365 5.844841 1
20 30000.000000 1140.350545 369.102967 1198.597666 0.313033 -622.759210 0
21 31500.000000 247.294628 1239.819483 1264.241663 1.373920 622.171947 1
22 33000.000000 1912.397404 332.010020 1941.003473 0.171896 -1231.757095 0
23 34500.000000 1567.153864 134.276713 1572.895886 0.085473 -1099.356414 0
24 36000.000000 -42.395500 1010.994452 1011.882977 1.612706 692.194301 1
25 37500.000000 22.889409 1095.311405 1095.550546 1.549902 697.795718 1
26 39000.000000 799.019155 1008.660393 1286.789571 0.900855 53.348634 1
27 40500.000000 639.383623 446.199097 779.682661 0.609287 -192.970083 0
28 42000.000000 338.227455 993.784218 1049.764203 1.242750 392.658334 1
29 43500.000000 166.562894 1288.538229 1299.259006 1.442244 715.130112 1
30 45000.000000 -60.485264 671.369732 674.088855 1.660646 484.153921 1
0 0.000000 -176.293612 1674.247551 1683.503579 1.675707 1172.242386 1
1 1500.000000 773.048448 1422.152197 1618.678713 1.072898 269.761085 1
2 3000.000000 370.379906 1315.414559 1366.563843 1.296333 520.653063 1
3 4500.000000 1036.976964 991.043092 1434.394518 0.762752 -204.007480 0
4 6000.000000 1343.627293 1592.584145 2083.664695 0.869984 -73.907746 0
5 7500.000000 1550.032106 1065.241372 1880.781410 0.602110 -561.829010 0
6 9000.000000 1423.574203 1589.449397 2133.755585 0.840395 -138.737957 0
7 10500.000000 1893.659767 924.745462 2107.392105 0.454274 -918.895703 0
8 12000.000000 1019.638037 1041.416783 1457.467201 0.795965 -159.269962 0
9 13500.000000 1341.193305 685.905466 1506.408241 0.472737 -631.705886 0
10 15000.000000 1629.588740 815.810701 1822.390343 0.464146 -778.396156 0
11 16500.000000 -282.682060 887.260125 931.203349 1.879230 770.114376 1
12 18000.000000 591.298357 365.962365 695.386367 0.554210 -239.263795 0
13 19500.000000 551.311030 494.209961 740.396743 0.730837 -128.635248 0
14 21000.000000 456.806842 843.125530 958.922911 1.074269 161.105541 1
15 22500.000000 2369.704775 331.078801 2392.721023 0.138815 -1659.888912 0
16 24000.000000 1112.977579 658.260055 1293.068208 0.534102 -469.232345 0
17 25500.000000 1441.332706 754.641627 1626.936985 0.482327 -668.054222 0
18 27000.000000 1319.332679 621.817457 1458.525169 0.440435 -654.070864 0
19 28500.000000 620.004720 943.877604 1129.296589 0.989607 94.912587 1
20 30000.000000 1082.440948 359.493963 1140.576309 0.320653 -629.643838 0
21 31500.000000 27.140975 1193.181096 1193.489741 1.548054 715.225234 1
22 33000.000000 1847.400102 537.385991 1923.972671 0.283076 -1121.628394 0
23 34500.000000 1491.050476 334.813288 1528.179132 0.220885 -966.337109 0
24 36000.000000 -173.226313 1157.668797 1170.557303 1.719328 850.933716 1
25 37500.000000 -22.838565 880.709394 881.005469 1.596723 561.648900 1
26 39000.000000 483.106408 828.469317 959.037648 1.042873 131.367793 1
27 40500.000000 602.938187 464.223021 760.945116 0.656138 -187.762474 0
28 42000.000000 345.998800 991.725453 1050.349724 1.235115 340.013423 1
29 43500.000000 20.853930 1510.430597 1510.574551 1.556991 916.016514 1
30 45000.000000 -159.544960 840.671856 855.677372 1.758349 644.481168 1
0 0.000000 -282.483373 1402.705502 1430.866724 1.769523 1029.138342 1
1 1500.000000 454.607210 1124.059709 1212.508946 1.186474 264.203746 1
2 3000.000000 485.304775 1208.488021 1302.291834 1.188929 286.886162 1
3 4500.000000 1064.203841 1183.807917 1591.832591 0.838552 -203.610609 0
4 6000.000000 1155.544267 1731.753175 2081.886551 0.982377 32.400856 1
5 7500.000000 1473.058746 980.131066 1769.338570 0.587105 -655.804186 0
6 9000.000000 1492.170199 1530.658463 2137.635898 0.798130 -358.876026 0
7 10500.000000 1863.691100 1126.407901 2177.645351 0.543646 -894.251603 0
8 12000.000000 839.352457 1073.871395 1362.979208 0.907368 -80.975632 0
9 13500.000000 1152.318027 705.068175 1350.910051 0.549101 -548.024039 0
10 15000.000000 1779.086936 879.103429 1984.432706 0.458942 -965.066055 0
11 16500.000000 -273.438309 776.233937 822.987019 1.909486 665.904501 1
12 18000.000000 555.250704 284.096720 623.710102 0.472928 -295.670115 0
13 19500.000000 452.341158 629.487660 775.156266 0.947705 -14.811073 0
14 21000.000000 384.926929 741.358416 835.332893 1.091892 104.210468 1
15 22500.000000 2244.171967 469.197658 2292.695849 0.206105 -1580.664144 0
16 24000.000000 1162.935017 594.677900 1306.162187 0.472694 -619.456098 0
17 25500.000000 1471.875911 805.009756 1677.635063 0.500481 -754.286434 0
18 27000.000000 1262.515295 791.224784 1489.960244 0.559825 -589.794705 0
19 28500.000000 469.362220 914.502204 1027.917883 1.096610 133.046190 1
20 30000.000000 1092.124365 339.882325 1143.790026 0.301711 -705.878102 0
21 31500.000000 -5.520791 1125.619009 1125.632547 1.575701 643.811525 1
22 33000.000000 1797.198615 532.096331 1874.313039 0.287847 -1177.047516 0
23 34500.000000 1325.647791 400.503953 1384.826878 0.293400 -863.658039 0
24 36000.000000 -364.502154 1122.955761 1180.631806 1.884659 937.769426 1
25 37500.000000 -67.463278 857.236317 859.886852 1.649333 542.373845 1
26 39000.000000 411.122793 835.184633 930.889533 1.113365 135.935452 1
27 40500.000000 822.472648 741.986152 1107.702445 0.733997 -255.568211 0
28 42000.000000 186.967142 1167.167394 1182.047562 1.411957 508.974910 1
29 43500.000000 -223.382253 1499.628676 1516.174725 1.718667 1035.538503 1
30 45000.000000 -328.820164 868.556354 928.715694 1.932704 763.920438 1
0 0.000000 -318.350842 1431.104031 1466.085266 1.789683 986.062665 1
1 1500.000000 401.902825 1226.727140 1290.885493 1.254195 259.246755 1
2 3000.000000 286.610269 1132.091406 1167.808373 1.322837 312.443748 1
3 4500.000000 892.461220 1325.314146 1597.793671 0.978149 -117.876456 0
4 6000.000000 965.665490 1646.595747 1908.870711 1.040391 -22.142703 0
5 7500.000000 1817.833322 1249.983822 2206.122739 0.602371 -958.832877 0
6 9000.000000 1206.486260 1316.904992 1786.014517 0.829128 -394.749247 0
7 10500.000000 1665.379204 1228.428133 2069.425904 0.635535 -837.128102 0
8 12000.000000 1085.345099 1451.886578 1812.718571 0.928871 -222.619112 0
9 13500.000000 1162.004258 626.350366 1320.063891 0.494379 -698.527211 0
10 15000.000000 1875.637535 1088.043414 2168.376036 0.525653 -1089.327777 0
11 16500.000000 -280.884591 639.101709 698.102534 1.984883 560.817709 1
12 18000.000000 381.270127 775.499237 864.156222 1.113855 53.426244 1
13 19500.000000 346.858737 666.316599 751.191582 1.090835 29.172068 1
14 21000.000000 408.513260 804.042419 901.868779 1.100710 43.920912 1
15 22500.000000 2294.870836 627.088072 2379.006433 0.266744 -1681.956563 0
16 24000.000000 1477.511364 773.197014 1667.595111 0.482122 -899.704544 0
17 25500.000000 1386.355192 979.645288 1697.552829 0.615164 -718.177481 0
18 27000.000000 1135.926193 894.964709 1446.129367 0.667302 -542.690160 0
19 28500.000000 398.620428 884.656293 970.316959 1.147449 92.483793 1
20 30000.000000 1176.948105 399.388218 1242.866763 0.327149 -824.042222 0
21 31500.000000 -27.680350 529.225670 529.949066 1.623052 286.450797 1
22 33000.000000 1609.932773 702.158672 1756.391282 0.411270 -1049.924773 0
23 34500.000000 852.423887 465.525313 971.257072 0.499859 -509.427821 0
24 36000.000000 -420.838908 989.228975 1075.025280 1.973024 855.963897 1
25 37500.000000 -108.796087 860.884367 867.731803 1.696507 521.343334 1
26 39000.000000 707.659625 1125.199177 1329.231106 1.009384 -56.618105 0
27 40500.000000 667.800198 791.267710 1035.404121 0.869818 -187.581274 0
28 42000.000000 14.860941 1158.863959 1158.959241 1.557973 561.709158 1
29 43500.000000 -135.176208 1043.936032 1052.651436 1.699567 635.017039 1
30 45000.000000 -434.276697 789.178234 900.776629 2.073862 768.439677 1
0 0.000000 -347.272258 1743.372363 1777.623474 1.767418 1127.910179 1
1 1500.000000 509.645394 1664.465641 1740.742456 1.273669 334.936925 1
2 3000.000000 115.760540 1120.783607 1126.745933 1.467876 426.107941 1
3 4500.000000 773.854003 1348.603537 1554.857394 1.049850 -46.950824 0
4 6000.000000 971.140396 1616.710274 1885.965477 1.029870 -94.599608 0
5 7500.000000 1693.565176 1523.611332 2278.059371 0.732620 -775.641146 0
6 9000.000000 1015.039496 1387.457040 1719.110880 0.939187 -241.361048 0
7 10500.000000 1062.046796 958.237662 1430.441475 0.734060 -485.104574 0
8 12000.000000 995.209680 1301.373138 1638.296173 0.917929 -264.441418 0
9 13500.000000 1422.666870 789.858556 1627.223882 0.506823 -882.519208 0
10 15000.000000 1614.465705 1098.475586 1952.728380 0.597447 -906.236240 0
11 16500.000000 -357.024692 661.013665 751.269390 2.066020 626.414031 1
12 18000.000000 865.917443 747.085812 1143.656517 0.711860 -411.634390 0
13 19500.000000 338.899971 658.813829 740.870334 1.095688 11.584350 1
14 21000.000000 481.033184 876.339644 999.681997 1.068789 -11.258275 0
15 22500.000000 2264.540675 707.894618 2372.606006 0.302976 -1663.664878 0
16 24000.000000 1240.862232 903.746103 1535.088303 0.629482 -668.497510 0
17 25500.000000 1292.902920 1094.643994 1694.061225 0.702549 -624.429458 0
18 27000.000000 1073.440469 925.686405 1417.451855 0.711623 -510.494453 0
19 28500.000000 435.391657 886.340652 987.504758 1.114194 33.710033 1
20 30000.000000 1140.175036 577.475170 1278.075383 0.468818 -733.459284 0
21 31500.000000 -116.170795 687.003198 696.756089 1.738310 426.233694 1
22 33000.000000 1417.071270 665.731026 1565.659217 0.439192 -936.083227 0
23 34500.000000 844.886099 385.660946 928.744791 0.428217 -563.418643 0
24 36000.000000 -250.663587 918.790958 952.370231 1.837134 654.091607 1
25 37500.000000 -80.679659 934.660145 938.135808 1.656903 511.647749 1
26 39000.000000 411.070905 1018.188480 1098.037827 1.187081 117.298180 1
27 40500.000000 543.042343 713.979628 897.029484 0.920555 -142.466798 0
28 42000.000000 -30.531046 1043.615252 1044.061751 1.600043 518.766308 1
29 43500.000000 -182.657225 1119.027730 1133.837167 1.732598 688.479483 1
30 45000.000000 -369.716547 706.695363 797.564205 2.052802 659.137040 1
0 0.000000 -383.632321 1692.731588 1735.659525 1.793666 1105.575110 1
1 1500.000000 317.988206 1344.901489 1381.982820 1.338620 322.489517 1
2 3000.000000 130.852669 1516.144343 1521.780566 1.484703 566.730308 1
3 4500.000000 759.664407 1348.958201 1548.153170 1.057914 -69.925063 0
4 6000.000000 1189.971690 1746.437274 2113.309200 0.972683 -274.823234 0
5 7500.000000 1476.870828 1610.046163 2184.810309 0.828513 -592.401391 0
6 9000.000000 1330.138936 1918.333283 2334.367618 0.964525 -322.440894 0
7 10500.000000 1091.755492 914.491257 1424.157405 0.697271 -562.224799 0
8 12000.000000 1125.836109 1289.527594 1711.837715 0.853066 -423.566043 0
9 13500.000000 1449.764509 1019.396450 1772.282781 0.612834 -834.491435 0
10 15000.000000 1530.172327 1185.997996 1935.980010 0.659357 -831.154308 0
11 16500.000000 -357.685719 505.350336 619.126833 2.186736 547.102386 1
12 18000.000000 787.743615 810.676929 1130.370332 0.799745 -337.664615 0
13 19500.000000 354.276012 660.860300 749.831867 1.078701 -18.290710 0
14 21000.000000 434.661027 1031.873857 1119.684717 1.172119 77.222784 1
15 22500.000000 2172.576723 884.206824 2345.615341 0.386514 -1540.627197 0
16 24000.000000 1084.001553 971.799666 1455.834454 0.730874 -529.466959 0
17 25500.000000 1224.745590 1107.512532 1651.237648 0.735175 -593.912081 0
18 27000.000000 1074.230603 888.351645 1393.965578 0.690968 -558.366594 0
19 28500.000000 545.288775 1095.230645 1223.466393 1.108850 7.039063 1
20 30000.000000 1020.077600 682.785043 1227.498971 0.589855 -602.705761 0
21 31500.000000 -42.856290 1316.323736 1317.021199 1.603342 631.698176 1
22 33000.000000 1648.215557 868.325658 1862.955708 0.484879 -1079.738272 0
23 34500.000000 898.612470 304.209032 948.708336 0.326422 -664.960254 0
24 36000.000000 -246.877761 809.305957 846.123373 1.866879 585.228094 1
25 37500.000000 -265.239491 1195.289788 1224.365005 1.789162 775.632791 1
26 39000.000000 314.158273 1094.538624 1138.731848 1.291287 213.035892 1
27 40500.000000 499.119844 671.552577 836.721867 0.931640 -142.758951 0
28 42000.000000 106.838632 1056.520020 1061.908210 1.470016 380.950854 1
29 43500.000000 -186.347439 1393.935189 1406.335906 1.703693 794.769381 1
30 45000.000000 -338.719255 768.422988 839.764623 1.985972 648.775041 1
0 0.000000 -566.013198 1721.563904 1812.223280 1.888442 1228.367558 1
1 1500.000000 359.232064 1665.988468 1704.278513 1.358421 363.232630 1
2 3000.000000 99.742244 1411.376230 1414.896243 1.500243 493.926030 1
3 4500.000000 740.090045 1322.734362 1515.704281 1.060677 -125.608542 0
4 6000.000000 994.246965 1873.702233 2121.152301 1.082944 -128.673705 0
5 7500.000000 1314.119886 1432.552389 1943.995221 0.828490 -602.565727 0
6 9000.000000 1157.354736 1790.102817 2131.651492 0.996865 -311.759734 0
7 10500.000000 1635.228738 1358.401309 2125.847393 0.693188 -925.542022 0
8 12000.000000 943.282990 1218.195890 1540.708936 0.911906 -353.852707 0
9 13500.000000 1213.913664 1052.447796 1606.621532 0.714274 -668.833238 0
10 15000.000000 1540.959478 1156.062934 1926.405362 0.643644 -923.567887 0
11 16500.000000 -402.125691 748.062066 849.294958 2.064036 675.902200 1
12 18000.000000 413.536063 610.243528 737.162966 0.975223 -123.567158 0
13 19500.000000 370.846072 689.168703 782.611212 1.077130 -52.015704 0
14 21000.000000 302.948732 1059.882299 1102.328637 1.292387 163.360589 1
15 22500.000000 2194.789001 875.886026 2363.107084 0.379709 -1634.722162 0
16 24000.000000 1012.087147 884.687352 1344.244064 0.718332 -554.640990 0
17 25500.000000 1215.439014 1116.569108 1650.460109 0.743027 -643.657292 0
18 27000.000000 1133.404031 954.837178 1481.998223 0.700095 -635.995695 0
19 28500.000000 427.525317 1138.196776 1215.841189 1.211485 82.421529 1
20 30000.000000 969.494344 655.995350 1170.576432 0.594873 -610.617940 0
21 31500.000000 -210.603385 1227.469734 1245.405852 1.740717 700.197840 1
22 33000.000000 1600.162483 1063.717222 1921.461501 0.586678 -1015.708518 0
23 34500.000000 1432.656258 605.668668 1555.422287 0.399971 -1053.013696 0
24 36000.000000 -360.823101 1194.072339 1247.398117 1.864251 823.084263 1
25 37500.000000 -443.649746 1182.307759 1262.805105 1.929778 893.595012 1
26 39000.000000 271.289089 1096.597524 1129.656540 1.328274 207.386001 1
27 40500.000000 495.554710 637.135709 807.165647 0.909749 -187.075430 0
28 42000.000000 111.049126 1070.325138 1076.070541 1.467414 342.344099 1
29 43500.000000 -332.930292 1585.166734 1619.751881 1.777816 959.720622 1
30 45000.000000 -417.609849 882.206657 976.056644 2.012914 745.568645 1
0 0.000000 -700.553483 1591.747001 1739.089905 1.985400 1249.977153 1
1 1500.000000 166.091532 1309.829483 1320.318019 1.444666 341.052154 1
2 3000.000000 228.632653 1333.220485 1352.682428 1.400959 291.982561 1
3 4500.000000 680.099777 1353.779798 1515.010049 1.105254 -118.260658 0
4 6000.000000 812.402407 1973.705966 2134.364756 1.180319 -6.559356 0
5 7500.000000 1289.575347 1352.193821 1868.537584 0.809097 -683.168966 0
6 9000.000000 1230.506602 1756.810983 2144.884921 0.959788 -475.618963 0
7 10500.000000 1575.811336 1532.886570 2198.390912 0.771591 -879.929680 0
8 12000.000000 738.268894 1249.332125 1451.162196 1.037072 -211.577895 0
9 13500.000000 1042.950769 1033.358255 1468.187859 0.780778 -575.272590 0
10 15000.000000 1664.091292 1247.202168 2079.594450 0.643168 -1069.595016 0
11 16500.000000 -376.890781 680.921012 778.267361 2.076324 606.202898 1
12 18000.000000 434.681534 515.820140 674.550557 0.870556 -207.598992 0
13 19500.000000 302.469105 802.107590 857.242174 1.210192 22.970935 1
14 21000.000000 261.059212 1029.941797 1062.512126 1.322555 147.384620 1
15 22500.000000 2118.598243 982.891799 2335.494553 0.434382 -1590.272545 0
16 24000.000000 1085.991717 860.123397 1385.348428 0.669854 -680.569591 0
17 25500.000000 1259.064986 1152.064718 1706.604158 0.741050 -730.525594 0
18 27000.000000 1086.293135 1082.505413 1533.574500 0.783652 -596.835878 0
19 28500.000000 323.081998 1062.345957 1110.387730 1.275563 102.199993 1
20 30000.000000 998.406681 641.127542 1186.532943 0.570837 -682.208773 0
21 31500.000000 -220.885611 1192.922404 1213.200030 1.753886 655.185723 1
22 33000.000000 1572.745002 1004.844901 1866.344051 0.568541 -1076.577291 0
23 34500.000000 1269.316589 652.883800 1427.382870 0.475068 -928.601003 0
24 36000.000000 -527.803865 1122.832006 1240.696834 2.010210 912.880013 1
25 37500.000000 -281.709459 909.746484 952.364891 1.871089 604.522222 1
26 39000.000000 236.228949 1081.048553 1106.557766 1.355660 189.682198 1
27 40500.000000 670.650053 942.966206 1157.132991 0.952584 -264.710816 0
28 42000.000000 -36.231602 1213.653266 1214.193963 1.600641 492.047701 1
29 43500.000000 -543.827575 1561.672077 1653.652958 1.905897 1093.503853 1
30 45000.000000 -545.007748 893.458316 1046.566389 2.118535 842.154816 1
0 0.000000 -650.883777 1447.928946 1587.497378 1.993257 1058.670682 1
1 1500.000000 105.577676 1391.792961 1395.791636 1.495084 320.710693 1
2 3000.000000 62.911200 1189.838280 1191.500294 1.517972 300.237847 1
3 4500.000000 612.865824 1587.327909 1701.532959 1.202331 -103.580154 0
4 6000.000000 646.141931 1880.135268 1988.066402 1.239774 -46.653936 0
5 7500.000000 1551.301388 1659.149452 2271.412094 0.818978 -976.239201 0
6 9000.000000 1017.860657 1515.847380 1825.878855 0.979469 -511.210585 0
7 10500.000000 1375.279143 1600.548430 2110.248326 0.860954 -826.216591 0
8 12000.000000 865.568745 1655.946495 1868.520282 1.089151 -323.652765 0
9 13500.000000 1067.933941 958.972474 1435.308716 0.731692 -727.515773 0
10 15000.000000 1723.320780 1461.984960 2259.919144 0.703537 -1199.874104 0
11 16500.000000 -311.365282 597.801823 674.029197 2.050985 477.726314 1
12 18000.000000 240.533941 991.915588 1020.663074 1.332894 71.032992 1
13 19500.000000 213.244522 847.231406 873.655700 1.324222 53.241995 1
14 21000.000000 269.801067 1028.397087 1063.199504 1.314227 54.183128 1
15 22500.000000 2129.191231 1126.886868 2409.010027 0.486777 -1688.143418 0
16 24000.000000 1170.887031 994.723098 1536.375762 0.704231 -814.815297 0
17 25500.000000 1170.531020 1302.632370 1751.283518 0.838761 -721.263309 0
18 27000.000000 937.875025 1184.326088 1510.707730 0.901010 -535.338809 0
19 28500.000000 258.112740 1041.276292 1072.790056 1.327813 69.221897 1
20 30000.000000 1052.488334 707.674330 1268.280194 0.591949 -788.869841 0
21 31500.000000 -131.258956 529.472204 545.499522 1.813803 285.385832 1
22 33000.000000 1407.193780 1154.904329 1820.439052 0.687245 -991.542537 0
23 34500.000000 773.615199 664.600148 1019.889128 0.709744 -536.122001 0
24 36000.000000 -605.002392 993.624748 1163.321982 2.117723 877.411696 1
25 37500.000000 -346.953384 954.133110 1015.256934 1.919564 619.515888 1
26 39000.000000 250.888721 1096.581518 1124.916075 1.345876 92.849371 1
27 40500.000000 507.485464 969.375783 1094.180472 1.088512 -190.215808 0
28 42000.000000 -260.159224 1224.013650 1251.356159 1.780226 618.494694 1
29 43500.000000 -412.366735 1116.460430 1190.180749 1.924606 731.000838 1
30 45000.000000 -668.641829 798.094780 1041.171059 2.268163 878.872637 1
0 0.000000 -714.152437 1712.373096 1855.326204 1.965918 1129.626957 1
1 1500.000000 114.464292 1802.584925 1806.215515 1.507381 351.900766 1
2 3000.000000 -138.940937 1145.598617 1153.993403 1.691489 428.242968 1
3 4500.000000 494.616086 1566.842841 1643.058600 1.265020 -76.013293 0
4 6000.000000 608.072828 1825.130328 1923.760192 1.249196 -119.396366 0
5 7500.000000 1359.651745 1865.533600 2308.434206 0.940984 -835.444611 0
6 9000.000000 742.085812 1562.587884 1729.847464 1.127423 -316.289344 0
7 10500.000000 860.160785 1229.420573 1500.450440 0.960307 -515.899853 0
8 12000.000000 731.304395 1497.950082 1666.931483 1.116630 -322.454577 0
9 13500.000000 1244.435692 1162.356399 1702.848376 0.751308 -904.517220 0
10 15000.000000 1421.861088 1425.045020 2013.067874 0.786517 -1008.597922 0
11 16500.000000 -461.554402 598.745256 755.994939 2.227521 599.735730 1
12 18000.000000 381.647733 604.791559 715.141819 1.007865 -213.683916 0
13 19500.000000 172.161299 796.408874 814.804644 1.357900 37.956632 1
14 21000.000000 296.458414 1081.870777 1121.753971 1.303338 -8.931074 0
15 22500.000000 2059.320313 1182.231116 2374.546392 0.521149 -1687.019154 0
16 24000.000000 1011.781254 1189.297092 1561.450889 0.865873 -672.739404 0
17 25500.000000 1037.175880 1334.887323 1690.460875 0.910253 -659.926200 0
18 27000.000000 824.739160 1168.712476 1430.413763 0.956267 -497.241512 0
19 28500.000000 236.097937 1002.256982 1029.689902 1.339448 28.980057 1
20 30000.000000 960.361427 838.069739 1274.619534 0.717504 -713.164028 0
21 31500.000000 -284.236021 636.937653 697.480960 1.990531 438.154047 1
22 33000.000000 1228.918375 1023.169175 1599.098350 0.694292 -925.234059 0
23 34500.000000 672.093969 551.738276 869.554730 0.687370 -508.018954 0
24 36000.000000 -427.766085 770.287432 881.093952 2.077725 611.095387 1
25 37500.000000 -346.155812 925.621875 988.230591 1.928665 572.075393 1
26 39000.000000 168.316281 1113.539721 1126.188741 1.420778 123.046829 1
27 40500.000000 385.745813 820.979087 907.086817 1.131550 -162.172339 0
28 42000.000000 -283.284299 995.352920 1034.880394 1.848072 529.201443 1
29 43500.000000 -481.105678 1216.533516 1308.211172 1.947394 777.153255 1
30 45000.000000 -593.143384 595.010053 840.152390 2.354623 725.960583 1
0 0.000000 -749.789523 1555.473036 1726.754381 2.019967 1072.708585 1
1 1500.000000 -3.109273 1402.432406 1402.435853 1.573013 310.643201 1
2 3000.000000 -235.254953 1487.043475 1505.537508 1.727699 555.694376 1
3 4500.000000 449.430476 1509.634800 1575.114275 1.281444 -107.362728 0
4 6000.000000 704.291232 1855.221091 1984.407074 1.207976 -280.216307 0
5 7500.000000 1069.870387 1835.778243 2124.783377 1.043129 -641.157644 0
6 9000.000000 871.965550 2099.968546 2273.805579 1.177232 -390.124571 0
7 10500.000000 832.189683 1147.919103 1417.835652 0.943518 -560.139913 0
8 12000.000000 811.503875 1490.123741 1696.763774 1.072118 -464.898641 0
9 13500.000000 1156.553693 1343.061475 1772.408127 0.859875 -833.802617 0
10 15000.000000 1251.780167 1488.978754 1945.253535 0.871728 -894.704672 0
11 16500.000000 -506.620843 472.600363 692.831712 2.390923 597.944052 1
12 18000.000000 336.801668 560.847066 654.205468 1.029992 -205.583787 0
13 19500.000000 161.748679 767.166841 784.032906 1.363001 10.460590 1
14 21000.000000 204.832079 1154.217400 1172.251674 1.395161 53.322039 1
15 22500.000000 1928.591707 1293.079506 2321.964810 0.590637 -1598.003369 0
16 24000.000000 792.328863 1226.338499 1460.031213 0.997173 -504.049248 0
17 25500.000000 965.872452 1323.987726 1638.857252 0.940533 -651.948395 0
18 27000.000000 808.483408 1095.571579 1361.588229 0.935048 -548.492832 0
19 28500.000000 253.260636 1157.892114 1185.265834 1.355462 6.878804 1
20 30000.000000 775.971532 805.372899 1118.372623 0.803989 -580.424873 0
21 31500.000000 -412.166146 550.866259 687.993145 2.213154 522.956320 1
22 33000.000000 1397.636353 1188.250700 1834.482789 0.704602 -1102.970753 0
23 34500.000000 714.423154 451.126009 844.934979 0.563228 -598.075836 0
24 36000.000000 -421.456828 668.045264 789.879948 2.133613 557.722812 1
25 37500.000000 -532.096902 1058.622115 1184.823994 2.036547 751.337791 1
26 39000.000000 107.076283 1111.457155 1116.603035 1.474754 139.318296 1
27 40500.000000 325.367792 686.684765 759.868519 1.128308 -166.827092 0
28 42000.000000 -251.254466 994.900390 1026.136245 1.818166 463.357570 1
29 43500.000000 -446.691301 1279.424705 1355.160763 1.906700 716.442806 1
30 45000.000000 -549.047431 638.875962 842.386833 2.280720 675.808391 1
0 0.000000 -905.494444 1489.453785 1743.098611 2.117032 1168.847669 1
1 1500.000000 -36.762894 1610.150771 1610.570400 1.593624 338.184564 1
2 3000.000000 -233.194562 1360.364762 1380.207227 1.740567 484.267024 1
3 4500.000000 384.791768 1401.630193 1453.489560 1.302866 -115.004875 0
4 6000.000000 571.150646 1989.148131 2069.522492 1.291185 -187.832758 0
5 7500.000000 899.122069 1651.047627 1879.994352 1.072126 -573.410605 0
6 9000.000000 752.424782 1920.979674 2063.081666 1.197476 -378.677078 0
7 10500.000000 951.469314 1380.185091 1676.366530 0.967235 -675.643905 0
8 12000.000000 621.742157 1320.948973 1459.955307 1.130880 -362.884351 0
9 13500.000000 946.136409 1272.457167 1585.661170 0.931436 -690.616126 0
10 15000.000000 1208.184126 1408.257502 1855.504803 0.861717 -922.534006 0
11 16500.000000 -622.567907 691.718110 930.625996 2.303629 741.284455 1
12 18000.000000 269.869366 915.663927 954.604579 1.284186 -93.293331 0
13 19500.000000 174.672236 815.026603 833.533895 1.359675 -18.666688 0
14 21000.000000 97.695708 1141.408357 1145.581725 1.485412 118.174341 1
15 22500.000000 1873.382814 1291.472779 2275.404383 0.603563 -1597.831180 0
16 24000.000000 726.811666 1118.147043 1333.607141 0.994411 -504.135197 0
17 25500.000000 925.792403 1313.991754 1607.378581 0.957013 -662.841192 0
18 27000.000000 810.340720 1150.602598 1407.316035 0.957207 -580.092268 0
19 28500.000000 133.967768 1163.507399 1171.194617 1.456160 86.692235 1
20 30000.000000 710.314337 739.984201 1025.730508 0.805853 -558.876519 0
21 31500.000000 -487.746363 1151.856130 1250.867322 1.971348 695.181549 1
22 33000.000000 1326.253811 1382.584419 1915.851990 0.806190 -1043.323715 0
23 34500.000000 1134.086629 782.837806 1378.037559 0.604173 -967.084834 0
24 36000.000000 -554.504653 971.991069 1119.036214 2.089230 727.010682 1
25 37500.000000 -715.432340 1024.777337 1249.804794 2.180269 894.984022 1
26 39000.000000 29.932157 1019.040597 1019.480099 1.541432 161.777740 1
27 40500.000000 260.135041 598.542256 652.627820 1.160811 -143.225868 0
28 42000.000000 -177.271065 916.381646 933.370425 1.761883 346.042460 1
29 43500.000000 -605.940542 1384.672974 1511.450690 1.983295 854.955015 1
30 45000.000000 -654.569707 686.567347 948.596976 2.332340 771.751724 1
0 0.000000 -1038.803820 1324.401289 1683.197004 2.235926 1215.819462 1
1 1500.000000 -100.104885 1239.354236 1243.390490 1.651393 274.534036 1
2 3000.000000 -130.251420 1269.340670 1276.005944 1.673052 308.621745 1
3 4500.000000 294.871587 1436.964247 1466.906780 1.368401 -88.492414 0
4 6000.000000 370.036685 2025.132265 2058.661662 1.390068 -79.642320 0
5 7500.000000 878.548098 1585.006010 1812.206062 1.064668 -645.335408 0
6 9000.000000 808.421712 1898.795138 2063.726881 1.168286 -531.496654 0
7 10500.000000 1065.850817 1808.283306 2099.029890 1.038187 -799.145967 0
8 12000.000000 448.327954 1328.246071 1401.868603 1.245270 -255.793164 0
9 13500.000000 791.962142 1256.984045 1485.669184 1.008574 -606.054594 0
10 15000.000000 1307.619593 1511.488734 1998.616320 0.857589 -1080.493064 0
11 16500.000000 -575.728807 597.598293 829.811653 2.337558 654.524630 1
12 18000.000000 142.473944 939.182689 949.927865 1.420244 -8.092984 0
13 19500.000000 44.673744 855.688220 856.853590 1.518636 76.903316 1
14 21000.000000 43.535976 1143.883769 1144.711955 1.532755 118.825237 1
15 22500.000000 1784.913770 1385.730057 2259.682490 0.660157 -1570.782863 0
16 24000.000000 785.296191 1069.869276 1327.143691 0.937607 -625.942855 0
17 25500.000000 900.143628 1324.382737 1601.327008 0.973845 -703.606087 0
18 27000.000000 739.437372 1248.567578 1451.099109 1.036111 -555.250126 0
19 28500.000000 22.274932 1073.324924 1073.556038 1.550046 129.884211 1
20 30000.000000 678.598541 683.562311 963.199571 0.789042 -575.003416 0
21 31500.000000 -430.526129 1082.602235 1165.066671 1.949299 579.438975 1
22 33000.000000 1151.848788 1309.734566 1744.178966 0.849450 -954.850190 0
23 34500.000000 906.367145 737.607082 1168.574178 0.683103 -792.828144 0
24 36000.000000 -330.391301 904.289759 962.755618 1.921089 455.071392 1
25 37500.000000 -512.940462 722.138457 885.771906 2.188407 609.997863 1
26 39000.000000 -3.891331 996.994790 997.002384 1.574699 144.982053 1
27 40500.000000 328.098645 891.479762 949.939413 1.218143 -198.601112 0
28 42000.000000 -327.245361 1033.131114 1083.720178 1.877549 470.195308 1
29 43500.000000 -783.889741 1305.452945 1522.724702 2.111564 960.790039 1
30 45000.000000 -713.252488 577.522203 917.747790 2.460964 787.821617 1
0 0.000000 -955.370222 1210.724505 1542.266543 2.238849 1049.117580 1
1 1500.000000 -185.823065 1291.003299 1304.308143 1.713751 288.453155 1
2 3000.000000 -251.347565 1127.674455 1155.346388 1.790102 340.708544 1
3 4500.000000 261.890770 1585.186768 1606.674786 1.407064 -134.305139 0
4 6000.000000 158.447237 1891.691384 1898.315522 1.487232 -6.685544 0
5 7500.000000 869.712348 1553.141245 1780.069463 1.060331 -742.742923 0
6 9000.000000 659.550514 1595.379853 1726.338251 1.178781 -529.876683 0
7 10500.000000 909.795882 1835.928346 2048.990346 1.110714 -760.087250 0
8 12000.000000 505.579033 1727.392387 1799.859611 1.286065 -365.842818 0
9 13500.000000 814.276389 1183.658274 1436.695148 0.968216 -717.027287 0
10 15000.000000 1286.222992 1717.456583 2145.699583 0.927992 -1144.781826 0
11 16500.000000 -388.299216 489.396058 624.727767 2.241515 426.186747 1
12 18000.000000 5.655405 939.253366 939.270392 1.564775 69.462794 1
13 19500.000000 -28.600790 747.166855 747.714059 1.609057 88.250606 1
14 21000.000000 23.279787 1034.214466 1034.476443 1.548290 59.487666 1
15 22500.000000 1746.674107 1508.287258 2307.769678 0.712291 -1620.483310 0
16 24000.000000 886.272432 1125.187423 1432.314756 0.903621 -793.467987 0
17 25500.000000 785.365600 1439.349408 1639.672481 1.071307 -667.764708 0
18 27000.000000 585.337876 1256.534981 1386.182018 1.134852 -482.994748 0
19 28500.000000 -20.095767 943.966508 944.180390 1.592082 95.508368 1
20 30000.000000 710.270166 725.415298 1015.239412 0.795947 -649.993897 0
21 31500.000000 -290.258411 1021.778527 1062.205867 1.847577 371.027664 1
22 33000.000000 945.531666 1416.532615 1703.113261 0.982219 -829.242337 0
23 34500.000000 457.519157 600.075188 754.595262 0.919383 -408.073969 0
24 36000.000000 -626.549342 675.262722 921.164384 2.318792 678.535449 1
25 37500.000000 -529.911005 745.086890 914.308563 2.189004 587.789467 1
26 39000.000000 47.192565 1035.999340 1037.073657 1.525275 35.794163 1
27 40500.000000 197.237748 925.178340 945.969180 1.360752 -122.631559 0
28 42000.000000 -418.951782 923.726404 1014.293382 1.996595 491.469022 1
29 43500.000000 -589.528750 905.918461 1080.848003 2.147700 660.075979 1
30 45000.000000 -748.476326 467.550988 882.508208 2.583230 783.464005 1
0 0.000000 -943.498622 1263.544222 1576.938062 2.212187 994.311122 1
1 1500.000000 -227.458896 1616.226954 1632.154133 1.710613 293.271264 1
2 3000.000000 -359.521692 1028.566574 1089.589392 1.907058 401.225517 1
3 4500.000000 169.011150 1561.858490 1570.976356 1.463004 -105.088306 0
4 6000.000000 203.402027 1866.495609 1877.545803 1.462249 -127.009981 0
5 7500.000000 869.352365 1987.678461 2169.479015 1.158494 -787.456031 0
6 9000.000000 439.857062 1557.594895 1618.510455 1.295568 -375.882396 0
7 10500.000000 563.105457 1368.690285 1480.000288 1.180485 -506.742305 0
8 12000.000000 391.152407 1559.265659 1607.578801 1.325011 -327.150140 0
9 13500.000000 899.035981 1384.976368 1651.189036 0.995030 -841.727524 0
10 15000.000000 1035.448943 1623.761726 1925.813245 1.003127 -968.275378 0
11 16500.000000 -473.983038 442.527929 648.452687 2.390502 491.659230 1
12 18000.000000 150.698171 621.803054 639.803858 1.333024 -125.179793 0
13 19500.000000 -41.656939 699.486305 700.725617 1.630280 70.187220 1
14 21000.000000 46.190735 1087.066947 1088.047854 1.528331 -1.759482 0
15 22500.000000 1578.973854 1541.923628 2206.963277 0.773527 -1514.688924 0
16 24000.000000 714.510530 1235.801730 1427.491230 1.046579 -663.447869 0
17 25500.000000 672.981797 1448.639765 1597.329543 1.135900 -613.262080 0
18 27000.000000 504.240110 1205.232190 1306.461909 1.174550 -454.601227 0
19 28500.000000 -15.308584 915.437999 915.565990 1.587517 52.679697 1
20 30000.000000 629.735987 821.236266 1034.889568 0.916620 -595.673718 0
21 31500.000000 -352.212053 570.181672 670.194352 2.124143 375.202841 1
22 33000.000000 854.873118 1225.248564 1494.002039 0.961606 -804.124331 0
23 34500.000000 428.439163 530.380294 681.808898 0.891320 -406.422543 0
24 36000.000000 -503.414810 566.829903 758.104617 2.297011 526.142590 1
25 37500.000000 -506.144260 735.858978 893.123982 2.173306 535.772430 1
26 39000.000000 -22.749099 1015.709410 1015.964137 1.593190 64.208805 1
27 40500.000000 134.734336 715.089440 727.671800 1.384564 -105.419724 0
28 42000.000000 -382.178007 706.884982 803.583478 2.066433 410.726372 1
29 43500.000000 -512.371759 838.568707 982.711706 2.119270 546.189107 1
30 45000.000000 -634.898045 392.506815 746.429587 2.587884 650.397285 1
0 0.000000 -1048.603386 1296.542299 1667.510418 2.250861 1077.918196 1
1 1500.000000 -334.478723 1312.085449 1354.047355 1.820402 364.334213 1
2 3000.000000 -354.603845 870.431275 939.890680 1.957656 374.375273 1
3 4500.000000 82.477185 1521.219866 1523.454091 1.516632 -47.740534 0
4 6000.000000 276.444262 1894.776688 1914.836840 1.425920 -233.132301 0
5 7500.000000 642.327335 1923.134353 2027.567544 1.248446 -598.272951 0
6 9000.000000 456.703075 2081.983803 2131.486396 1.354857 -409.071990 0
7 10500.000000 579.217712 1270.049640 1395.893708 1.142915 -550.083557 0
8 12000.000000 439.863455 1571.327955 1631.732638 1.297852 -403.890235 0
9 13500.000000 762.870190 1523.569415 1703.888109 1.106579 -727.902730 0
10 15000.000000 862.630609 1602.521217 1819.946653 1.076983 -825.835440 0
11 16500.000000 -610.946039 699.996768 929.112769 2.288370 626.761290 1
12 18000.000000 82.482616 608.316583 613.883089 1.436027 -68.578977 0
13 19500.000000 -38.716916 641.379270 642.546782 1.631088 53.343502 1
14 21000.000000 -40.494579 1137.317311 1138.037994 1.606387 66.438312 1
15 22500.000000 1418.250422 1597.693227 2136.365584 0.844826 -1381.420735 0
16 24000.000000 569.256768 1198.991478 1327.265547 1.127528 -541.746798 0
17 25500.000000 594.266860 1414.321470 1534.098538 1.173017 -561.836414 0
18 27000.000000 481.867423 1130.490096 1228.903605 1.167870 -455.943455 0
19 28500.000000 29.330388 1015.426534 1015.850047 1.541920 -6.150093 0
20 30000.000000 490.239269 778.212133 919.754676 1.008641 -472.352320 0
21 31500.000000 -508.647865 1089.620787 1202.495784 2.007543 533.381216 1
22 33000.000000 940.738907 1442.228232 1721.921010 0.992819 -907.581382 0
23 34500.000000 940.183399 675.504591 1157.692220 0.623022 -924.523123 0
24 36000.000000 -491.525040 494.160954 696.987742 2.353520 502.674091 1
25 37500.000000 -668.221167 788.538966 1033.592390 2.273789 686.042089 1
26 39000.000000 -84.414573 878.282315 882.329669 1.666615 104.435531 1
27 40500.000000 104.105605 591.320309 600.414594 1.396526 -90.584200 0
28 42000.000000 -323.037232 691.479777 763.215130 2.007835 338.733099 1
29 43500.000000 -468.572737 807.454300 933.564596 2.096611 486.877312 1
30 45000.000000 -514.896300 350.345579 622.784252 2.544129 522.757310 1
0 0.000000 -910.871889 980.395613 1338.231354 2.319451 913.376741 1
1 1500.000000 -304.007218 1213.035681 1250.550260 1.816355 307.109144 1
2 3000.000000 -320.381456 1034.269574 1082.754741 1.871188 323.026049 1
3 4500.000000 71.320321 1309.802921 1311.743222 1.516399 -67.969638 0
4 6000.000000 167.523174 1959.219788 1966.368783 1.485499 -162.510981 0
5 7500.000000 507.782362 1635.314757 1712.336790 1.269725 -503.597598 0
6 9000.000000 339.061815 1922.646647 1952.314791 1.396240 -334.142614 0
7 10500.000000 604.393342 1489.634590 1607.576600 1.185358 -600.580909 0
8 12000.000000 321.093046 1428.099264 1463.751431 1.349635 -317.438946 0
9 13500.000000 641.064066 1453.595627 1588.679761 1.155436 -637.343700 0
10 15000.000000 872.911780 1543.306266 1773.067739 1.056046 -868.961177 0
11 16500.000000 -612.265940 491.168861 784.930845 2.465503 613.520337 1
12 18000.000000 37.166250 817.124883 817.969685 1.525343 -35.075939 0
13 19500.000000 9.163396 659.088798 659.152495 1.556894 -7.477430 0
14 21000.000000 -109.911902 1051.219624 1056.950010 1.674974 112.600541 1
15 22500.000000 1364.082132 1555.834901 2069.140474 0.850975 -1360.097875 0
16 24000.000000 526.837266 1037.494550 1163.594623 1.100930 -524.181652 0
17 25500.000000 542.039569 1311.127882 1418.754107 1.178779 -538.683957 0
18 27000.000000 487.321143 1146.501670 1245.772040 1.168883 -484.386820 0
19 28500.000000 -35.085030 991.284566 991.905263 1.606175 37.620602 1
20 30000.000000 446.111392 705.432967 834.656244 1.006898 -444.305449 0
21 31500.000000 -571.413436 907.333818 1072.272340 2.132820 573.732508 1
22 33000.000000 840.663679 1352.322454 1592.322656 1.014614 -837.201715 0
23 34500.000000 731.255415 681.327713 999.470827 0.750068 -729.510199 0
24 36000.000000 -319.667268 639.074734 714.565377 2.034607 321.300963 1
25 37500.000000 -698.149835 651.074878 954.626465 2.391071 699.812988 1
26 39000.000000 -109.269772 749.805831 757.725984 1.715508 111.187403 1
27 40500.000000 94.202755 506.024018 514.717851 1.386741 -92.908048 0
28 42000.000000 -264.493943 672.379512 722.531144 1.945574 266.213011 1
29 43500.000000 -544.049712 839.141963 1000.074659 2.146004 546.194440 1
30 45000.000000 -508.017063 347.475211 615.483841 2.541697 508.904235 1
0 0.000000 -888.935805 806.800136 1200.472126 2.404593 859.289522 1
1 1500.000000 -255.050812 882.762169 918.868850 1.852061 223.079186 1
2 3000.000000 -201.167048 746.929664 773.545154 1.833879 174.124469 1
3 4500.000000 46.444651 1162.924126 1163.851206 1.530880 -88.314785 0
4 6000.000000 -22.216483 1977.703935 1977.828716 1.582029 -49.054842 0
5 7500.000000 578.285797 1642.105843 1740.955503 1.232198 -637.075581 0
6 9000.000000 377.012725 1907.514380 1944.415004 1.375665 -445.495895 0
7 10500.000000 661.976653 1826.419857 1942.684376 1.223078 -727.352952 0
8 12000.000000 171.779028 1372.736924 1383.443058 1.446307 -221.127362 0
9 13500.000000 495.400096 1364.726841 1451.861083 1.222585 -544.249699 0
10 15000.000000 934.477008 1614.463438 1865.405980 1.046099 -992.039560 0
11 16500.000000 -559.669360 445.234496 715.166798 2.469582 543.264119 1
12 18000.000000 -25.041434 825.296173 825.675994 1.601129 -4.710341 0
13 19500.000000 -42.093923 630.190840 631.595119 1.637493 19.360743 1
14 21000.000000 -169.209229 924.840737 940.192614 1.751755 135.777244 1
15 22500.000000 1365.791976 1523.076212 2045.763640 0.839789 -1419.781784 0
16 24000.000000 561.069338 1025.859467 1169.267484 1.070316 -597.666872 0
17 25500.000000 564.632409 1261.217286 1381.838920 1.149866 -609.707600 0
18 27000.000000 381.253070 1099.157859 1163.401006 1.236922 -420.608308 0
19 28500.000000 -65.443235 834.501900 837.064059 1.649058 35.333543 1
20 30000.000000 429.543084 656.674617 784.683894 0.991531 -452.924246 0
21 31500.000000 -437.181311 752.735433 870.481551 2.096971 409.776307 1
22 33000.000000 639.859351 1075.000288 1251.017830 1.033901 -678.176278 0
23 34500.000000 571.331473 619.558495 842.776590 0.825873 -593.283274 0
24 36000.000000 -406.951313 622.873629 744.030194 2.149519 384.244873 1
25 37500.000000 -468.002766 438.474033 641.315886 2.388758 451.900624 1
26 39000.000000 -107.212006 643.583157 652.452063 1.735867 83.954019 1
27 40500.000000 125.909812 668.345986 680.102667 1.384589 -149.908642 0
28 42000.000000 -356.396301 667.463919 756.654747 2.061238 332.116093 1
29 43500.000000 -614.315013 696.047021 928.366517 2.293902 588.837487 1
30 45000.000000 -527.629407 253.031925 585.164888 2.694427 518.170050 1
0 0.000000 -739.245249 638.066905 976.531061 2.429523 671.478606 1
1 1500.000000 -260.305681 832.037211 871.805579 1.874003 175.490673 1
2 3000.000000 -290.318430 727.244264 783.051091 1.950616 215.868620 1
3 4500.000000 -15.364556 1174.012770 1174.113306 1.583883 -102.533541 0
4 6000.000000 -107.669192 1670.210795 1673.677614 1.635172 -60.491906 0
5 7500.000000 473.204390 1548.547899 1619.235310 1.274229 -626.223200 0
6 9000.000000 245.550500 1626.073171 1644.508743 1.420920 -407.498837 0
7 10500.000000 533.525426 1787.066498 1865.008324 1.280672 -710.176742 0
8 12000.000000 148.459531 1599.756052 1606.629907 1.478260 -308.256924 0
9 13500.000000 491.726427 1270.670579 1362.497192 1.201563 -616.764764 0
10 15000.000000 820.925471 1650.796438 1843.650592 1.109319 -982.450172 0
11 16500.000000 -451.545370 442.165357 631.983722 2.366690 404.891298 1
12 18000.000000 -145.420860 791.786318 805.029689 1.752434 65.225314 1
13 19500.000000 -100.821841 540.519549 549.842183 1.755205 46.067861 1
14 21000.000000 -140.089381 792.592100 804.877178 1.745738 59.839885 1
15 22500.000000 1079.431135 1360.795813 1736.933166 0.900194 -1210.547142 0
16 24000.000000 518.319467 934.383337 1068.516397 1.064338 -609.474732 0
17 25500.000000 382.985503 1127.688185 1190.948587 1.243398 -494.223521 0
18 27000.000000 256.289293 977.485135 1010.525305 1.314376 -353.092995 0
19 28500.000000 -102.835268 740.071614 747.182097 1.708865 28.044654 1
20 30000.000000 415.892860 642.439066 765.307013 0.996275 -478.266545 0
21 31500.000000 -316.908622 652.441375 725.334973 2.022961 249.831572 1
22 33000.000000 455.687631 1025.805962 1122.465630 1.152756 -556.334005 0
23 34500.000000 266.214802 434.344995 509.436842 1.020938 -308.460420 0
24 36000.000000 -523.867698 337.870245 623.372816 2.568773 487.315261 1
25 37500.000000 -437.442402 394.105421 588.791081 2.408263 395.682685 1
26 39000.000000 -51.660888 780.989378 782.696145 1.636848 -26.977760 0
27 40500.000000 35.555731 567.129705 568.243181 1.508184 -92.291726 0
28 42000.000000 -371.571875 503.064611 625.411593 2.206972 319.209877 1
29 43500.000000 -376.594474 384.370139 538.111328 2.345977 336.118954 1
30 45000.000000 -468.950743 138.886693 489.085179 2.853658 452.644969 1
0 0.000000 -638.448107 595.711046 873.205380 2.390809 557.113561 1
1 1500.000000 -276.651796 940.764303 980.598639 1.856805 154.200549 1
2 3000.000000 -338.813163 581.774726 673.243040 2.098158 261.714168 1
3 4500.000000 -76.444949 1010.056840 1012.945532 1.646336 -53.218086 0
4 6000.000000 -102.706904 1350.543964 1354.443689 1.646699 -70.669186 0
5 7500.000000 380.878619 1569.524172 1615.077288 1.332727 -578.267419 0
6 9000.000000 109.999873 1343.565243 1348.060657 1.489107 -280.741533 0
7 10500.000000 246.175871 1220.241924 1244.826459 1.371725 -400.046942 0
8 12000.000000 135.334242 1360.315634 1367.031082 1.471635 -308.008211 0
9 13500.000000 547.116955 1358.275389 1464.325440 1.187876 -716.156197 0
10 15000.000000 553.910318 1488.705569 1588.414591 1.214592 -739.556596 0
11 16500.000000 -420.275465 270.266532 499.675360 2.570105 382.304738 1
12 18000.000000 34.888479 491.440712 492.677561 1.499923 -97.385082 0
13 19500.000000 -80.397949 441.290190 448.554190 1.751008 23.363531 1
14 21000.000000 -105.890892 749.923035 757.362158 1.711071 9.219164 1
15 22500.000000 902.904676 1274.412894 1561.846689 0.954397 -1058.315059 0
16 24000.000000 385.025962 948.261409 1023.447454 1.185099 -503.013296 0
17 25500.000000 301.721470 1042.489221 1085.273984 1.289070 -432.429167 0
18 27000.000000 212.325193 873.426564 898.863699 1.332327 -322.167318 0
19 28500.000000 -69.104633 651.295523 654.951379 1.676504 -14.665825 0
20 30000.000000 333.303842 642.099107 723.451944 1.091998 -412.602170 0
21 31500.000000 -237.262959 240.051522 337.518066 2.350352 204.651831 1
22 33000.000000 413.971602 790.695351 892.508614 1.088484 -511.592401 0
23 34500.000000 253.820590 347.870032 430.625650 0.940452 -296.181874 0
24 36000.000000 -401.003930 290.473300 495.155420 2.514701 360.609659 1
25 37500.000000 -359.248730 351.275013 502.447794 2.367416 311.429061 1
26 39000.000000 -81.269966 549.056574 555.038674 1.717747 10.461045 1
27 40500.000000 13.309178 430.150698 430.356547 1.539865 -68.152684 0
28 42000.000000 -295.387514 366.189427 470.476864 2.249580 246.185769 1
29 43500.000000 -350.470342 393.707942 527.100944 2.298159 297.301715 1
30 45000.000000 -329.063432 105.580692 345.586494 2.831117 312.879007 1
0 0.000000 -619.851063 545.698310 825.834115 2.419729 546.912065 1
1 1500.000000 -275.247497 650.535125 706.368979 1.971064 191.920009 1
2 3000.000000 -284.559166 475.047150 553.754200 2.110489 223.056928 1
3 4500.000000 -86.607839 882.631594 886.870593 1.668608 -24.207081 0
4 6000.000000 -25.029048 1286.603354 1286.846783 1.590247 -135.713640 0
5 7500.000000 226.528876 1369.557085 1388.164955 1.406877 -395.656651 0
6 9000.000000 78.161219 1568.933888 1570.879601 1.521019 -273.327603 0
7 10500.000000 256.244147 1035.490187 1066.724421 1.328208 -383.453580 0
8 12000.000000 149.831009 1231.685097 1240.764889 1.449744 -302.354087 0
9 13500.000000 380.935859 1208.470658 1267.088577 1.265434 -528.755833 0
10 15000.000000 410.929337 1276.064489 1340.598187 1.259254 -566.949485 0
11 16500.000000 -551.235697 447.217682 709.834100 2.459999 491.121771 1
12 18000.000000 8.671796 465.067858 465.148699 1.552152 -66.636881 0
13 19500.000000 -54.352379 398.962765 402.648071 1.706197 4.143530 1
14 21000.000000 -149.262320 714.739869 730.159106 1.776672 58.907834 1
15 22500.000000 736.221963 1191.365121 1400.490496 1.017272 -879.130521 0
16 24000.000000 257.616071 833.184958 872.102755 1.270926 -359.570397 0
17 25500.000000 248.450849 925.629379 958.393224 1.308564 -362.012362 0
18 27000.000000 200.180228 779.316090 804.615245 1.319366 -295.861520 0
19 28500.000000 -71.566079 688.729149 692.437394 1.674335 -14.935419 0
20 30000.000000 246.199548 571.252921 622.048324 1.163870 -315.558270 0
21 31500.000000 -434.070017 612.547121 750.753458 2.187292 354.241451 1
22 33000.000000 429.487437 888.517080 986.874896 1.120537 -537.002956 0
23 34500.000000 511.587303 499.621582 715.082718 0.773566 -569.933328 0
24 36000.000000 -265.830222 300.878259 401.489020 2.294428 226.207799 1
25 37500.000000 -470.919056 374.874660 601.910099 2.469265 420.460113 1
26 39000.000000 -110.217177 600.656296 610.684707 1.752272 34.403633 1
27 40500.000000 19.662709 338.837100 339.407133 1.512831 -61.790354 0
28 42000.000000 -215.255064 318.592228 384.494149 2.164989 173.817525 1
29 43500.000000 -320.826715 375.076944 493.571165 2.278395 271.515656 1
30 45000.000000 -281.600196 106.673062 301.127569 2.779486 266.088148 1
0 0.000000 -594.914575 433.081591 735.855296 2.512339 513.392881 1
1 1500.000000 -241.078744 558.121709 607.962830 1.978536 143.542091 1
2 3000.000000 -290.978574 568.997234 639.082454 2.043513 190.894417 1
3 4500.000000 -66.454451 735.212531 738.209767 1.660939 -58.436495 0
4 6000.000000 -103.173062 1207.198696 1211.599510 1.656054 -101.809369 0
5 7500.000000 141.089469 1089.807469 1098.902433 1.442050 -322.786682 0
6 9000.000000 19.758712 1338.426997 1338.572834 1.556035 -245.103871 0
7 10500.000000 228.268334 1096.051378 1119.569138 1.365467 -409.770465 0
8 12000.000000 42.787593 1025.700727 1026.592791 1.529105 -215.084734 0
9 13500.000000 267.251311 1080.985728 1113.531951 1.328427 -445.655816 0
10 15000.000000 387.571727 1141.273902 1205.287502 1.243420 -574.417461 0
11 16500.000000 -482.579376 249.769036 543.385154 2.663987 433.567639 1
12 18000.000000 -50.397999 540.627409 542.971412 1.663749 -41.460589 0
13 19500.000000 -42.309263 382.250501 384.584866 1.681032 -22.734868 0
14 21000.000000 -188.817917 616.161913 644.443721 1.868153 82.244955 1
15 22500.000000 644.779977 1051.005394 1233.026179 1.020518 -812.727486 0
16 24000.000000 228.019858 678.367981 715.664847 1.246531 -339.113754 0
17 25500.000000 207.335703 829.839066 855.348449 1.325958 -344.260153 0
18 27000.000000 178.106010 713.989107 735.868327 1.326333 -295.919149 0
19 28500.000000 -113.792845 593.181310 603.997416 1.760329 12.167604 1
20 30000.000000 200.072401 476.208033 516.529821 1.173052 -277.486760 0
21 31500.000000 -418.102155 440.113659 607.049788 2.330552 337.925468 1
22 33000.000000 368.790221 834.133697 912.022616 1.154512 -504.127990 0
23 34500.000000 378.998303 497.552094 625.458072 0.919833 -457.450080 0
24 36000.000000 -242.242869 336.539249 414.656814 2.194691 182.043251 1
25 37500.000000 -494.414824 251.083892 554.517032 2.671692 445.012049 1
26 39000.000000 -112.709089 345.015368 362.958596 1.886546 52.934415 1
27 40500.000000 26.294371 266.124304 267.420155 1.472311 -70.780482 0
28 42000.000000 -209.056618 332.655254 392.892081 2.131871 149.986697 1
29 43500.000000 -374.833518 370.328189 526.918527 2.362241 307.040292 1
30 45000.000000 -270.951026 103.761316 290.139396 2.775868 249.581544 1
