1354.392744 980.394328
-418.886742 1878.422946
915.298679 -612.745709
-1132.743331 338.757755
12.409907 -298.394975
-556.650007 1447.862041
172.312308 -576.343886
-2337.713331 645.782163
-1514.832730 176.275010
-1582.448248 1404.950166
-1615.902394 136.786134
-2190.775679 -455.276533
-1735.588846 -2171.754822
-1783.731456 390.310774
-1073.069962 -487.238612
-1742.359795 208.807647
-1365.465276 -2686.089294
-22.001771 15.912497
343.931969 -1845.569485
-397.539464 -99.433892
-293.424715 -1298.571625
1617.785235 -1924.026939
156.664001 292.523001
1762.913033 -324.968569
1627.782307 654.264871
1143.507567 219.316227
1070.690453 1066.625309
6137.829024 1799.194906
1397.589908 -594.245260
1061.287716 139.479202
1841.054523 688.608077
1313.131744 976.212234
-451.996134 1861.166814
696.644047 -553.276863
-1012.977587 506.439191
-159.968537 -269.996807
-759.233459 1435.834489
-54.420695 -418.022595
-2300.537595 810.016797
-1679.906396 190.004076
-1806.137759 1286.208665
-1869.372332 266.035330
-2187.966877 -333.738573
-1913.551818 -2011.119242
-2023.456761 267.065007
-1210.597307 -358.771699
-1728.191294 316.192126
-1399.265377 -2720.002011
-201.028972 -107.356956
168.959114 -1850.165048
-398.142755 34.165099
-264.270113 -1182.040825
1481.027420 -2120.353672
101.152099 291.732899
1803.796655 -423.056163
1776.362964 807.891986
1219.541755 107.689537
1008.111588 1113.356800
6343.782445 1777.746223
1727.814459 -571.944563
1173.879432 33.108880
1947.604573 537.489037
1523.829414 952.568434
-197.451981 1853.058623
940.443873 -576.177661
-851.313341 367.025053
-4.721364 -326.244746
-490.868412 1464.020150
223.041645 -381.290899
-2193.898859 696.675659
-1639.500636 210.565908
-1674.545799 1358.919731
-1726.930743 276.868327
-2259.652677 -371.030145
-1993.460081 -2105.708943
-1979.008849 315.342955
-1198.288844 -428.633834
-1874.522382 154.088460
-1471.502568 -2854.007644
-250.684631 -190.994123
196.200734 -1923.485490
-430.031589 -278.065549
-409.085655 -1397.200797
1498.936046 -2260.283702
187.303220 224.433942
1811.055986 -596.252230
1726.238736 650.935246
1308.180530 177.745640
1190.891120 1164.428296
6480.810614 1876.181120
1770.370178 -599.789426
1287.910473 120.668011
2071.432163 695.065485
1523.727362 1018.776944
-340.823813 1869.038701
747.687818 -535.307022
-969.651611 517.093845
-58.335326 -300.051944
-763.028037 1356.697709
-43.815749 -472.930927
-2308.383622 743.874506
-1716.173509 253.364333
-1917.134655 1320.503223
-1921.182403 208.123115
-2347.223702 -383.606504
-2025.543060 -2119.952786
-2119.149229 280.137385
-1319.230897 -475.611837
-1908.853351 230.595391
-1448.690096 -2766.130552
-197.509926 -142.980026
171.985580 -1926.306960
-450.728307 -170.745617
-315.477475 -1298.158279
1576.317161 -2203.902785
48.589062 271.272216
1768.733899 -505.380887
1765.094336 802.889930
1307.446639 200.677671
1113.640542 1128.271186
6499.520494 1836.293442
1724.456786 -588.198444
1277.780494 171.635762
2020.028027 611.259951
1474.361062 999.209190
-316.917535 1876.825419
885.297195 -612.803133
-960.929610 361.347418
-77.834951 -439.992711
-625.485289 1416.703595
170.721018 -484.060378
-2251.093648 715.747028
-1604.711285 159.647833
-1712.304944 1344.660552
-1665.208184 188.896086
-2217.825582 -389.314546
-1925.131211 -2173.022471
-1994.398801 378.935471
-1137.737699 -413.176131
-1828.340924 214.989376
-1399.641180 -2859.989656
-222.660645 -149.226271
214.873918 -1874.792318
-432.476368 -133.274506
-386.031897 -1342.322151
1494.049147 -2175.357733
106.542329 288.494307
1812.244473 -499.308947
1676.806417 642.751113
1154.920740 140.842982
1099.835320 1114.163134
6386.684197 1896.882133
1574.855589 -649.082787
1144.534526 86.991486
1966.154839 609.526223
1446.050711 1004.168969
-326.954930 1821.995174
702.452748 -607.627910
-1000.007950 414.213854
-43.471843 -295.677839
-652.725405 1330.061751
0.758110 -505.884576
-2248.162487 691.664975
-1614.973264 218.592178
-1684.446245 1337.760295
-1743.039151 140.433085
-2204.987093 -421.040417
-1895.430483 -2147.075221
-1957.281543 348.153685
-1178.141464 -436.746000
-1839.923347 199.009469
-1362.468100 -2756.178290
-120.644272 -142.574016
205.397276 -1827.763370
-413.344742 -119.680398
-298.458365 -1233.014049
1571.739898 -2125.802528
108.889035 303.524447
1729.242403 -469.108973
1677.928347 757.042077
1206.109336 151.624292
1035.575834 1084.260898
6291.129447 1743.520987
1536.087679 -590.928721
1114.231333 101.046391
1909.535463 590.480205
1402.897915 967.868135
-345.353379 1809.341461
822.285725 -560.715797
-967.162002 362.386312
-79.548885 -371.576125
-599.227202 1380.304364
106.042417 -465.445873
-2211.666091 712.966763
-1632.823006 147.643056
-1706.477581 1342.955675
-1631.313693 213.975305
-2128.401038 -365.052534
-1895.041896 -2129.579572
-1936.382485 345.792361
-1129.386521 -337.834819
-1754.719637 241.164837
-1400.793689 -2716.352379
-201.428584 -139.436288
164.765969 -1782.497067
-415.304303 -77.091251
-401.436978 -1282.995850
1450.064600 -2116.389978
14.038514 327.820080
1747.859002 -416.072438
1627.174824 712.628896
1096.667634 101.936936
1013.445917 1088.297835
6280.153199 1750.192789
1485.670094 -635.539942
1046.667747 30.761333
1870.275576 634.781620
1444.779123 987.066621
-281.668219 1772.692607
797.827883 -667.756585
-913.715206 333.347530
11.483426 -303.049680
-558.555206 1400.596958
117.603126 -470.247182
-2151.208045 738.452223
-1508.250983 189.306373
-1561.858213 1373.110997
-1615.981704 158.029400
-2125.489529 -382.467825
-1824.681724 -2066.047132
-1898.128668 426.249460
-1135.296954 -361.473928
-1829.525389 209.166539
-1404.048592 -2731.926740
-142.615247 -109.697139
165.514504 -1788.980522
-500.723353 -145.037571
-404.572576 -1232.024974
1483.154226 -2084.988528
56.231393 342.701985
1699.656979 -479.705167
1594.188741 664.454763
1136.273534 116.999766
1019.270426 1017.664920
6164.557213 1720.628963
1427.282602 -620.296950
1042.600238 114.443928
1928.748984 632.217792
1411.473414 932.999274
-272.442432 1778.447944
850.085933 -582.404665
-884.615937 405.331959
-22.164442 -274.293190
-565.972207 1382.964965
75.386397 -415.818839
-2155.497446 707.319854
-1596.303239 146.828695
-1687.816582 1302.377450
-1677.615046 178.988456
-2111.715873 -354.045379
-1889.950587 -2070.223471
-1937.597016 379.794156
-1110.843541 -309.692593
-1708.177068 216.336756
-1352.522663 -2712.077483
-151.223682 -181.575836
136.023858 -1788.342160
-425.623255 -112.584897
-430.461072 -1245.285112
1449.567360 -2165.540648
1.764218 321.944674
1738.122439 -496.394893
1627.821114 726.368958
1186.546429 83.574711
1020.066169 1101.304063
6317.017764 1760.241006
1510.622160 -568.832782
1117.992406 65.593292
1898.213856 598.035608
1446.444947 931.920311
-302.487566 1782.809372
807.822498 -645.737530
-978.250771 360.010171
-45.971644 -319.236726
-554.752625 1434.011873
123.901015 -463.753981
-2183.357352 743.589106
-1538.873728 162.471014
-1585.702477 1378.747507
-1658.334654 156.454798
-2148.312682 -368.604896
-1894.502894 -2098.440138
-1956.528466 406.008114
-1152.476614 -366.875132
-1768.630718 167.557892
-1425.220676 -2772.702606
-159.888367 -147.416031
171.218002 -1793.982856
-453.485958 -122.173088
-436.343272 -1251.511622
1512.088257 -2108.178717
56.881680 316.541916
1728.090516 -489.843502
1618.576852 687.623146
1187.500785 104.049401
1045.171530 1087.020826
6258.751953 1750.621237
1487.401705 -577.553757
1118.043403 75.479995
1947.180686 611.163522
1435.944104 897.471882
-303.789043 1797.425061
801.888403 -603.257109
-956.761288 426.449236
-38.315074 -297.333086
-559.954822 1392.019432
63.506632 -441.218754
-2184.195954 749.105062
-1564.590666 209.048650
-1651.671414 1355.710956
-1702.292684 177.346612
-2112.170308 -360.160424
-1935.300928 -2127.114698
-2014.065054 360.957696
-1190.759836 -392.543342
-1789.788131 204.113401
-1427.255133 -2739.130845
-174.462247 -192.958435
160.828904 -1825.034744
-432.417732 -139.682198
-361.797060 -1212.513886
1533.846236 -2161.297220
30.402459 307.663629
1751.861400 -511.187694
1665.948404 716.979306
1192.082575 116.051337
1047.375461 1070.519307
6314.772659 1731.645311
1536.502517 -616.516721
1151.831634 77.656854
1949.943238 619.019330
1443.710828 922.881516
-260.613759 1823.390079
866.543887 -641.339349
-922.883801 402.092617
-26.235030 -334.712052
-540.179378 1396.231086
107.973403 -462.868509
-2190.111643 738.710847
-1561.363259 209.331325
-1654.616183 1345.085593
-1701.167989 188.144585
-2120.262808 -394.821352
-1917.153968 -2102.761408
-2009.309608 371.747110
-1208.118167 -372.239403
-1849.322805 217.616523
-1452.469446 -2774.165958
-217.609384 -143.059376
135.263394 -1868.990040
-498.711810 -139.460160
-410.768775 -1279.679725
1490.435168 -2198.169512
42.562902 285.500582
1716.128174 -572.696602
1635.439879 688.887527
1187.610889 82.149723
1094.462761 1042.466967
6369.611115 1718.073975
1561.349936 -639.831606
1220.737644 89.249192
2031.179158 601.355642
1460.783225 925.101423
-226.873542 1827.499330
891.208462 -587.232106
-945.625219 454.008677
25.453156 -279.845930
-513.146317 1408.917425
122.704190 -434.652612
-2175.586415 739.232789
-1577.836662 230.888204
-1719.912949 1342.175539
-1756.541403 214.646057
-2176.856111 -374.111075
-1968.348715 -2151.146399
-2075.951486 331.191374
-1257.776813 -461.598859
-1875.213011 203.515075
-1478.067153 -2773.694205
-270.275356 -145.965238
121.516202 -1850.435962
-479.146323 -150.355665
-380.041485 -1274.033795
1510.345016 -2207.389162
61.995821 278.980711
1730.409582 -544.742946
1656.043781 689.071985
1190.571423 120.568291
1108.050517 1014.126715
6324.202012 1746.709730
1596.061359 -659.222331
1224.947507 115.691293
2039.559740 600.515480
1472.567313 931.561913
-186.511819 1834.878873
864.343853 -577.857501
-907.043357 442.754103
11.079143 -318.271435
-561.677949 1378.074555
105.814435 -428.322207
-2174.863490 741.820214
-1605.237459 223.436557
-1688.671554 1305.562676
-1722.833538 188.420860
-2176.934136 -416.271902
-1954.893791 -2134.099191
-2064.012571 303.886985
-1243.638531 -463.533151
-1853.355846 180.370190
-1447.609201 -2769.915877
-215.537060 -194.878090
152.360562 -1880.214408
-441.411324 -196.437308
-325.551952 -1260.757956
1531.911518 -2181.911572
84.337485 259.367051
1751.741243 -540.941799
1680.883336 729.737192
1266.262514 124.133682
1108.816498 1011.677262
6278.916976 1687.295002
1567.165700 -608.383012
1216.353502 155.379776
1944.089693 630.339407
1452.170665 948.654945
-233.672147 1784.368987
873.960134 -608.573608
-955.982883 405.653341
-27.441920 -351.389968
-626.569925 1388.157223
72.194495 -447.078651
-2189.771812 751.905182
-1582.115517 141.200097
-1742.346129 1245.429569
-1699.698454 123.048646
-2158.235440 -389.073746
-1926.694907 -2096.069659
-2051.703204 342.281614
-1209.628301 -421.339873
-1767.176016 187.941424
-1396.097025 -2759.961499
-222.862062 -154.396422
177.667377 -1828.238305
-431.727853 -91.691281
-348.453646 -1298.018074
1506.417873 -2129.431157
35.221975 257.232129
1716.316048 -526.028520
1614.696605 679.605047
1157.920254 120.460340
1077.649943 1085.685375
6271.174810 1745.904434
1525.651195 -642.913389
1226.772275 90.648501
1943.578174 606.568888
1452.488462 952.145990
-268.912504 1807.405348
808.342177 -615.526195
-960.884347 412.436667
5.208626 -316.944328
-590.921262 1378.305874
82.524864 -462.280276
-2194.005909 739.466811
-1541.379941 207.590697
-1653.427311 1338.572569
-1722.789095 165.040787
-2169.599596 -384.322906
-1924.568266 -2071.885514
-1985.562473 368.173011
-1211.676679 -429.021873
-1832.146825 184.831035
-1433.999892 -2734.078682
-184.676399 -117.276509
137.762076 -1855.576254
-461.524791 -156.077269
-402.153599 -1292.608725
1494.739886 -2128.594744
46.137419 257.763693
1698.214970 -537.133500
1616.181386 716.825302
1255.132720 131.384034
1127.991915 1027.589783
6257.606141 1676.505981
1557.183913 -599.697011
1263.644456 133.217666
1965.611392 628.788468
1436.397811 899.175175
-226.992777 1779.036637
851.135469 -613.436381
-944.814956 451.250652
15.050308 -314.099548
-583.784030 1413.640592
108.763845 -407.713109
-2122.141494 780.383442
-1534.695902 177.941686
-1743.788136 1311.436538
-1711.333400 190.779636
-2147.930855 -334.003721
-1964.681654 -2101.718208
-2096.406636 320.950580
-1229.065740 -482.434942
-1852.832373 182.856821
-1458.596840 -2763.863300
-272.203815 -145.894615
136.798344 -1829.508528
-429.256485 -124.393513
-324.834375 -1292.077653
1524.824580 -2189.070412
61.427939 267.501855
1746.529600 -530.054076
1653.801666 687.042218
1202.976165 124.808305
1073.476695 1057.037707
6307.260419 1755.934763
1590.231386 -644.910740
1225.948202 107.840272
1997.194076 605.258648
1458.526369 1007.434963
-235.169682 1858.436256
838.602095 -581.930225
-941.064341 415.484237
-31.032816 -315.323526
-568.208767 1396.334809
31.170888 -436.125440
-2216.899781 715.307559
-1581.810249 223.686917
-1674.882653 1303.578171
-1730.399743 126.654183
-2214.514440 -423.446302
-1964.749893 -2116.785287
-1992.588109 394.934443
-1191.727310 -443.884132
-1852.141392 139.722634
-1421.688195 -2756.752171
-199.606255 -132.878425
190.131416 -1812.136738
-450.368767 -152.671455
-373.331180 -1277.101616
1539.655229 -2103.364479
86.417241 307.001535
1753.984772 -564.978450
1613.168144 695.651144
1212.545780 107.044680
1133.128191 1089.186603
6235.002994 1707.689998
1500.884638 -628.663912
1244.200516 136.243470
1997.288272 593.710468
1442.516346 902.270270
-273.773666 1756.269956
781.707075 -584.539463
-898.461964 449.400432
-37.208605 -304.584307
-577.065254 1308.058792
73.635105 -423.055135
-2145.683383 742.436703
-1504.957734 201.270836
-1652.646360 1260.105830
-1752.777427 137.304507
-2083.385527 -328.747317
-1891.085613 -2110.817637
-2068.385141 335.131085
-1195.020469 -472.235287
-1788.194660 213.248272
-1374.081860 -2765.997714
-283.989963 -185.302417
110.849052 -1813.682148
-444.959329 -102.490029
-335.873060 -1184.712296
1481.474240 -2189.352698
76.135706 243.551314
1686.229492 -529.661594
1679.644345 716.397471
1215.151641 110.317233
1054.464097 975.931515
6181.174800 1704.406866
1610.682284 -618.048554
1205.945569 81.508031
1924.434578 537.528214
1423.721651 921.635675
-163.826570 1792.454956
832.627816 -541.581224
-961.678135 395.479331
-4.603307 -257.602315
-525.871646 1413.847398
109.787465 -376.301477
-2142.341813 713.707293
-1601.698043 208.256791
-1696.702463 1348.332979
-1661.474233 189.768349
-2194.921830 -417.469292
-1993.761311 -2127.024049
-2068.726202 339.846660
-1194.829388 -416.849836
-1853.742962 104.199608
-1483.810992 -2761.715814
-265.497321 -173.872265
188.935901 -1769.748749
-472.712202 -154.025356
-390.685289 -1294.017033
1525.967992 -2085.489284
140.285497 305.774745
1749.143459 -543.733287
1617.528559 628.766479
1177.818039 142.376265
1154.389413 1097.473373
6250.339570 1728.707346
1518.251281 -684.348053
1222.726136 92.876748
2017.439520 626.413652
1493.962632 954.632922
-242.729301 1763.810363
785.345777 -572.300255
-892.598998 460.904438
25.588459 -232.359943
-603.313153 1345.814575
16.661207 -396.153875
-2139.777587 765.956433
-1512.759504 224.655500
-1711.754558 1267.785430
-1830.114921 147.751405
-2149.678536 -371.457478
-1960.908594 -2046.675234
-2063.794674 315.000982
-1233.460383 -468.746703
-1812.502153 118.096757
-1442.198486 -2761.232844
-177.853235 -189.949637
101.071753 -1846.577561
-464.556817 -135.462047
-334.219499 -1222.669911
1566.022846 -2167.326474
66.558391 242.544701
1741.338992 -527.140362
1723.545997 766.399017
1301.872276 144.894194
1096.765333 1034.403279
6249.378519 1691.974605
1607.334323 -553.010069
1227.578811 146.663311
1959.482446 588.099460
1401.331366 918.262978
-237.103554 1863.316814
805.147469 -533.199271
-972.835371 347.365357
-211.895033 -411.283563
-713.210600 1362.679156
-98.702941 -351.363133
-2260.944907 669.369579
-1822.609532 38.170188
-1766.768374 1126.935962
-1741.381594 43.286592
-2165.858967 -515.533823
-2061.723839 -2323.561615
-1996.521741 96.686345
-1129.140242 -624.041078
-1630.975855 -180.943525
-1369.113567 -3019.782867
-88.795527 -603.143277
343.454236 -2036.634524
-88.933019 -461.957911
-159.104956 -1552.980706
1802.666054 -2383.404436
242.526786 177.642068
2292.665592 -777.731702
1941.212549 468.308361
1533.097266 -252.634334
1339.864179 1062.514097
6811.119940 1393.522710
1644.368507 -881.104097
1533.036811 -390.428925
2165.157736 267.883060
1714.494657 444.395949
-364.467291 1467.788591
1083.108509 -1053.896241
-665.558472 109.575566
155.172984 -788.324034
-252.034869 850.961927
220.447480 -1004.918152
-2189.446989 292.678457
-1395.375608 -141.186030
-1510.181096 1089.552146
-1855.925696 -146.900542
-1846.837971 -609.303803
-1727.315754 -2618.956922
-1778.531562 -53.666314
-1096.463603 -1007.996383
-1874.977925 -195.638955
-1641.559110 -3118.425690
-243.858697 -371.740445
-13.071087 -2353.346365
-528.389666 -682.012790
-363.410860 -1840.968668
1552.140161 -2669.130299
-99.438729 -78.333813
1833.252155 -980.913435
1557.463729 413.302879
1232.826437 -459.296871
975.850213 800.068637
6448.696724 1005.630744
1397.142138 -1068.842140
1360.901356 -478.023760
1999.780775 194.397131
1610.247097 387.638007
-451.127484 1543.939092
1128.751238 -1024.054578
-629.747649 7.574143
-44.911027 -988.669475
-400.636554 757.960534
120.183714 -884.860898
-2246.324292 275.427640
-1600.739215 -322.387149
-1629.721728 902.946536
-1754.917997 -443.943729
-1828.347975 -803.574621
-1869.894698 -2946.037806
-1841.963917 -223.135195
-868.481314 -1015.547964
-1662.449449 -516.784459
-1348.909803 -3435.194355
8.671085 -968.142539
259.134637 -2704.837675
-214.187899 -807.110401
-52.265844 -2189.353150
1753.152319 -2699.479355
280.137855 -486.815543
2299.602932 -1132.682588
2087.156087 131.117355
1454.904306 -798.667356
1440.875992 726.195932
6765.179789 616.768239
1515.919021 -1025.170403
1594.300710 -774.040222
2085.150416 -96.522840
1718.006901 98.293887
-288.806985 961.675519
1077.975699 -1188.691835
-615.136313 -746.871877
-273.294033 -1332.426715
-463.339837 109.385893
-157.573893 -1216.434017
-2121.266020 -134.402248
-1782.125418 -951.396932
-1330.934954 235.552046
-1620.804301 -1098.759423
-1665.305573 -1119.300017
-1638.452111 -3271.341589
-1510.238894 -870.970398
-899.800988 -1644.365598
-1367.443503 -1247.531623
-1146.198914 -3573.765558
111.411990 -1699.347650
264.775433 -3098.619089
161.772326 -1489.189188
205.573265 -2615.136701
1720.454329 -2690.110829
709.752087 -1329.744183
2244.182189 -1349.550283
2246.336395 -132.852371
1975.401657 -1194.005289
1799.080112 101.326316
5885.179722 -855.317732
1694.719136 -1168.076964
1668.689023 -1434.254979
1580.562195 -620.691159
1441.497395 -699.055701
-159.804524 -294.233860
1154.424102 -1523.601600
-167.894826 -1737.862806
-235.144175 -1974.378053
-19.131193 -845.829369
-13.608364 -1646.301764
-1132.416507 -576.483281
-1332.776003 -1727.074149
-830.330821 -728.457747
-1063.862936 -1907.490960
-862.295274 -1531.933354
-1184.995722 -3286.010882
-1061.180541 -1776.711637
-938.542991 -2091.739285
-803.975232 -1887.457176
-972.675261 -3031.783417
167.185258 -2225.840082
28.643424 -3063.623580
349.212832 -1959.064498
324.542246 -2795.786452
1244.679453 -2452.303861
489.384511 -2122.980459
1469.796907 -1528.047263
1635.004431 -615.939837
1657.428259 -1838.627187
1464.856606 -800.996526
3822.797266 -2560.707410
1242.075284 -1280.197388
1232.053424 -2031.019312
751.277761 -993.957859
975.807020 -1392.798998
111.223929 -1477.250979
1192.474824 -1787.373756
344.591850 -2296.922156
-5.235968 -2044.615674
630.145249 -1368.455799
284.205548 -2108.062326
-281.303812 -1062.326020
-626.874784 -2470.406524
-716.351188 -1163.628000
-533.671594 -2153.353554
-1.960004 -1899.950450
-582.163230 -2929.301352
-637.045581 -2412.734191
-488.215375 -1896.287729
-333.023530 -2198.833542
-880.647910 -2428.349772
328.709468 -2106.791054
-69.702823 -2713.981779
167.621080 -1852.923356
317.410707 -2862.449089
1035.434088 -2784.452796
-75.990000 -2454.595242
753.126520 -1918.402434
716.306980 -914.737808
875.132624 -2259.494208
677.415485 -1145.133863
3167.413350 -3147.027090
774.946533 -1736.116367
857.402526 -2360.286088
547.305745 -1157.822351
1015.294446 -1399.622906
65.792354 -1515.062236
1197.663421 -1797.132655
380.667771 -2308.090521
-8.431616 -2035.903168
628.757225 -1370.006269
310.580043 -2094.963701
-219.751792 -1069.327148
-593.668351 -2436.938727
-634.725373 -1164.201333
-492.434129 -2149.081627
10.488564 -1897.780348
-554.823020 -2918.473138
-561.919971 -2420.983065
-568.433391 -1891.747147
-309.583593 -2200.449799
-849.055314 -2424.900440
379.696567 -2117.074821
-8.355450 -2774.198222
218.811435 -1886.888073
327.055297 -2908.513217
1098.353203 -2792.076205
-71.318726 -2471.340002
754.465095 -1957.773117
778.045551 -879.316269
906.370321 -2306.595949
748.549336 -1198.002688
3183.168225 -3148.508091
806.683143 -1680.825895
912.601716 -2300.214636
562.993201 -1144.313453
935.254979 -1419.385257
35.193544 -1377.220476
1070.263146 -1671.471254
346.302687 -2455.724691
-155.215676 -2456.822790
380.266470 -1668.513754
21.974709 -1727.791025
105.160915 -792.902241
-694.119318 -2201.406072
109.893127 -1860.516673
-249.372178 -2485.420482
148.777968 -1545.975860
-389.851730 -2634.872510
-315.201541 -2189.086477
-853.553995 -2167.046059
102.342958 -1991.166332
-527.446892 -1764.338346
9.557808 -2418.624660
-328.156316 -2212.551616
449.997724 -2096.008838
260.805635 -2164.482775
88.468529 -1250.009065
199.695559 -2537.989139
219.951752 -1173.409692
506.210448 -1131.770326
956.821040 -2109.649338
791.609174 -1686.405400
-140.433339 -4037.318505
447.642929 -806.964989
392.398062 -2281.750584
-636.374221 -1217.340039
142.129297 -2128.981823
368.828521 -2637.440921
777.781893 -1511.523217
1000.925369 -2778.210441
41.904518 -2044.792972
1069.325323 -2160.782425
402.958603 -1601.086195
1477.604867 -1094.426855
601.393947 -2353.193667
1085.359749 -2222.700403
973.230261 -2575.267751
1322.889449 -1515.862143
784.324802 -1255.526858
521.819269 -2231.765671
-334.306977 -1458.173737
937.827083 -1947.255465
218.679292 -407.172674
-180.671500 -1774.807146
-341.032349 -865.601895
426.467675 -1469.769611
145.971743 -1369.037395
-892.390670 -331.586132
107.633641 -2290.778769
-1419.583402 -976.772292
-1127.098199 -1422.103281
-171.032716 -2040.029142
-228.248164 -2319.340044
-3397.881680 -4266.420846
-608.379431 -911.014223
-740.250318 -1974.233492
-1557.334284 -1270.962706
-456.743105 -1915.447867
691.270100 -2976.386546
198.563896 -1018.955378
1204.290400 -2358.083552
556.107150 -1485.720680
1277.712377 -2216.226055
399.719252 -965.411166
2284.073659 -978.314057
1430.164010 -1511.932598
1846.755569 -2359.655161
1783.610528 -1877.490260
2085.297239 -875.907363
1699.228349 521.453345
1167.743624 -1379.421992
110.791144 -615.880508
1334.970237 -818.073365
736.418546 1315.528896
-607.529340 -818.172876
-823.036931 611.282267
-257.742142 -417.834772
30.697613 413.491741
-2036.121538 1313.765334
-309.540570 -1687.465156
-2733.903947 -213.254917
-2294.692060 -1315.240712
-1485.023990 -991.191582
-1319.936396 -2362.050474
-6938.411730 -3322.923594
-1365.291477 -112.967543
-1602.188688 -895.214854
-2352.853727 -1147.317441
-1459.410089 -1605.300697
807.967802 -2502.249864
-430.398073 272.210867
1223.706109 -1003.537139
504.080978 -47.484364
1328.664460 -1637.654434
744.924899 281.803203
2785.239495 -875.559889
2146.156014 -681.626406
1525.450040 -1479.062702
2432.385990 46.747934
2744.289578 321.944908
2320.946171 1961.801181
1227.534684 -758.515806
1209.126943 835.716989
1507.127975 546.947997
825.154027 3125.064403
-829.488964 786.144724
-479.334339 2118.999267
-591.240426 939.867696
-293.160070 1687.189480
-2537.269693 2318.877499
-911.314658 -114.162596
-3265.142047 707.015521
-2765.767319 -562.348027
-2572.046301 -76.650589
-2457.719427 -1678.934451
-7450.233542 -1497.358074
-1873.586502 151.031962
-2228.231334 499.666490
-2504.451984 -892.727624
-1848.288507 -208.449109
618.378617 -1443.269769
-986.306472 1480.514910
910.521446 232.905364
309.979217 1309.977973
913.147439 -480.008727
393.292126 1436.868874
2507.393599 -164.274943
1974.701398 565.906310
1349.660722 -577.070040
1959.729023 1020.325311
2271.250652 1235.864732
2081.099696 2667.651584
1483.735188 153.031484
1500.051765 1241.388273
1430.597928 964.954278
1220.100344 3651.904154
-339.767805 1230.370405
-12.102443 2748.981371
-157.733450 1247.964946
-1.492726 2415.038692
-1916.022450 2980.996840
-313.829219 713.275121
-2279.250881 1206.407501
-2130.980792 319.704482
-1686.815171 1216.780065
-1586.093170 -676.051366
-6692.365189 -613.258665
-1814.911664 616.263456
-1659.721771 1451.619585
-2481.815785 -183.459493
-2224.909075 236.950701
166.192425 -711.688823
-896.723762 1555.271484
543.351997 917.538713
-80.411553 1235.232201
319.219980 -24.278706
135.080966 1984.551038
2054.083843 376.049571
2066.628548 1122.231236
868.437276 -502.166914
1579.205914 1278.959186
2396.346792 1362.795354
1724.558445 2708.278599
1017.681938 808.324492
1359.981540 1404.914692
1239.648495 1648.781829
1429.051487 3390.899801
-95.453981 1543.754749
39.420993 2937.651701
214.558806 2038.613692
386.237998 3070.606340
-1510.576278 2954.171812
-299.464626 1123.017430
-1885.317455 1630.688691
-2055.093193 645.015197
-1922.243409 1642.816733
-1828.597966 -136.802304
-5931.654703 161.700049
-1693.137078 1001.077954
-1800.229898 1502.337310
-2359.068826 148.651988
-2130.969157 859.920093
-62.398415 159.816269
-898.981596 1938.818126
78.055793 892.404207
-509.929502 1160.748066
145.054495 75.011407
-397.041528 2075.868172
1366.222736 578.198502
1433.743057 1229.756479
911.892442 -194.540920
1655.200907 1144.011667
2127.551523 1588.033323
1756.345758 2370.343808
1392.421981 1082.428819
1532.226914 1438.578054
1418.095941 1574.794051
1648.731152 3374.768874
70.652779 1184.038843
374.962137 2691.999575
549.720973 1624.210289
392.821801 2981.398465
-1228.022018 3398.324932
367.092616 1075.671682
-1351.217921 1783.370555
-1374.040545 737.729775
-1086.648688 1816.250376
-1103.872978 -127.825952
-5889.763063 -264.656613
-1496.435738 1119.115772
-1568.016822 1431.323596
-2498.206918 80.544980
