0 0.000000 207.495117 85.743214 224.513078 0.391859 103.560974 1
1 1500.000000 375.031639 229.259079 439.554838 0.548691 261.178707 1
2 3000.000000 198.779205 88.331063 217.521377 0.418160 105.376667 1
3 4500.000000 351.410658 -162.078273 386.986843 -0.432147 -130.725008 0
4 6000.000000 230.438100 -272.584046 356.936661 -0.868988 -251.386920 0
5 7500.000000 406.600440 -158.023792 436.228652 -0.370681 -121.859494 0
6 9000.000000 217.277375 -300.338316 370.692004 -0.944510 -280.185809 0
7 10500.000000 202.231903 154.659752 254.592580 0.652884 171.753173 1
8 12000.000000 161.294913 -291.666027 333.294345 -1.065643 -276.442639 0
9 13500.000000 251.566125 -318.230823 405.655484 -0.901866 -295.011074 0
10 15000.000000 387.843364 320.673954 503.243738 0.690878 353.363768 1
11 16500.000000 295.354322 -151.185473 331.799974 -0.473105 -124.776295 0
12 18000.000000 350.736046 -186.542544 397.257970 -0.488810 -155.154544 0
13 19500.000000 355.933159 -184.209058 400.775985 -0.477580 -152.375489 0
14 21000.000000 214.935442 -322.122670 387.247026 -0.982392 -302.091510 0
15 22500.000000 374.243490 -169.753916 410.943526 -0.425837 -136.374419 0
16 24000.000000 151.500384 118.275301 192.201491 0.662857 131.071452 1
17 25500.000000 292.590751 -197.894021 353.229940 -0.594677 -171.547567 0
18 27000.000000 358.263561 -189.706735 405.390459 -0.486982 -157.648299 0
19 28500.000000 339.262339 -184.439047 386.156311 -0.497953 -154.062527 0
20 30000.000000 344.189822 283.320921 445.799705 0.688700 312.336173 1
21 31500.000000 170.004185 -322.668356 364.713985 -1.085885 -306.564523 0
22 33000.000000 256.867823 112.249134 280.322932 0.411984 134.283179 1
23 34500.000000 367.680901 209.047981 422.954257 0.516980 240.402195 1
24 36000.000000 343.224807 221.976584 408.750378 0.574079 251.142479 1
25 37500.000000 319.855935 -196.516150 375.401673 -0.550933 -167.790525 0
26 39000.000000 211.125321 111.173387 238.607257 0.484681 129.211189 1
27 40500.000000 360.751838 171.659223 399.510673 0.444131 202.550715 1
28 42000.000000 335.635959 213.678264 397.881763 0.566924 242.212278 1
29 43500.000000 339.183317 159.304851 374.731048 0.439092 188.357425 1
30 45000.000000 365.579996 172.798816 404.361428 0.441546 204.108184 1
0 0.000000 226.390295 47.693271 231.359491 0.207632 81.688754 1
1 1500.000000 383.342509 236.625642 450.492146 0.553021 292.363292 1
2 3000.000000 218.003136 66.387128 227.887293 0.295602 98.883433 1
3 4500.000000 347.390907 -218.159530 410.212168 -0.560750 -162.580586 0
4 6000.000000 218.500242 -319.183330 386.807903 -0.970508 -282.093486 0
5 7500.000000 378.211376 -171.031621 415.085124 -0.424692 -111.300691 0
6 9000.000000 181.525000 -281.996173 335.370195 -0.998852 -250.985632 0
7 10500.000000 235.310911 92.846633 252.965852 0.375817 127.674628 1
8 12000.000000 141.053587 -314.732877 344.895489 -1.149466 -289.515979 0
9 13500.000000 229.176735 -320.159821 393.731237 -0.949532 -281.428966 0
10 15000.000000 418.799793 294.724713 512.109288 0.613229 355.193525 1
11 16500.000000 303.956890 -200.943094 364.373322 -0.584132 -152.195272 0
12 18000.000000 358.585381 -213.665375 417.416301 -0.537367 -156.430458 0
13 19500.000000 351.682272 -185.590609 397.648456 -0.485579 -129.738271 0
14 21000.000000 197.281561 -314.407813 371.176895 -1.010423 -280.612563 0
15 22500.000000 394.437146 -218.107047 450.723137 -0.505111 -155.347978 0
16 24000.000000 190.481940 83.413621 207.945189 0.412753 111.509827 1
17 25500.000000 285.828345 -189.068084 342.701887 -0.584399 -143.226387 0
18 27000.000000 374.110089 -193.546614 421.210934 -0.477433 -134.177866 0
19 28500.000000 372.137302 -212.580397 428.575077 -0.519005 -153.289742 0
20 30000.000000 392.669189 258.803975 470.285647 0.582738 315.705311 1
21 31500.000000 173.921730 -311.675794 356.918154 -1.061816 -281.478001 0
22 33000.000000 268.986941 120.405528 294.705727 0.420878 160.050645 1
23 34500.000000 391.925234 191.979236 436.418854 0.455484 249.549995 1
24 36000.000000 361.189227 199.566031 412.655132 0.504780 252.356613 1
25 37500.000000 342.020348 -191.871139 392.163808 -0.511244 -137.419927 0
26 39000.000000 245.739761 117.673722 272.461254 0.446589 153.802594 1
27 40500.000000 407.863147 182.907281 446.998233 0.421566 243.016963 1
28 42000.000000 385.345036 182.085461 426.199380 0.441428 238.767798 1
29 43500.000000 376.973098 163.918836 411.069460 0.410166 219.536206 1
30 45000.000000 385.960646 180.987301 426.288663 0.438482 237.776467 1
0 0.000000 233.981462 78.232839 246.713805 0.322670 137.158236 1
1 1500.000000 435.640704 142.404594 458.325094 0.315936 252.230577 1
2 3000.000000 233.773134 53.860658 239.897579 0.226446 113.593583 1
3 4500.000000 322.912478 -216.712306 388.891620 -0.591078 -123.901280 0
4 6000.000000 194.573804 -316.379165 371.422591 -1.019419 -253.880250 0
5 7500.000000 378.441681 -234.804337 445.366346 -0.555321 -126.711721 0
6 9000.000000 182.779107 -339.974449 385.993301 -1.077503 -279.750472 0
7 10500.000000 246.245773 102.873562 266.870662 0.395729 164.160725 1
8 12000.000000 125.555989 -310.371606 334.805675 -1.186387 -266.283186 0
9 13500.000000 201.964215 -375.612557 426.467275 -1.077451 -309.068923 0
10 15000.000000 461.281000 228.196388 514.639439 0.459400 341.747028 1
11 16500.000000 298.519232 -198.970441 358.751959 -0.587904 -113.219005 0
12 18000.000000 319.329126 -234.554607 396.215793 -0.633522 -142.057017 0
13 19500.000000 341.932936 -262.769046 431.237410 -0.655225 -163.313093 0
14 21000.000000 163.459308 -375.420917 409.462831 -1.160148 -319.036642 0
15 22500.000000 346.736943 -258.730966 432.629426 -0.641057 -158.151237 0
16 24000.000000 182.853125 74.585979 197.479958 0.387299 120.159434 1
17 25500.000000 269.626042 -255.136779 371.204766 -0.757794 -175.016045 0
18 27000.000000 327.324113 -280.283547 430.929161 -0.708133 -184.059713 0
19 28500.000000 318.855767 -272.591898 419.494151 -0.707336 -178.873094 0
20 30000.000000 400.278035 210.578692 452.289609 0.484294 308.668136 1
21 31500.000000 121.549182 -357.074007 377.194976 -1.242696 -312.389404 0
22 33000.000000 273.083386 43.119588 276.466697 0.156606 113.597529 1
23 34500.000000 397.401050 135.426176 419.842642 0.328437 235.416466 1
24 36000.000000 362.976229 152.900678 393.865917 0.398683 243.195816 1
25 37500.000000 292.274269 -246.705370 382.475866 -0.701052 -160.911348 0
26 39000.000000 250.414317 43.653138 254.190728 0.172589 108.135051 1
27 40500.000000 405.502550 141.514350 429.486472 0.335770 243.425319 1
28 42000.000000 363.278522 152.996245 394.181602 0.398609 243.367707 1
29 43500.000000 366.615609 127.683233 388.213875 0.335138 219.830335 1
30 45000.000000 408.790384 132.236636 429.646489 0.312859 235.342816 1
0 0.000000 241.242757 42.489956 244.956046 0.174341 121.085077 1
1 1500.000000 432.893283 139.496751 454.814180 0.311736 276.852109 1
2 3000.000000 232.357248 50.690949 237.822334 0.214794 125.823339 1
3 4500.000000 320.363103 -265.414224 416.025514 -0.691867 -142.327179 0
4 6000.000000 181.670002 -373.687699 415.507504 -1.118286 -290.910200 0
5 7500.000000 356.919709 -273.366541 449.578629 -0.653603 -137.532780 0
6 9000.000000 150.639416 -363.209192 393.208787 -1.177643 -291.468374 0
7 10500.000000 260.015031 41.692128 263.336382 0.158992 126.641778 1
8 12000.000000 108.621745 -360.512594 376.520935 -1.278149 -303.047979 0
9 13500.000000 168.731234 -390.550391 425.440757 -1.162983 -311.140195 0
10 15000.000000 464.069977 205.750018 507.635709 0.417318 349.729174 1
11 16500.000000 288.616899 -251.749160 382.984796 -0.717276 -140.124569 0
12 18000.000000 309.618623 -293.610167 426.697342 -0.758866 -172.494035 0
13 19500.000000 317.877841 -285.790781 427.460750 -0.732295 -162.353966 0
14 21000.000000 139.436114 -375.664524 400.707205 -1.215386 -306.964122 0
15 22500.000000 325.579317 -290.566860 436.383996 -0.728634 -164.264351 0
16 24000.000000 200.858195 23.955713 202.281711 0.118706 90.057995 1
17 25500.000000 248.232369 -271.011956 367.514339 -0.829241 -171.837828 0
18 27000.000000 309.113103 -260.859701 404.473354 -0.700940 -141.817894 0
19 28500.000000 307.356306 -287.357128 420.763613 -0.751783 -167.364830 0
20 30000.000000 434.164641 167.155993 465.231192 0.367514 303.330177 1
21 31500.000000 114.125537 -358.858914 376.569194 -1.262887 -299.640996 0
22 33000.000000 273.595150 59.882844 280.071886 0.215476 148.338087 1
23 34500.000000 415.030613 124.466300 433.292361 0.291362 256.693208 1
24 36000.000000 391.155975 122.430575 409.868568 0.303337 246.753156 1
25 37500.000000 305.387110 -273.924228 410.238674 -0.731141 -155.374776 0
26 39000.000000 243.781218 56.226942 250.181437 0.226681 134.876263 1
27 40500.000000 426.269059 127.830711 445.023596 0.291349 263.638485 1
28 42000.000000 396.785877 111.727799 412.216124 0.274475 238.564592 1
29 43500.000000 392.132331 87.456435 401.766590 0.219437 214.140865 1
30 45000.000000 410.746738 127.802253 430.170082 0.301651 258.395645 1
0 0.000000 241.180053 52.937785 246.921500 0.216068 151.050032 1
1 1500.000000 456.256324 92.300329 465.498855 0.199605 278.660368 1
2 3000.000000 250.868273 -6.038865 250.940946 -0.024067 101.891428 1
3 4500.000000 289.170144 -281.998696 403.909194 -0.772843 -131.136912 0
4 6000.000000 124.393402 -356.592987 377.666886 -1.235157 -269.066665 0
5 7500.000000 325.412501 -301.995463 443.953326 -0.748092 -133.701870 0
6 9000.000000 108.975861 -383.749614 398.922930 -1.294104 -300.208729 0
7 10500.000000 246.542592 53.233605 252.224238 0.212656 153.612093 1
8 12000.000000 49.352593 -339.609545 343.176808 -1.426485 -285.827525 0
9 13500.000000 115.163459 -396.347188 412.739283 -1.288021 -308.946929 0
10 15000.000000 486.378045 159.813298 511.960831 0.317465 352.569413 1
11 16500.000000 237.032454 -261.981728 353.297056 -0.835354 -135.355495 0
12 18000.000000 274.110259 -296.943811 404.118870 -0.825362 -151.088916 0
13 19500.000000 281.780810 -309.770027 418.757561 -0.832678 -159.399194 0
14 21000.000000 106.617382 -392.066453 406.304529 -1.305280 -308.734880 0
15 22500.000000 295.156201 -322.116389 436.893752 -0.829047 -164.834602 0
16 24000.000000 182.510430 46.096548 188.241730 0.247395 119.761361 1
17 25500.000000 209.974892 -284.182865 353.340284 -0.934455 -166.999586 0
18 27000.000000 266.392341 -315.018870 412.555169 -0.868839 -170.728113 0
19 28500.000000 262.448234 -326.935203 419.244204 -0.894379 -183.186068 0
20 30000.000000 420.817987 143.244474 444.529816 0.328093 309.540251 1
21 31500.000000 50.906614 -365.613411 369.140420 -1.432450 -308.665369 0
22 33000.000000 263.011867 20.568499 263.814908 0.078045 131.136096 1
23 34500.000000 423.615322 56.979679 427.430257 0.133706 232.769371 1
24 36000.000000 373.177143 86.843571 383.148778 0.228645 238.177881 1
25 37500.000000 234.672731 -288.392899 371.808761 -0.887742 -160.236207 0
26 39000.000000 232.165385 20.080602 233.032179 0.086278 117.495553 1
27 40500.000000 427.469503 55.682827 431.080912 0.129532 233.246499 1
28 42000.000000 375.478650 79.606863 383.824790 0.208921 232.622038 1
29 43500.000000 361.597977 65.725651 367.522731 0.179801 214.136210 1
30 45000.000000 407.398379 65.967799 412.704725 0.160531 233.953598 1
0 0.000000 238.355644 -18.994276 239.111262 -0.079521 104.078833 1
1 1500.000000 443.248035 55.177712 446.669230 0.123848 271.635796 1
2 3000.000000 219.442564 0.500325 219.443135 0.002280 111.341307 1
3 4500.000000 254.453316 -305.969440 397.949480 -0.877064 -135.409237 0
4 6000.000000 101.831175 -386.547980 399.736074 -1.313211 -282.076089 0
5 7500.000000 295.520231 -320.883988 436.232439 -0.826523 -127.522809 0
6 9000.000000 57.691037 -356.816885 361.450612 -1.410501 -278.730923 0
7 10500.000000 242.555671 30.812384 244.504921 0.126355 149.178578 1
8 12000.000000 25.306586 -373.982139 374.837383 -1.503231 -309.910006 0
9 13500.000000 84.162241 -401.886759 410.604737 -1.364362 -304.241705 0
10 15000.000000 475.412110 139.382878 495.423315 0.285191 360.550651 1
11 16500.000000 200.300034 -270.336828 336.455204 -0.933127 -132.032588 0
12 18000.000000 237.341084 -324.569300 402.089568 -0.939404 -160.107398 0
13 19500.000000 250.412207 -334.452510 417.809472 -0.928113 -162.029042 0
14 21000.000000 54.980868 -381.402532 385.345024 -1.427628 -301.315057 0
15 22500.000000 258.313128 -322.193292 412.957854 -0.894999 -147.457608 0
16 24000.000000 191.023913 14.065135 191.541023 0.073498 108.682844 1
17 25500.000000 184.161801 -319.428889 368.714502 -1.047810 -182.549471 0
18 27000.000000 238.120819 -311.976999 392.468053 -0.918860 -148.847709 0
19 28500.000000 231.091465 -322.177230 396.486358 -0.948567 -161.201989 0
20 30000.000000 438.697034 103.128924 450.655814 0.230888 310.711617 1
21 31500.000000 22.606188 -373.998986 374.681573 -1.510425 -311.289365 0
22 33000.000000 260.104697 9.028063 260.261329 0.034695 139.250946 1
23 34500.000000 415.065306 54.297081 418.601698 0.130077 256.631943 1
24 36000.000000 386.677557 52.497660 390.224983 0.134941 240.731668 1
25 37500.000000 221.909330 -316.445782 386.499267 -0.959228 -160.897247 0
26 39000.000000 231.153282 -2.914595 231.171656 -0.012608 114.313426 1
27 40500.000000 411.662276 49.728457 414.654976 0.120217 250.969843 1
28 42000.000000 378.662382 44.012165 381.211582 0.115711 229.358745 1
29 43500.000000 368.176102 8.305545 368.269771 0.022555 193.248423 1
30 45000.000000 405.180842 28.072973 406.152196 0.069174 229.008024 1
0 0.000000 220.661886 1.214476 220.665228 0.005504 128.556606 1
1 1500.000000 433.271637 14.074724 433.500184 0.032473 261.960752 1
2 3000.000000 225.514891 -42.305304 229.448698 -0.185439 95.851633 1
3 4500.000000 216.939963 -332.374845 396.908031 -0.992528 -145.791500 0
4 6000.000000 62.249588 -368.417980 373.639960 -1.403413 -264.628563 0
5 7500.000000 257.541110 -326.699034 416.004426 -0.903222 -117.688542 0
6 9000.000000 36.861940 -371.234495 373.060120 -1.471825 -281.603448 0
7 10500.000000 249.113135 6.004902 249.185498 0.024100 148.913211 1
8 12000.000000 -8.278737 -348.523039 348.621350 -1.594546 -289.167777 0
9 13500.000000 45.159317 -397.268928 399.827419 -1.457608 -298.049823 0
10 15000.000000 506.366388 71.794869 511.430760 0.140846 351.314645 1
11 16500.000000 196.115554 -304.554957 362.236155 -0.998692 -135.130194 0
12 18000.000000 201.249233 -333.869506 389.833427 -1.028337 -156.081970 0
13 19500.000000 207.179374 -337.747870 396.228365 -1.020572 -155.818329 0
14 21000.000000 29.684569 -389.253033 390.383270 -1.494683 -300.455174 0
15 22500.000000 237.532779 -359.594153 430.963776 -0.987035 -156.096639 0
16 24000.000000 189.573860 23.692096 191.048590 0.124331 128.925376 1
17 25500.000000 145.433712 -302.585333 335.721385 -1.122759 -162.822457 0
18 27000.000000 216.633744 -352.221913 413.509921 -1.019385 -162.162993 0
19 28500.000000 211.466984 -361.974872 419.218432 -1.042073 -173.107972 0
20 30000.000000 440.594680 63.223184 445.107676 0.142522 306.297546 1
21 31500.000000 -21.497306 -344.693984 345.363688 -1.633082 -293.685126 0
22 33000.000000 257.349415 -22.430016 258.325041 -0.086938 130.472810 1
23 34500.000000 420.658373 -15.054119 420.927658 -0.035772 230.900917 1
24 36000.000000 382.124233 19.325217 382.612589 0.050530 236.676411 1
25 37500.000000 171.659032 -308.440871 352.990926 -1.062947 -152.439381 0
26 39000.000000 233.333580 -13.415547 233.718926 -0.057432 123.944617 1
27 40500.000000 428.129600 -16.871251 428.461893 -0.039386 233.737355 1
28 42000.000000 387.257466 5.275215 387.293393 0.013621 228.179679 1
29 43500.000000 368.092973 -5.945845 368.140992 -0.016152 207.944633 1
30 45000.000000 395.018445 4.495187 395.044021 0.011379 232.029862 1
0 0.000000 222.957483 -42.695548 227.008698 -0.189206 109.921992 1
1 1500.000000 434.885510 -24.532110 435.576895 -0.056351 259.539200 1
2 3000.000000 216.940725 -37.027487 220.077970 -0.169051 110.424992 1
3 4500.000000 185.712422 -328.664183 377.503972 -1.056470 -133.618457 0
4 6000.000000 37.170705 -379.194640 381.012121 -1.473083 -267.526062 0
5 7500.000000 244.741949 -365.954323 440.251278 -0.981334 -124.480033 0
6 9000.000000 11.209035 -346.761744 346.942862 -1.538483 -259.228160 0
7 10500.000000 247.431466 9.222630 247.603286 0.037256 165.475396 1
8 12000.000000 -31.561855 -350.432676 351.851121 -1.660619 -289.427618 0
9 13500.000000 25.601375 -408.262925 409.064844 -1.508170 -297.264043 0
10 15000.000000 502.175422 46.501060 504.323808 0.092336 357.185960 1
11 16500.000000 150.466263 -289.317185 326.105090 -1.091219 -125.952064 0
12 18000.000000 168.793645 -335.816540 375.851092 -1.105042 -149.943665 0
13 19500.000000 194.747216 -370.829838 418.857073 -1.087219 -160.229173 0
14 21000.000000 1.983557 -376.777690 376.782911 -1.565532 -288.193806 0
15 22500.000000 204.692049 -356.493146 411.079308 -1.049577 -142.848799 0
16 24000.000000 188.020536 1.097272 188.023737 0.005836 121.201873 1
17 25500.000000 125.916140 -343.979081 366.301082 -1.219889 -183.662100 0
18 27000.000000 182.400618 -359.845184 403.433442 -1.101655 -159.693607 0
19 28500.000000 159.793914 -350.563195 385.264388 -1.143113 -167.034003 0
20 30000.000000 447.800653 24.604088 448.476071 0.054889 305.556078 1
21 31500.000000 -43.057748 -368.626634 371.132814 -1.687075 -310.764270 0
22 33000.000000 259.178673 -52.073048 264.358066 -0.198276 125.904146 1
23 34500.000000 408.481494 -16.492292 408.814294 -0.040353 248.813693 1
24 36000.000000 379.157592 -16.830467 379.530953 -0.044360 229.782575 1
25 37500.000000 151.652620 -350.933057 382.299003 -1.162893 -172.529696 0
26 39000.000000 237.326244 -51.884819 242.931637 -0.215236 112.060209 1
27 40500.000000 415.258930 -25.893000 416.065411 -0.062273 245.929984 1
28 42000.000000 385.452683 -19.217245 385.931436 -0.049815 231.978626 1
29 43500.000000 361.141980 -50.077569 364.597439 -0.137786 192.707670 1
30 45000.000000 401.809656 -53.025444 405.293347 -0.131208 216.475813 1
0 0.000000 219.707729 -53.089323 226.030889 -0.237091 118.738988 1
1 1500.000000 421.922493 -50.502092 424.934173 -0.119128 264.229886 1
2 3000.000000 212.520085 -71.825176 224.329317 -0.325917 100.447605 1
3 4500.000000 163.726963 -360.840204 396.247613 -1.144838 -137.603015 0
4 6000.000000 3.506226 -371.678546 371.695083 -1.561363 -259.064278 0
5 7500.000000 199.997282 -352.617653 405.386386 -1.054860 -106.047233 0
6 9000.000000 -18.235472 -351.980090 352.452147 -1.622558 -260.649313 0
7 10500.000000 256.914563 -39.444326 259.924888 -0.152341 154.776000 1
8 12000.000000 -69.107481 -337.474774 344.477963 -1.772782 -286.585436 0
9 13500.000000 -27.559132 -391.912796 392.880574 -1.641000 -295.374822 0
10 15000.000000 504.238628 -4.604394 504.259650 -0.009131 355.012983 1
11 16500.000000 137.888230 -335.736036 362.948826 -1.181096 -138.294851 0
12 18000.000000 136.488676 -364.164705 388.902418 -1.212202 -159.294863 0
13 19500.000000 149.189566 -357.956994 387.802445 -1.175908 -145.902639 0
14 21000.000000 -43.805955 -367.660723 370.261217 -1.689385 -289.851397 0
15 22500.000000 177.145033 -393.116525 431.185534 -1.147429 -150.782998 0
16 24000.000000 186.801943 -20.405777 187.913176 -0.108806 118.359844 1
17 25500.000000 84.088669 -329.423583 339.986472 -1.320873 -172.076383 0
18 27000.000000 139.842285 -352.635095 379.351255 -1.193256 -148.798632 0
19 28500.000000 150.189422 -387.215279 415.322206 -1.200790 -165.781722 0
20 30000.000000 454.327540 -25.349489 455.034186 -0.055738 304.953372 1
21 31500.000000 -77.253096 -338.998655 347.689703 -1.794856 -293.445137 0
22 33000.000000 243.103577 -57.888150 249.900755 -0.233768 131.984348 1
23 34500.000000 410.074069 -87.443714 419.293626 -0.210092 229.815441 1
24 36000.000000 378.051460 -74.007830 385.227290 -0.193317 216.518930 1
25 37500.000000 106.384611 -323.499375 340.542995 -1.253081 -152.066540 0
26 39000.000000 211.595618 -41.674180 215.660480 -0.194463 121.008464 1
27 40500.000000 412.963077 -74.483782 419.626425 -0.178446 240.988119 1
28 42000.000000 391.264690 -72.199391 397.870343 -0.182476 227.179334 1
29 43500.000000 357.569027 -66.691497 363.735295 -0.184395 207.115108 1
30 45000.000000 387.824979 -56.372111 391.900535 -0.144344 235.873355 1
0 0.000000 216.637210 -66.718775 226.678353 -0.298757 122.635748 1
1 1500.000000 431.608827 -118.925999 447.693615 -0.268869 253.351037 1
2 3000.000000 210.940199 -86.651034 228.044227 -0.389769 105.433099 1
3 4500.000000 118.870463 -353.984880 373.410608 -1.246821 -137.264854 0
4 6000.000000 -31.955151 -376.277040 377.631490 -1.655518 -266.951649 0
5 7500.000000 178.803370 -405.223038 442.918001 -1.155245 -124.465233 0
6 9000.000000 -46.558073 -365.693599 368.645443 -1.697429 -271.295552 0
7 10500.000000 240.385478 -36.650884 243.163454 -0.151302 160.172763 1
8 12000.000000 -98.903265 -331.522615 345.961125 -1.860721 -289.293907 0
9 13500.000000 -47.844114 -414.072508 416.827423 -1.685831 -303.460160 0
10 15000.000000 513.445958 -50.596009 515.932852 -0.098225 359.962724 1
11 16500.000000 105.510912 -315.838651 332.996405 -1.248387 -122.893241 0
12 18000.000000 107.749436 -352.194723 368.308382 -1.273902 -144.614026 0
13 19500.000000 127.511818 -405.464345 425.041879 -1.266106 -163.837506 0
14 21000.000000 -62.398311 -381.162089 386.235793 -1.733062 -293.376556 0
15 22500.000000 128.439984 -388.767078 409.434574 -1.251708 -152.366071 0
16 24000.000000 186.329133 -39.245071 190.417230 -0.207588 117.170085 1
17 25500.000000 62.520867 -363.604965 368.940956 -1.400514 -186.549269 0
18 27000.000000 118.688046 -390.178723 407.831200 -1.275501 -160.732093 0
19 28500.000000 103.789290 -385.494926 399.222437 -1.307796 -169.104641 0
20 30000.000000 440.458878 -38.888489 442.172294 -0.088062 311.703672 1
21 31500.000000 -104.563371 -349.325870 364.639633 -1.861637 -305.096147 0
22 33000.000000 256.028649 -100.718906 275.127183 -0.374794 130.839979 1
23 34500.000000 402.959848 -104.882064 416.385502 -0.254630 240.498100 1
24 36000.000000 365.593164 -72.988920 372.807918 -0.197054 232.483965 1
25 37500.000000 95.189272 -362.954917 375.229622 -1.314311 -161.152530 0
26 39000.000000 226.470953 -83.781373 241.471346 -0.354330 119.157241 1
27 40500.000000 409.939377 -118.425729 426.702409 -0.281229 237.105339 1
28 42000.000000 370.223772 -76.730776 378.091593 -0.204362 233.612746 1
29 43500.000000 352.225625 -102.442534 366.820615 -0.283035 203.279814 1
30 45000.000000 392.361479 -119.572692 410.176985 -0.295810 222.926300 1
0 0.000000 211.628833 -102.383881 235.094071 -0.450596 113.258391 1
1 1500.000000 410.544454 -122.121272 428.322722 -0.289127 264.006629 1
2 3000.000000 194.500850 -90.272949 214.428977 -0.434539 106.306488 1
3 4500.000000 103.319207 -394.849004 408.142861 -1.314867 -144.393695 0
4 6000.000000 -48.260985 -380.868007 383.913482 -1.696838 -259.882276 0
5 7500.000000 136.419434 -390.924225 414.043490 -1.235043 -115.134353 0
6 9000.000000 -79.794196 -350.426608 359.396607 -1.794685 -267.964895 0
7 10500.000000 248.579092 -93.163607 265.463788 -0.358582 148.722945 1
8 12000.000000 -117.791284 -337.862282 357.806802 -1.906256 -291.668946 0
9 13500.000000 -92.729215 -386.235773 397.211253 -1.806421 -299.245539 0
10 15000.000000 499.833298 -76.232941 505.613278 -0.151350 363.375060 1
11 16500.000000 93.363851 -354.653703 366.737041 -1.313383 -129.235965 0
12 18000.000000 94.509624 -400.784507 411.776990 -1.339215 -155.013036 0
13 19500.000000 88.699782 -393.966826 403.828567 -1.349344 -155.802170 0
14 21000.000000 -99.780834 -356.195462 369.907316 -1.843925 -287.600446 0
15 22500.000000 109.610404 -425.503243 439.394413 -1.318676 -157.014247 0
16 24000.000000 193.089777 -80.270886 209.110203 -0.393982 110.947552 1
17 25500.000000 34.796950 -365.899563 367.550429 -1.475982 -183.497546 0
18 27000.000000 82.458284 -384.104514 392.855758 -1.359329 -155.180295 0
19 28500.000000 78.417356 -406.383595 413.880307 -1.380175 -171.375189 0
20 30000.000000 455.051057 -109.947143 468.145105 -0.237071 307.342281 1
21 31500.000000 -118.962587 -347.568422 367.363451 -1.900569 -298.244084 0
22 33000.000000 235.397414 -89.644809 251.889131 -0.363866 140.013359 1
23 34500.000000 399.113552 -148.598005 425.879084 -0.356419 239.356078 1
24 36000.000000 376.973929 -135.177992 400.477756 -0.344304 229.076162 1
25 37500.000000 75.104767 -356.753711 364.573636 -1.363304 -145.338653 0
26 39000.000000 203.179778 -73.954316 216.220404 -0.349079 122.831474 1
27 40500.000000 397.441351 -150.350091 424.929144 -0.361656 236.978211 1
28 42000.000000 374.213991 -139.052398 399.213828 -0.355774 224.582566 1
29 43500.000000 351.790044 -139.418458 378.409489 -0.377323 206.088257 1
30 45000.000000 375.559479 -128.314603 396.874740 -0.329228 231.897078 1
0 0.000000 198.928444 -89.009759 217.934080 -0.420728 123.744048 1
1 1500.000000 416.970738 -178.690965 453.646402 -0.404870 263.471859 1
2 3000.000000 198.958226 -134.234694 240.006935 -0.593535 100.276465 1
3 4500.000000 68.071487 -380.259979 386.304775 -1.393660 -139.367653 0
4 6000.000000 -89.784783 -345.620413 357.092113 -1.824957 -256.259736 0
5 7500.000000 118.889387 -435.125785 451.075532 -1.304076 -124.445537 0
6 9000.000000 -95.781596 -364.016576 376.406937 -1.828089 -270.940211 0
7 10500.000000 231.877180 -88.230270 248.095963 -0.363588 152.303277 1
8 12000.000000 -148.814691 -312.914824 346.498917 -2.014714 -289.710502 0
9 13500.000000 -112.341021 -409.862743 424.979968 -1.838320 -308.905787 0
10 15000.000000 499.705450 -137.402485 518.251849 -0.268335 355.615854 1
11 16500.000000 61.253346 -356.695945 361.917076 -1.400731 -132.952847 0
12 18000.000000 52.993576 -379.604672 383.285828 -1.432091 -151.911138 0
13 19500.000000 70.037175 -419.547897 425.353552 -1.405387 -158.096920 0
14 21000.000000 -122.205744 -380.079634 399.242748 -1.881884 -301.863623 0
15 22500.000000 74.827072 -423.310572 429.873157 -1.395837 -155.958609 0
16 24000.000000 169.968099 -56.325998 179.058015 -0.320002 115.976032 1
17 25500.000000 13.513056 -365.131313 365.381278 -1.533804 -178.128291 0
18 27000.000000 61.585342 -419.771033 424.264628 -1.425124 -165.434825 0
19 28500.000000 42.088315 -412.660998 414.801791 -1.469155 -178.401349 0
20 30000.000000 426.697573 -116.677402 442.362334 -0.266918 303.997557 1
21 31500.000000 -151.129501 -340.490725 372.523905 -1.988531 -306.013353 0
22 33000.000000 243.245113 -131.880030 276.695730 -0.496811 139.342268 1
23 34500.000000 387.735559 -180.852442 427.839303 -0.436435 237.367918 1
24 36000.000000 354.984183 -142.093340 382.366692 -0.380748 229.516473 1
25 37500.000000 43.876441 -378.628103 381.161885 -1.455428 -159.194323 0
26 39000.000000 209.662448 -121.515990 242.331339 -0.525269 116.030092 1
27 40500.000000 393.529214 -193.069418 438.338959 -0.456108 235.972167 1
28 42000.000000 351.657247 -140.964358 378.858509 -0.381245 227.260119 1
29 43500.000000 335.235363 -151.201693 367.756306 -0.423711 207.909815 1
30 45000.000000 367.319217 -169.091765 404.370415 -0.431419 226.031722 1
0 0.000000 210.655989 -137.091690 251.336582 -0.576927 126.666871 1
1 1500.000000 397.284530 -187.902412 439.479594 -0.441788 270.607351 1
2 3000.000000 180.838388 -112.942107 213.209854 -0.558274 110.868151 1
3 4500.000000 44.297689 -403.672260 406.095529 -1.461497 -141.679334 0
4 6000.000000 -102.340259 -373.475937 387.243856 -1.838252 -259.143950 0
5 7500.000000 80.583767 -421.690520 429.321136 -1.381976 -117.347780 0
6 9000.000000 -136.619957 -339.559260 366.012983 -1.953323 -274.543935 0
7 10500.000000 235.116075 -118.461556 263.273069 -0.466717 156.887841 1
8 12000.000000 -160.123912 -336.589051 372.735639 -2.014836 -294.211428 0
9 13500.000000 -147.564994 -381.865563 409.385803 -1.939552 -303.320229 0
10 15000.000000 476.587967 -146.106878 498.481003 -0.297472 360.233739 1
11 16500.000000 27.995331 -365.104370 366.176104 -1.494268 -138.927721 0
12 18000.000000 33.941961 -428.591664 429.933566 -1.491767 -162.121868 0
13 19500.000000 28.004224 -417.918153 418.855368 -1.503887 -162.634637 0
14 21000.000000 -171.239188 -357.044081 395.984009 -2.017993 -313.328003 0
15 22500.000000 43.213450 -442.787026 444.890720 -1.473510 -160.211742 0
16 24000.000000 174.851299 -107.604067 205.308578 -0.551669 107.915510 1
17 25500.000000 -18.525986 -377.360471 377.814951 -1.619851 -185.998675 0
18 27000.000000 17.660218 -396.584109 396.977126 -1.526295 -162.297609 0
19 28500.000000 3.972899 -405.886624 405.906068 -1.561008 -178.704560 0
20 30000.000000 433.012048 -190.538493 473.079645 -0.414532 301.346848 1
21 31500.000000 -170.681050 -338.484578 379.082880 -2.037839 -304.495563 0
22 33000.000000 223.914600 -127.040791 257.443412 -0.516076 143.026808 1
23 34500.000000 366.448961 -203.647385 419.233942 -0.507233 235.985291 1
24 36000.000000 352.041154 -189.526380 399.816487 -0.493866 229.452385 1
25 37500.000000 25.980324 -374.034353 374.935560 -1.501448 -144.737977 0
26 39000.000000 199.686464 -117.324364 231.602440 -0.531210 125.741486 1
27 40500.000000 367.262414 -200.519021 418.437042 -0.499754 238.116848 1
28 42000.000000 348.142352 -194.320472 398.702324 -0.509089 223.816055 1
29 43500.000000 335.874789 -213.673743 398.080824 -0.566592 204.164611 1
30 45000.000000 355.971945 -199.207631 407.921201 -0.510196 228.617465 1
0 0.000000 183.061366 -129.575730 224.279588 -0.615960 125.844420 1
1 1500.000000 383.750557 -235.321319 450.156209 -0.550079 276.567183 1
2 3000.000000 177.692717 -165.194938 242.619185 -0.748966 108.299976 1
3 4500.000000 8.759724 -396.764519 396.861205 -1.548722 -131.240885 0
4 6000.000000 -151.086765 -330.186583 363.112090 -1.999936 -257.491763 0
5 7500.000000 34.555541 -434.081322 435.454566 -1.491358 -120.205533 0
6 9000.000000 -161.835753 -350.745389 386.281166 -2.003094 -274.780384 0
7 10500.000000 214.085433 -133.048002 252.060199 -0.556058 153.669070 1
8 12000.000000 -202.462756 -290.462879 354.061932 -2.179530 -291.629573 0
9 13500.000000 -190.506314 -364.437016 411.226208 -2.052471 -306.433867 0
10 15000.000000 463.449107 -229.348936 517.093811 -0.459538 353.280555 1
11 16500.000000 -8.894942 -371.388278 371.494782 -1.594742 -138.850909 0
12 18000.000000 -17.223336 -395.838853 396.213377 -1.614280 -155.241103 0
13 19500.000000 -21.298241 -409.986094 410.538929 -1.622698 -164.028070 0
14 21000.000000 -196.240350 -361.505202 411.334762 -2.068128 -310.771739 0
15 22500.000000 1.855124 -445.024978 445.028845 -1.566628 -154.666032 0
16 24000.000000 143.432871 -91.530374 170.149340 -0.567993 102.114855 1
17 25500.000000 -63.451491 -356.830670 362.428225 -1.746777 -184.810937 0
18 27000.000000 -18.622821 -418.130139 418.544648 -1.615305 -164.385524 0
19 28500.000000 -31.726473 -427.553315 428.728826 -1.644865 -179.965012 0
20 30000.000000 391.642715 -189.318814 435.000724 -0.450277 300.123337 1
21 31500.000000 -212.901209 -292.326203 361.637296 -2.200264 -302.056992 0
22 33000.000000 207.638748 -164.503019 264.905819 -0.670001 136.578853 1
23 34500.000000 350.350457 -250.641355 430.774340 -0.620988 239.913568 1
24 36000.000000 320.672821 -206.359338 381.333495 -0.571806 227.691931 1
25 37500.000000 -21.316984 -361.154813 361.783378 -1.629752 -146.883997 0
26 39000.000000 186.691435 -150.295633 239.671586 -0.677812 121.960965 1
27 40500.000000 351.577385 -263.969602 439.643728 -0.644023 236.378051 1
28 42000.000000 319.381117 -223.059229 389.563496 -0.609659 220.613497 1
29 43500.000000 299.194718 -211.784521 366.565359 -0.615974 205.677300 1
30 45000.000000 336.123600 -242.196319 414.292326 -0.624390 229.562260 1
0 0.000000 179.578171 -172.939799 249.312040 -0.766569 125.200486 1
1 1500.000000 349.708183 -264.107299 438.233361 -0.646835 263.765101 1
2 3000.000000 147.913701 -153.927946 213.476639 -0.805321 99.972044 1
3 4500.000000 -25.183705 -396.252708 397.052173 -1.634266 -133.000867 0
4 6000.000000 -174.691616 -345.193748 386.879676 -2.039287 -262.746887 0
5 7500.000000 -2.122700 -440.986875 440.991984 -1.575610 -123.106969 0
6 9000.000000 -199.987288 -309.213809 368.250044 -2.144891 -277.192923 0
7 10500.000000 192.996083 -148.188479 243.325530 -0.654816 144.897923 1
8 12000.000000 -223.456248 -298.938650 373.225148 -2.212695 -296.939266 0
9 13500.000000 -217.430629 -356.741036 417.780140 -2.118166 -307.013879 0
10 15000.000000 425.010231 -240.938681 488.554136 -0.515726 342.534421 1
11 16500.000000 -49.350316 -352.025910 355.468276 -1.710078 -144.097182 0
12 18000.000000 -47.512086 -403.751821 406.537737 -1.687934 -156.530095 0
13 19500.000000 -45.881915 -422.829282 425.311359 -1.678885 -160.199968 0
14 21000.000000 -221.869374 -324.364739 392.986645 -2.170711 -302.393686 0
15 22500.000000 -44.304161 -417.174435 419.520402 -1.676600 -157.130389 0
16 24000.000000 146.422036 -126.673160 193.611730 -0.713209 106.020054 1
17 25500.000000 -78.357300 -371.120678 379.302550 -1.778877 -177.231803 0
18 27000.000000 -55.389451 -399.496887 403.318427 -1.708566 -162.936668 0
19 28500.000000 -74.511780 -402.199877 409.043697 -1.753980 -182.066330 0
20 30000.000000 380.956284 -241.699571 451.161138 -0.565369 299.964249 1
21 31500.000000 -210.926354 -294.651601 362.366518 -2.192081 -283.713863 0
22 33000.000000 195.127532 -160.779367 252.833460 -0.689187 143.490851 1
23 34500.000000 310.874050 -259.743664 405.104241 -0.696032 227.621041 1
24 36000.000000 305.219821 -242.239435 389.665348 -0.670860 226.989565 1
25 37500.000000 -48.625127 -402.077837 405.007395 -1.691146 -157.140805 0
26 39000.000000 173.050061 -158.860117 234.910325 -0.742672 122.788553 1
27 40500.000000 313.257529 -265.741071 410.790210 -0.703515 228.266449 1
28 42000.000000 302.081170 -243.926689 388.269575 -0.679290 223.508301 1
29 43500.000000 286.730604 -267.294261 391.995741 -0.750330 202.332353 1
30 45000.000000 315.246875 -265.491015 412.148119 -0.699930 230.248008 1
0 0.000000 151.436830 -154.498949 216.340099 -0.795407 120.926440 1
1 1500.000000 328.032935 -290.564751 438.216248 -0.724903 269.936392 1
2 3000.000000 137.958582 -192.586209 236.900862 -0.949183 100.768269 1
3 4500.000000 -60.589602 -396.984839 401.581950 -1.722252 -131.537902 0
4 6000.000000 -204.007736 -301.231162 363.812272 -2.166088 -255.225780 0
5 7500.000000 -56.131836 -412.978265 416.775516 -1.705888 -130.052705 0
6 9000.000000 -231.182557 -301.984470 380.315652 -2.224172 -282.087062 0
7 10500.000000 184.235922 -171.197865 251.498675 -0.748733 150.155702 1
8 12000.000000 -251.823280 -250.931354 355.501771 -2.357969 -293.132772 0
9 13500.000000 -244.047842 -309.131354 393.854723 -2.239079 -296.034612 0
10 15000.000000 411.672888 -289.289861 503.153247 -0.612548 352.422155 1
11 16500.000000 -64.186503 -371.350151 376.856527 -1.741952 -130.429053 0
12 18000.000000 -79.545418 -396.459894 404.361127 -1.768806 -150.084624 0
13 19500.000000 -98.826296 -378.143481 390.844124 -1.826425 -165.726399 0
14 21000.000000 -248.634233 -302.927197 391.897778 -2.258076 -299.420565 0
15 22500.000000 -66.950557 -447.265691 452.248798 -1.719382 -146.906694 0
16 24000.000000 129.140372 -129.682234 183.015621 -0.787492 103.497183 1
17 25500.000000 -125.375040 -337.638630 360.164886 -1.926345 -184.494108 0
18 27000.000000 -86.868023 -395.393333 404.823346 -1.787061 -157.092642 0
19 28500.000000 -95.228193 -410.568145 421.467212 -1.798709 -168.064719 0
20 30000.000000 357.290592 -270.335314 448.037665 -0.647728 302.375978 1
21 31500.000000 -262.488009 -260.669307 369.930321 -2.359671 -305.385833 0
22 33000.000000 177.435502 -176.026045 249.937044 -0.781411 142.592824 1
23 34500.000000 299.811744 -316.764731 436.150177 -0.812887 237.433972 1
24 36000.000000 284.668215 -271.587725 393.441083 -0.761887 230.729390 1
25 37500.000000 -93.244682 -372.157536 383.661051 -1.816294 -159.152302 0
26 39000.000000 153.837964 -166.274038 226.524116 -0.824228 121.153622 1
27 40500.000000 297.714505 -316.597915 434.589653 -0.816128 235.401702 1
28 42000.000000 290.381794 -291.167328 411.217703 -0.786749 232.799621 1
29 43500.000000 253.592157 -260.761891 363.738568 -0.799337 202.130154 1
30 45000.000000 284.912942 -280.761259 400.002837 -0.778059 229.307400 1
0 0.000000 146.614494 -196.756648 245.375199 -0.930402 125.446212 1
1 1500.000000 306.648920 -333.615501 453.136694 -0.827491 270.444279 1
2 3000.000000 124.547398 -188.057956 225.561187 -0.985835 104.398803 1
3 4500.000000 -101.857825 -367.136001 381.003753 -1.841429 -139.337231 0
4 6000.000000 -227.495786 -297.784374 374.739732 -2.223173 -257.116112 0
5 7500.000000 -76.770315 -430.693457 437.482039 -1.747192 -120.967821 0
6 9000.000000 -247.128086 -272.587702 367.935247 -2.307246 -274.032991 0
7 10500.000000 163.467012 -165.120167 232.349163 -0.790429 145.484934 1
8 12000.000000 -264.629294 -240.719044 357.734988 -2.403474 -288.139170 0
9 13500.000000 -261.070014 -310.442227 405.625355 -2.270020 -291.820832 0
10 15000.000000 387.550986 -319.366221 502.185772 -0.689242 352.387112 1
11 16500.000000 -109.780788 -330.755880 348.498599 -1.891264 -143.449393 0
12 18000.000000 -112.484461 -392.349139 408.155119 -1.850002 -152.518239 0
13 19500.000000 -115.261223 -414.793669 430.510090 -1.841834 -157.604829 0
14 21000.000000 -271.465652 -283.798363 392.727783 -2.333988 -299.400833 0
15 22500.000000 -118.955376 -407.726448 424.724897 -1.854670 -160.547103 0
16 24000.000000 114.750142 -142.216690 182.738015 -0.891881 99.402396 1
17 25500.000000 -148.694008 -355.072033 384.949421 -1.967379 -184.671933 0
18 27000.000000 -118.564324 -389.891674 407.520572 -1.866006 -158.310861 0
19 28500.000000 -146.648122 -371.603450 399.493174 -1.946670 -184.349345 0
20 30000.000000 327.928573 -290.911911 438.368440 -0.725653 296.032633 1
21 31500.000000 -261.788797 -249.841855 361.876121 -2.379541 -286.258874 0
22 33000.000000 171.128242 -211.275345 271.886275 -0.890001 148.324289 1
23 34500.000000 258.419744 -317.208266 409.147709 -0.887175 224.173942 1
24 36000.000000 258.307037 -282.948490 383.121878 -0.830893 227.610406 1
25 37500.000000 -103.757074 -358.968591 373.662922 -1.852170 -140.380299 0
26 39000.000000 146.408980 -195.650358 244.365816 -0.928372 125.356392 1
27 40500.000000 268.207745 -321.847376 418.952417 -0.876055 233.428786 1
28 42000.000000 252.055142 -280.964788 377.455967 -0.839583 221.597606 1
29 43500.000000 232.376933 -303.161572 381.976410 -0.916811 199.726138 1
30 45000.000000 267.013438 -331.081975 425.336866 -0.892112 231.284401 1
0 0.000000 128.009035 -190.728047 229.703071 -0.979689 125.909722 1
1 1500.000000 274.244120 -331.380230 430.142643 -0.879462 270.593553 1
2 3000.000000 110.766979 -201.598940 230.024903 -1.068381 108.549488 1
3 4500.000000 -118.291284 -386.454500 404.153322 -1.867834 -122.522217 0
4 6000.000000 -253.711415 -276.095666 374.964396 -2.313970 -256.723956 0
5 7500.000000 -122.834144 -396.293919 414.894080 -1.871363 -127.172708 0
6 9000.000000 -280.310434 -244.385826 371.884890 -2.424555 -282.973630 0
7 10500.000000 156.851011 -219.479209 269.765384 -0.950305 154.434664 1
8 12000.000000 -288.606376 -219.598197 362.652737 -2.491157 -290.997240 0
9 13500.000000 -302.915354 -259.745996 399.030944 -2.432768 -305.745638 0
10 15000.000000 351.133826 -351.387125 496.757361 -0.785759 347.259231 1
11 16500.000000 -131.311685 -351.530161 375.254864 -1.928289 -135.158838 0
12 18000.000000 -154.582356 -389.005547 418.594100 -1.949041 -158.839083 0
13 19500.000000 -160.687099 -368.043329 401.592126 -1.982450 -164.713577 0
14 21000.000000 -299.647294 -248.381092 389.206459 -2.449470 -302.353142 0
15 22500.000000 -148.016850 -417.625372 443.080059 -1.911408 -152.587830 0
16 24000.000000 108.372238 -155.146594 189.248534 -0.961068 106.664309 1
17 25500.000000 -182.200286 -317.359884 365.942946 -2.091963 -185.669650 0
18 27000.000000 -154.577882 -358.882256 390.756696 -1.977502 -158.504262 0
19 28500.000000 -162.700490 -381.733148 414.959812 -1.973696 -166.876975 0
20 30000.000000 308.897327 -333.800186 454.796793 -0.824126 305.218138 1
21 31500.000000 -302.641315 -220.455295 374.422625 -2.512035 -305.040735 0
22 33000.000000 147.074258 -214.044998 259.703867 -0.968768 144.718094 1
23 34500.000000 245.375832 -362.097977 437.406269 -0.975228 241.390136 1
24 36000.000000 240.856899 -326.189858 405.477335 -0.934764 237.265261 1
25 37500.000000 -146.626574 -360.110977 388.817782 -1.957469 -150.566907 0
26 39000.000000 114.734280 -178.076846 211.837953 -0.998441 112.774504 1
27 40500.000000 242.407296 -359.633343 433.702016 -0.977706 238.448807 1
28 42000.000000 231.546285 -331.218112 404.127603 -0.960691 227.900064 1
29 43500.000000 211.510393 -328.876573 391.019752 -0.999266 207.891056 1
30 45000.000000 225.097231 -318.860613 390.308665 -0.956093 221.586916 1
0 0.000000 105.869367 -200.108306 226.388288 -1.084172 120.297019 1
1 1500.000000 240.250015 -382.451730 451.651852 -1.009911 267.721860 1
2 3000.000000 90.790414 -213.974600 232.439301 -1.169515 106.278496 1
3 4500.000000 -165.363425 -357.504710 393.896789 -2.004037 -138.627934 0
4 6000.000000 -274.682990 -239.919646 364.708351 -2.423646 -256.297759 0
5 7500.000000 -148.942461 -409.102694 435.372106 -1.919951 -118.457349 0
6 9000.000000 -291.619129 -241.464602 378.611767 -2.450002 -273.074447 0
7 10500.000000 127.246988 -192.112794 230.432466 -0.985784 141.028848 1
8 12000.000000 -315.900477 -169.620985 358.558768 -2.648828 -302.572828 0
9 13500.000000 -303.286818 -261.986035 400.773722 -2.429128 -283.201580 0
10 15000.000000 323.053754 -383.489564 501.425940 -0.870728 350.377754 1
11 16500.000000 -161.131327 -309.550952 348.977215 -2.050735 -137.933401 0
12 18000.000000 -185.316323 -358.333239 403.416472 -2.048079 -158.465895 0
13 19500.000000 -190.242292 -375.290904 420.755739 -2.039964 -162.131606 0
14 21000.000000 -309.137398 -241.507472 392.290441 -2.478402 -290.542140 0
15 22500.000000 -189.305948 -380.700485 425.170085 -2.032247 -160.800023 0
16 24000.000000 84.852264 -145.701716 168.608709 -1.043441 95.336217 1
17 25500.000000 -204.955341 -310.924818 372.398892 -2.153598 -181.537757 0
18 27000.000000 -179.309145 -363.181979 405.034467 -2.029405 -152.118443 0
19 28500.000000 -202.753810 -347.503971 402.328370 -2.098963 -176.652468 0
20 30000.000000 276.671737 -338.201534 436.952546 -0.885135 300.791205 1
21 31500.000000 -319.326120 -194.292205 373.789556 -2.594987 -304.175087 0
22 33000.000000 133.088675 -253.042625 285.907617 -1.086602 151.334979 1
23 34500.000000 206.464248 -360.254385 415.223683 -1.050386 232.395352 1
24 36000.000000 192.680912 -302.052243 358.275720 -1.002970 214.369641 1
25 37500.000000 -164.306455 -326.934283 365.899763 -2.036496 -139.821712 0
26 39000.000000 107.354011 -214.479120 239.846152 -1.106722 122.834351 1
27 40500.000000 210.088058 -374.741315 429.613833 -1.059835 237.074597 1
28 42000.000000 187.014175 -313.314681 364.884079 -1.032667 209.546388 1
29 43500.000000 175.152649 -326.634964 370.633039 -1.078584 198.696432 1
30 45000.000000 199.838778 -366.240721 417.214337 -1.071300 226.228002 1
0 0.000000 89.410187 -212.892549 230.905649 -1.173187 122.577197 1
1 1500.000000 195.360258 -378.943116 426.337326 -1.094794 253.922525 1
2 3000.000000 62.448922 -202.320909 211.739505 -1.271411 94.263827 1
3 4500.000000 -186.506997 -352.129845 398.472442 -2.057885 -127.269637 0
4 6000.000000 -286.189346 -238.214625 372.358093 -2.447425 -244.020342 0
5 7500.000000 -182.704964 -369.678894 412.363418 -2.029814 -120.686880 0
6 9000.000000 -316.933646 -180.303346 364.631640 -2.624355 -283.702675 0
7 10500.000000 122.375421 -216.846324 248.994120 -1.057009 155.748521 1
8 12000.000000 -311.717419 -169.550554 354.845233 -2.643426 -280.289074 0
9 13500.000000 -339.299591 -215.287425 401.836892 -2.576187 -300.133161 0
10 15000.000000 280.702314 -390.113240 480.606002 -0.947076 339.948828 1
11 16500.000000 -176.454751 -302.037682 349.804289 -2.099528 -125.428425 0
12 18000.000000 -209.041643 -356.539268 413.302139 -2.101087 -148.798035 0
13 19500.000000 -228.785325 -345.504296 414.386225 -2.155685 -170.063052 0
14 21000.000000 -349.300544 -176.878869 391.531613 -2.672854 -316.198127 0
15 22500.000000 -215.137456 -372.423454 430.096912 -2.094634 -152.252057 0
16 24000.000000 79.510646 -170.057374 187.727072 -1.133443 105.898340 1
17 25500.000000 -234.985175 -285.425315 369.710215 -2.259573 -185.871930 0
18 27000.000000 -223.492501 -320.444941 390.683834 -2.179805 -168.881378 0
19 28500.000000 -234.837752 -326.736543 402.374873 -2.193987 -179.063305 0
20 30000.000000 244.760120 -374.991752 447.801664 -0.992520 302.038269 1
21 31500.000000 -308.432624 -156.862663 346.029737 -2.671105 -279.093731 0
22 33000.000000 95.317567 -220.070594 239.825988 -1.162066 129.564985 1
23 34500.000000 174.357311 -381.323264 419.294531 -1.141936 233.578469 1
24 36000.000000 182.704885 -359.644852 403.392482 -1.100758 238.320213 1
25 37500.000000 -190.808750 -320.586035 373.072895 -2.107670 -136.602802 0
26 39000.000000 84.363749 -199.356545 216.472341 -1.170468 115.413596 1
27 40500.000000 174.504632 -376.329165 414.819848 -1.136606 232.918357 1
28 42000.000000 174.481684 -359.279028 399.406156 -1.118699 230.145675 1
29 43500.000000 148.885448 -356.009365 385.887995 -1.174694 204.357205 1
30 45000.000000 165.501291 -348.075916 385.418631 -1.126961 219.475901 1
0 0.000000 67.326040 -208.313034 218.922626 -1.258197 115.553628 1
1 1500.000000 175.898690 -427.779894 462.532146 -1.180681 273.826239 1
2 3000.000000 55.990156 -230.230027 236.940420 -1.332235 109.834970 1
3 4500.000000 -221.154740 -329.655848 396.966494 -2.161700 -135.171961 0
4 6000.000000 -314.615807 -188.061287 366.538066 -2.602830 -260.007861 0
5 7500.000000 -214.107484 -368.667116 426.330221 -2.096949 -118.929039 0
6 9000.000000 -319.420251 -187.616697 370.444762 -2.610514 -264.777807 0
7 10500.000000 99.689314 -215.966692 237.864607 -1.138341 148.807513 1
8 12000.000000 -342.265043 -114.251466 360.830648 -2.819413 -304.633300 0
9 13500.000000 -349.810166 -201.015318 403.452984 -2.620028 -291.041977 0
10 15000.000000 261.368831 -431.258066 504.278876 -1.025932 357.614603 1
11 16500.000000 -203.263321 -281.108238 346.897419 -2.196844 -129.510234 0
12 18000.000000 -252.134391 -321.998534 408.967978 -2.235103 -167.083900 0
13 19500.000000 -253.510399 -330.284314 416.359521 -2.225436 -166.422092 0
14 21000.000000 -348.288450 -184.330132 394.058932 -2.654823 -293.587007 0
15 22500.000000 -247.521986 -352.987022 431.122919 -2.182341 -155.137885 0
16 24000.000000 48.050793 -149.653405 157.178308 -1.260114 82.707135 1
17 25500.000000 -255.438342 -263.272052 366.825462 -2.341093 -184.446142 0
18 27000.000000 -233.988046 -341.796135 414.216131 -2.171101 -144.700511 0
19 28500.000000 -251.306410 -322.355912 408.739826 -2.232970 -166.194190 0
20 30000.000000 206.393603 -370.997810 424.544102 -1.063114 289.734956 1
21 31500.000000 -344.012766 -121.348905 364.788075 -2.802474 -304.618690 0
22 33000.000000 91.157966 -268.861146 283.894507 -1.243908 153.277651 1
23 34500.000000 151.380174 -406.442978 433.718631 -1.214262 244.887525 1
24 36000.000000 138.193975 -347.558563 374.024771 -1.192349 217.896355 1
25 37500.000000 -227.225989 -285.978741 365.260853 -2.242209 -151.592330 0
26 39000.000000 77.625406 -232.779964 245.381774 -1.248922 131.446931 1
27 40500.000000 152.517905 -414.579440 441.744070 -1.218277 247.952960 1
28 42000.000000 144.989168 -370.844353 398.180101 -1.198098 230.104102 1
29 43500.000000 117.124771 -350.487886 369.540214 -1.248287 198.154495 1
30 45000.000000 140.160147 -386.429991 411.063261 -1.222848 229.174305 1
0 0.000000 58.793122 -248.560740 255.419405 -1.338531 132.113901 1
1 1500.000000 135.879738 -407.116177 429.193295 -1.248660 254.068169 1
2 3000.000000 29.557302 -203.552929 205.687697 -1.426597 90.495467 1
3 4500.000000 -238.674547 -318.059329 397.652205 -2.214559 -129.759574 0
4 6000.000000 -319.088526 -201.953548 377.627757 -2.577327 -241.876575 0
5 7500.000000 -246.341823 -339.587425 419.528202 -2.198377 -130.462959 0
6 9000.000000 -344.219817 -132.476596 368.832388 -2.774205 -287.084067 0
7 10500.000000 82.042658 -233.828274 247.803671 -1.233349 149.732184 1
8 12000.000000 -337.083095 -122.742267 358.734828 -2.792385 -283.272652 0
9 13500.000000 -371.202752 -162.997634 405.413014 -2.727834 -303.419338 0
10 15000.000000 224.836553 -434.913261 489.592709 -1.093666 347.263480 1
11 16500.000000 -236.846501 -278.378565 365.500876 -2.275759 -140.175806 0
12 18000.000000 -265.328438 -329.464344 423.020015 -2.248781 -151.637902 0
13 19500.000000 -273.129731 -315.067776 416.974284 -2.285016 -163.474543 0
14 21000.000000 -363.785690 -132.052825 387.011598 -2.793387 -305.838989 0
15 22500.000000 -276.023385 -338.087100 436.453659 -2.255474 -159.176990 0
16 24000.000000 55.830249 -191.931362 199.886629 -1.287721 111.944826 1
17 25500.000000 -274.473672 -261.680523 379.226176 -2.380051 -181.109288 0
18 27000.000000 -271.460123 -301.107240 405.408644 -2.304461 -166.162087 0
19 28500.000000 -283.217413 -286.148395 402.607759 -2.351047 -181.936766 0
20 30000.000000 189.807226 -415.126752 456.461393 -1.141949 307.856765 1
21 31500.000000 -326.374877 -116.662460 346.598745 -2.798297 -274.941889 0
22 33000.000000 62.750350 -256.673502 264.232650 -1.331024 138.366236 1
23 34500.000000 108.794448 -391.238486 406.083470 -1.299572 223.421006 1
24 36000.000000 124.620329 -383.932672 403.651487 -1.256936 236.247770 1
25 37500.000000 -234.311874 -298.144702 379.199575 -2.236880 -131.707605 0
26 39000.000000 54.620360 -223.439670 230.018847 -1.331046 120.445823 1
27 40500.000000 120.012357 -407.433746 424.741360 -1.284341 239.061020 1
28 42000.000000 115.553108 -375.003586 392.403122 -1.271890 224.881058 1
29 43500.000000 106.540289 -383.377968 397.906395 -1.299737 218.867128 1
30 45000.000000 111.707867 -384.451651 400.351995 -1.288019 224.115163 1
0 0.000000 33.602583 -216.747830 219.337082 -1.416990 76.710581 1
1 1500.000000 109.411665 -443.031552 456.341833 -1.328680 196.683916 1
2 3000.000000 25.282235 -236.518701 237.866113 -1.464308 72.557275 1
3 4500.000000 -260.404667 -300.146486 397.364447 -2.285415 -194.377226 0
4 6000.000000 -347.241352 -142.724082 375.428715 -2.751620 -311.234870 0
5 7500.000000 -275.556531 -339.541470 437.286876 -2.252543 -201.255382 0
6 9000.000000 -351.509556 -140.975058 378.725408 -2.760176 -315.768463 0
7 10500.000000 60.544075 -246.854442 254.170613 -1.330282 109.180287 1
8 12000.000000 -359.050744 -70.727737 365.950611 -2.947097 -337.349926 0
9 13500.000000 -389.441230 -134.947241 412.159229 -2.808026 -354.135664 0
10 15000.000000 193.616776 -480.588562 518.124330 -1.187815 286.741395 1
11 16500.000000 -244.240713 -254.251771 352.558491 -2.336115 -187.821354 0
12 18000.000000 -301.837015 -280.466930 412.028255 -2.392877 -238.931674 0
13 19500.000000 -302.233058 -274.700297 408.417769 -2.403881 -240.484890 0
14 21000.000000 -367.292823 -123.923866 387.635321 -2.816188 -334.671866 0
15 22500.000000 -295.564267 -328.645125 442.002098 -2.303248 -223.052300 0
16 24000.000000 30.153217 -167.887116 170.573445 -1.393087 63.458410 1
17 25500.000000 -305.242726 -218.014273 375.104446 -2.521378 -254.887805 0
18 27000.000000 -284.743098 -292.503361 408.211768 -2.342752 -219.758064 0
19 28500.000000 -289.254258 -279.873101 402.488482 -2.372676 -226.728525 0
20 30000.000000 150.914138 -415.906937 442.440570 -1.222715 231.848665 1
21 31500.000000 -492.762904 19.769459 493.159316 3.101495 -486.591401 0
22 33000.000000 42.116526 -271.975154 275.216798 -1.417162 96.209428 1
23 34500.000000 88.362741 -430.019876 439.004633 -1.368132 173.439817 1
24 36000.000000 89.739557 -391.138757 401.301277 -1.345268 166.930973 1
25 37500.000000 -268.576700 -241.018622 360.864822 -2.410220 -214.329454 0
26 39000.000000 40.849679 -242.716251 246.129793 -1.404057 89.055960 1
27 40500.000000 90.721117 -431.319702 440.757310 -1.363484 176.012209 1
28 42000.000000 81.785591 -379.267943 387.985896 -1.358408 156.742210 1
29 43500.000000 57.635121 -362.261238 366.817409 -1.413020 129.653223 1
30 45000.000000 75.343022 -404.417493 411.375838 -1.386608 155.514886 1
0 0.000000 22.285869 -238.214625 239.254817 -1.477514 87.605799 1
1 1500.000000 69.854363 -452.606714 457.965577 -1.417667 192.878338 1
2 3000.000000 -5.904006 -210.714550 210.797246 -1.598808 52.884226 1
3 4500.000000 -293.323309 -259.161994 391.412190 -2.417948 -209.751266 0
4 6000.000000 -350.198189 -133.080553 374.632093 -2.778433 -299.422897 0
5 7500.000000 -293.133644 -315.196971 430.437526 -2.319942 -193.997453 0
6 9000.000000 -358.976847 -90.965216 370.322896 -2.893415 -319.559262 0
7 10500.000000 39.032770 -237.787602 240.969917 -1.408098 103.574418 1
8 12000.000000 -349.480717 -68.302429 356.092675 -2.948586 -316.734946 0
9 13500.000000 -390.235211 -115.328402 406.920336 -2.854237 -342.816128 0
10 15000.000000 153.015582 -469.750266 494.043602 -1.255897 277.528092 1
11 16500.000000 -281.497990 -217.962575 356.017981 -2.482723 -209.840665 0
12 18000.000000 -319.358100 -261.675700 412.872581 -2.455146 -234.062078 0
13 19500.000000 -314.479039 -281.153431 421.834468 -2.412086 -223.962503 0
14 21000.000000 -375.601127 -81.829976 384.411696 -2.927081 -338.067356 0
15 22500.000000 -330.281141 -279.757166 432.839120 -2.438827 -239.530211 0
16 24000.000000 26.065525 -185.060390 186.887024 -1.430868 76.465499 1
17 25500.000000 -291.916878 -210.252193 359.751926 -2.517407 -221.991827 0
18 27000.000000 -319.248590 -261.769046 412.847061 -2.454803 -233.930941 0
19 28500.000000 -324.103523 -232.161919 398.675620 -2.519997 -246.822207 0
20 30000.000000 128.148247 -445.321797 463.393436 -1.290601 246.851764 1
21 31500.000000 -475.271160 28.873718 476.147422 3.080915 -464.575211 0
22 33000.000000 19.187082 -277.702058 278.364109 -1.501814 95.602270 1
23 34500.000000 38.556661 -402.560957 404.403190 -1.475309 148.906103 1
24 36000.000000 54.434913 -394.436036 398.174517 -1.433656 161.901109 1
25 37500.000000 -284.666789 -244.987786 375.571826 -2.430970 -205.374590 0
26 39000.000000 18.881212 -244.698438 245.425805 -1.493788 86.137037 1
27 40500.000000 39.390798 -415.535134 417.397991 -1.476283 153.312793 1
28 42000.000000 47.911325 -394.453770 397.352830 -1.449926 155.639396 1
29 43500.000000 35.616763 -392.442777 394.055691 -1.480288 143.270248 1
30 45000.000000 45.116447 -417.005487 419.438994 -1.463024 159.221522 1
0 0.000000 -5.943131 -231.240750 231.317110 -1.596492 32.032888 1
1 1500.000000 30.893032 -441.977285 443.055640 -1.501012 102.906484 1
2 3000.000000 -21.464137 -234.212673 235.194144 -1.662185 17.208759 1
3 4500.000000 -314.402350 -253.153166 403.652528 -2.463696 -268.665062 0
4 6000.000000 -357.647858 -104.477171 372.595584 -2.857378 -335.690886 0
5 7500.000000 -329.392031 -271.789359 427.046327 -2.451719 -280.397993 0
6 9000.000000 -370.863634 -66.293164 376.742112 -2.964707 -354.985574 0
7 10500.000000 25.633141 -270.180746 271.393982 -1.476205 69.563735 1
8 12000.000000 -453.523575 32.452582 454.683190 3.070158 -452.710405 0
9 13500.000000 -415.321611 -58.226752 419.383351 -3.002304 -400.164415 0
10 15000.000000 113.692084 -505.542166 518.168671 -1.349585 195.003114 1
11 16500.000000 -286.222302 -227.161570 365.411528 -2.470733 -245.125494 0
12 18000.000000 -335.803438 -231.120382 407.652524 -2.538789 -293.387541 0
13 19500.000000 -335.949829 -230.820390 407.603165 -2.539599 -293.581116 0
14 21000.000000 -395.965121 -44.701830 398.480402 -3.029175 -383.286079 0
15 22500.000000 -339.775283 -284.666106 443.262941 -2.444220 -288.530629 0
16 24000.000000 13.249145 -189.091348 189.554946 -1.500843 44.058259 1
17 25500.000000 -334.132641 -163.761442 372.105404 -2.685889 -302.778097 0
18 27000.000000 -340.471252 -238.554393 415.726920 -2.530424 -296.773965 0
19 28500.000000 -333.815058 -237.881463 409.902530 -2.522451 -290.318040 0
20 30000.000000 88.771514 -459.501051 467.997433 -1.379956 162.874257 1
21 31500.000000 -492.710073 102.285880 503.215279 2.936902 -502.811375 0
22 33000.000000 -0.738817 -272.134600 272.135603 -1.573511 43.868515 1
23 34500.000000 24.500851 -443.443197 444.119534 -1.515601 96.840956 1
24 36000.000000 26.881951 -401.135616 402.035349 -1.503882 92.256510 1
25 37500.000000 -304.270050 -202.469228 365.477841 -2.554449 -266.975818 0
26 39000.000000 1.079538 -243.318211 243.320606 -1.566360 40.939864 1
27 40500.000000 21.777310 -447.383759 447.913472 -1.522158 94.800015 1
28 42000.000000 27.003485 -404.142334 405.043473 -1.504079 92.869141 1
29 43500.000000 4.719893 -378.976048 379.005439 -1.558343 66.762572 1
30 45000.000000 12.662462 -401.785831 401.985313 -1.539291 78.335821 1
0 0.000000 -15.415412 -245.306860 245.790746 -1.633555 -52.033128 0
1 1500.000000 -0.572113 -463.009721 463.010074 -1.572032 -70.009660 0
2 3000.000000 -32.789748 -226.376956 228.739358 -1.714642 -66.371751 0
3 4500.000000 -336.907609 -209.488543 396.726841 -2.585299 -364.516572 0
4 6000.000000 -376.331980 -69.610510 382.715799 -2.958689 -382.515534 0
5 7500.000000 -342.349101 -274.258007 438.657453 -2.466178 -379.610891 0
6 9000.000000 -400.449742 17.169315 400.817641 3.098744 -393.344907 0
7 10500.000000 -14.911263 -244.354599 244.809142 -1.631744 -51.391857 0
8 12000.000000 -452.272925 67.868116 457.336725 2.992644 -436.977883 0
9 13500.000000 -396.216264 -59.577467 400.670441 -2.992345 -400.670100 0
10 15000.000000 69.365310 -515.309607 519.957246 -1.436992 -8.707482 0
11 16500.000000 -298.254662 -161.618731 339.229211 -2.645004 -319.121148 0
12 18000.000000 -359.894819 -204.586186 413.980420 -2.624686 -386.508486 0
13 19500.000000 -352.918677 -226.594977 419.400615 -2.570819 -382.912220 0
14 21000.000000 -405.281366 31.971673 406.540494 3.062868 -395.901762 0
15 22500.000000 -377.590696 -229.285999 441.754234 -2.595871 -407.708770 0
16 24000.000000 -17.700342 -188.196797 189.027343 -1.664573 -45.726619 0
17 25500.000000 -337.814273 -159.349371 373.511319 -2.700835 -357.892910 0
18 27000.000000 -351.255091 -221.198363 415.101017 -2.579594 -380.458046 0
19 28500.000000 -365.350411 -179.308922 406.979867 -2.685343 -388.111183 0
20 30000.000000 38.592757 -444.846980 446.517901 -1.484258 -28.563687 0
21 31500.000000 -462.461029 113.185254 476.110392 2.901565 -440.253901 0
22 33000.000000 -16.955634 -287.103337 287.603580 -1.629785 -59.824727 0
23 34500.000000 -26.257681 -416.989235 417.815136 -1.633683 -88.502350 0
24 36000.000000 -14.574018 -382.096258 382.374100 -1.608920 -71.717462 0
25 37500.000000 -307.723510 -192.155316 362.791158 -2.583395 -333.062885 0
26 39000.000000 -16.283434 -254.741015 255.260916 -1.634631 -54.306302 0
27 40500.000000 -24.742404 -430.638079 431.348284 -1.628188 -89.051321 0
28 42000.000000 -9.010779 -395.274043 395.376736 -1.593589 -68.193608 0
29 43500.000000 -23.741438 -392.344260 393.061922 -1.631234 -82.318220 0
30 45000.000000 -11.250716 -421.038823 421.189113 -1.597511 -74.272511 0
0 0.000000 -30.844452 -245.301935 247.233533 -1.695881 -138.612553 0
1 1500.000000 -42.379470 -442.313722 444.339339 -1.666318 -238.136342 0
2 3000.000000 -51.792012 -219.561608 225.587482 -1.802450 -145.628323 0
3 4500.000000 -341.118034 -212.810656 402.057071 -2.583812 -400.512273 0
4 6000.000000 -394.551637 16.474098 394.895416 3.099863 -344.291136 0
5 7500.000000 -375.382019 -219.789915 434.993410 -2.611896 -434.220916 0
6 9000.000000 -404.574282 54.990212 408.294346 3.006499 -335.780032 0
7 10500.000000 -18.222886 -278.819856 279.414720 -1.636061 -142.542629 0
8 12000.000000 -443.207386 94.840765 453.241169 2.930785 -352.171461 0
9 13500.000000 -427.328227 30.626464 428.424316 3.070045 -367.101779 0
10 15000.000000 23.465089 -513.294498 513.830568 -1.525113 -211.586160 0
11 16500.000000 -315.794276 -179.143036 363.067834 -2.625581 -362.685112 0
12 18000.000000 -372.453514 -193.566356 419.749395 -2.662305 -419.731645 0
13 19500.000000 -380.519782 -172.354765 417.733731 -2.716292 -417.314770 0
14 21000.000000 -409.878582 72.352142 416.215430 2.966872 -332.644561 0
15 22500.000000 -392.174527 -215.993937 447.721164 -2.638166 -447.472431 0
16 24000.000000 -19.164312 -193.722820 194.668440 -1.669402 -104.835712 0
17 25500.000000 -350.886609 -113.352283 368.741308 -2.829130 -364.169772 0
18 27000.000000 -379.942196 -167.977893 415.418638 -2.725316 -414.817254 0
19 28500.000000 -370.519234 -169.880788 407.607636 -2.711698 -407.278381 0
20 30000.000000 10.573065 -471.078614 471.197252 -1.548356 -203.957306 0
21 31500.000000 -460.892382 166.466979 490.033716 2.794989 -335.493735 0
22 33000.000000 -50.091131 -264.532989 269.233771 -1.757937 -164.482533 0
23 34500.000000 -57.341061 -433.415998 437.192663 -1.702333 -247.444618 0
24 36000.000000 -40.465536 -409.304035 411.299468 -1.669340 -221.477690 0
25 37500.000000 -319.659988 -160.718438 357.788938 -2.675724 -357.785748 0
26 39000.000000 -41.708213 -222.863979 226.733166 -1.755803 -138.134214 0
27 40500.000000 -60.370202 -444.606704 448.686620 -1.705754 -255.214209 0
28 42000.000000 -32.196087 -412.286379 413.541590 -1.648730 -215.456160 0
29 43500.000000 -55.381678 -383.549597 387.527320 -1.714198 -223.109897 0
30 45000.000000 -57.992837 -404.175480 408.314815 -1.713308 -234.780678 0
0 0.000000 -58.742646 -226.667146 234.155276 -1.824376 -138.282596 0
1 1500.000000 -76.018284 -462.486592 468.692466 -1.733708 -241.407439 0
2 3000.000000 -69.620829 -223.053464 233.666231 -1.873341 -147.057883 0
3 4500.000000 -360.220240 -136.557917 385.235884 -2.779236 -385.187703 0
4 6000.000000 -392.834053 63.074382 397.865518 2.982389 -341.788285 0
5 7500.000000 -379.567824 -221.143771 439.290678 -2.614051 -434.399219 0
6 9000.000000 -388.868118 87.280992 398.542827 2.920803 -329.164950 0
7 10500.000000 -51.370239 -241.311841 246.719083 -1.780544 -136.838269 0
8 12000.000000 -433.554077 152.712449 459.663170 2.802929 -346.534665 0
9 13500.000000 -401.682222 17.116563 402.046743 3.099006 -366.979919 0
10 15000.000000 -11.855491 -540.073737 540.203845 -1.592744 -210.425260 0
11 16500.000000 -318.215142 -120.933502 340.420018 -2.778413 -340.381756 0
12 18000.000000 -388.230197 -134.851024 410.983558 -2.807282 -410.588280 0
13 19500.000000 -377.711432 -157.962481 409.411860 -2.745488 -409.346034 0
14 21000.000000 -394.722703 101.536958 407.573020 2.889815 -329.342230 0
15 22500.000000 -411.970357 -163.857223 443.360761 -2.763036 -443.360729 0
16 24000.000000 -44.921904 -172.611181 178.360863 -1.825398 -105.479726 0
17 25500.000000 -361.864252 -86.476748 372.053712 -2.907016 -368.224447 0
18 27000.000000 -381.724129 -154.116231 411.661419 -2.757869 -411.655075 0
19 28500.000000 -384.673194 -128.930315 405.704932 -2.818191 -405.096550 0
20 30000.000000 -41.999940 -443.482322 445.466682 -1.665220 -202.775991 0
21 31500.000000 -442.219355 198.041657 484.539426 2.720540 -337.851091 0
22 33000.000000 -62.857829 -289.491471 296.237099 -1.784609 -165.303169 0
23 34500.000000 -93.891342 -417.383056 427.813277 -1.792066 -241.364356 0
24 36000.000000 -83.784964 -376.654070 385.860349 -1.789678 -216.934020 0
25 37500.000000 -364.331971 -123.093139 384.564307 -2.815774 -384.037401 0
26 39000.000000 -55.716275 -244.610969 250.876124 -1.794751 -142.095331 0
27 40500.000000 -95.473022 -434.305410 444.675486 -1.787184 -249.082392 0
28 42000.000000 -84.173749 -392.260179 401.189816 -1.782177 -223.057463 0
29 43500.000000 -93.569611 -367.953672 379.664558 -1.819815 -222.814908 0
30 45000.000000 -78.845624 -423.521414 430.798121 -1.754856 -229.648175 0
0 0.000000 -71.503849 -246.729442 256.881719 -1.852875 -139.158338 0
1 1500.000000 -123.651434 -427.480440 445.004723 -1.852368 -240.878634 0
2 3000.000000 -94.165089 -202.027937 222.895382 -2.006958 -148.070883 0
3 4500.000000 -374.873066 -140.695513 400.406098 -2.782546 -399.463160 0
4 6000.000000 -378.990461 76.996480 386.732759 2.941159 -341.074240 0
5 7500.000000 -415.904740 -153.027708 443.163888 -2.789026 -442.307959 0
6 9000.000000 -389.784139 134.244688 412.253940 2.809908 -335.023519 0
7 10500.000000 -67.686526 -264.067435 272.604248 -1.821717 -140.465414 0
8 12000.000000 -413.033573 162.182667 443.734098 2.767428 -349.299695 0
9 13500.000000 -416.268477 80.438914 423.969178 2.950707 -375.805649 0
10 15000.000000 -77.761477 -498.787008 504.812170 -1.725453 -217.328095 0
11 16500.000000 -347.465194 -99.227139 361.355900 -2.863422 -361.328856 0
12 18000.000000 -391.241850 -127.944449 411.630863 -2.825534 -411.495413 0
13 19500.000000 -398.883586 -109.077203 413.528658 -2.874662 -413.414728 0
14 21000.000000 -392.299843 147.219404 419.013985 2.782583 -333.718706 0
15 22500.000000 -423.139998 -136.019926 444.464710 -2.830572 -444.370256 0
16 24000.000000 -49.755456 -191.525381 197.882736 -1.824963 -102.513465 0
17 25500.000000 -358.532359 -57.012476 363.037016 -2.983897 -359.844874 0
18 27000.000000 -401.557626 -94.675273 412.567490 -2.910051 -411.852954 0
19 28500.000000 -398.457348 -82.723361 406.953821 -2.936891 -405.460180 0
20 30000.000000 -68.336629 -466.150211 471.132587 -1.716357 -198.952665 0
21 31500.000000 -412.591408 237.661515 476.145635 2.618991 -327.263436 0
22 33000.000000 -97.665986 -250.712818 269.064233 -1.942265 -165.365616 0
23 34500.000000 -135.808972 -403.953533 426.171954 -1.895124 -245.790420 0
24 36000.000000 -105.209762 -406.852076 420.235298 -1.823848 -217.302426 0
25 37500.000000 -339.591137 -100.223784 354.071952 -2.854609 -354.069880 0
26 39000.000000 -82.575804 -220.291272 235.259448 -1.929434 -142.196386 0
27 40500.000000 -146.674796 -405.593833 431.300189 -1.917794 -256.670954 0
28 42000.000000 -112.599714 -398.372291 413.979682 -1.846260 -221.954844 0
29 43500.000000 -116.138848 -372.831901 390.502060 -1.872774 -218.032555 0
30 45000.000000 -124.214292 -384.168831 403.751014 -1.883519 -229.016081 0
0 0.000000 -102.536005 -197.617459 222.634886 -2.049419 -212.856105 0
1 1500.000000 -151.726392 -433.497398 459.283020 -1.907476 -415.649178 0
2 3000.000000 -97.283222 -219.574910 240.160710 -1.987858 -224.846360 0
3 4500.000000 -370.541364 -87.308395 380.688400 -2.910190 -321.873755 0
4 6000.000000 -372.822065 133.587025 396.032556 2.797531 -165.830134 0
5 7500.000000 -416.136174 -139.929428 439.032527 -2.817212 -391.366010 0
6 9000.000000 -368.101341 150.979611 397.861081 2.752360 -150.111079 0
7 10500.000000 -92.889503 -245.007416 262.024987 -1.933182 -239.918355 0
8 12000.000000 -412.351504 234.472119 474.353178 2.624565 -121.524436 0
9 13500.000000 -398.206865 97.663472 410.008367 2.901082 -209.249058 0
10 15000.000000 -108.609652 -527.229708 538.300308 -1.773955 -452.337391 0
11 16500.000000 -415.076187 30.648742 416.206183 3.067888 -268.890952 0
12 18000.000000 -409.789027 -61.587079 414.391138 -2.992419 -331.011046 0
13 19500.000000 -409.809666 -78.897299 417.335292 -2.951398 -343.378882 0
14 21000.000000 -365.637548 152.927161 396.330081 2.745455 -146.995315 0
15 22500.000000 -437.310470 -100.274799 448.659651 -2.916190 -377.899338 0
16 24000.000000 -83.594156 -158.404794 179.109078 -2.056377 -171.603243 0
17 25500.000000 -442.400787 11.186994 442.542207 3.116311 -301.920806 0
18 27000.000000 -400.087528 -90.905778 410.285134 -2.918171 -345.138278 0
19 28500.000000 -398.260323 -69.756664 404.323234 -2.968198 -328.765317 0
20 30000.000000 -124.452426 -430.062333 447.707512 -1.852484 -394.092181 0
21 31500.000000 -401.172990 279.435792 488.900940 2.533188 -81.605648 0
22 33000.000000 -108.309199 -264.624955 285.932246 -1.959288 -264.719933 0
23 34500.000000 -161.070802 -409.552195 440.087268 -1.945501 -405.106580 0
24 36000.000000 -143.778596 -379.198994 405.541812 -1.933213 -371.331828 0
25 37500.000000 -446.577215 36.731398 448.085265 3.059526 -286.616742 0
26 39000.000000 -96.394897 -233.938411 253.020071 -1.961649 -234.474547 0
27 40500.000000 -169.052584 -419.814196 452.573458 -1.953615 -418.021308 0
28 42000.000000 -142.829373 -378.955577 404.978468 -1.931234 -370.493179 0
29 43500.000000 -154.598790 -342.526876 375.799743 -1.994771 -352.740506 0
30 45000.000000 -152.225662 -389.463574 418.156104 -1.943398 -384.574331 0
0 0.000000 -106.999594 -223.076132 247.410335 -2.018036 -247.291919 0
1 1500.000000 -188.437476 -410.352559 451.550556 -2.001282 -451.037064 0
2 3000.000000 -134.409812 -173.564037 219.523285 -2.229738 -215.946608 0
3 4500.000000 -390.515620 -52.015798 393.964583 -3.009174 -225.882696 0
4 6000.000000 -357.431059 140.290991 383.977245 2.767570 -39.921893 0
5 7500.000000 -402.200393 19.572885 402.676363 3.092967 -167.700756 0
6 9000.000000 -368.127791 199.418966 418.671703 2.645135 7.651671 1
7 10500.000000 -114.252117 -230.713886 257.453769 -2.030606 -257.410327 0
8 12000.000000 -373.737097 241.117028 444.766049 2.568633 42.091418 1
9 13500.000000 -396.569436 128.956519 417.009714 2.827198 -67.995100 0
10 15000.000000 -165.745460 -481.879638 509.587621 -1.902077 -504.099171 0
11 16500.000000 -413.897896 62.978086 418.661806 2.990592 -134.546923 0
12 18000.000000 -411.944636 -48.975014 414.845677 -3.023261 -233.043851 0
13 19500.000000 -413.817416 -54.287277 417.363106 -3.011151 -238.622044 0
14 21000.000000 -370.914133 226.585229 434.647168 2.593209 30.488623 1
15 22500.000000 -421.196801 70.652135 427.081339 2.975398 -131.092337 0
16 24000.000000 -86.556532 -181.660366 201.227537 -2.015447 -201.114435 0
17 25500.000000 -432.955592 41.094643 434.901500 3.046960 -162.745453 0
18 27000.000000 -412.812997 -26.437408 413.658684 -3.077638 -213.433790 0
19 28500.000000 -419.648277 -12.353317 419.830062 -3.112164 -204.074809 0
20 30000.000000 -158.148680 -447.773924 474.881556 -1.910309 -470.323198 0
21 31500.000000 -367.510597 296.484349 472.193824 2.462757 94.113611 1
22 33000.000000 -142.333369 -238.075133 277.378004 -2.109634 -276.867878 0
23 34500.000000 -206.879214 -365.478362 419.968382 -2.085879 -419.682461 0
24 36000.000000 -170.232771 -356.391790 394.961143 -2.016410 -394.751715 0
25 37500.000000 -430.805355 44.614631 433.109361 3.038400 -158.630826 0
26 39000.000000 -115.009127 -207.189279 236.969401 -2.077541 -236.872735 0
27 40500.000000 -219.751162 -371.208193 431.376976 -2.105305 -430.692809 0
28 42000.000000 -168.662285 -350.748586 389.193444 -2.019018 -389.018806 0
29 43500.000000 -173.406036 -349.735944 390.365065 -2.031094 -390.302652 0
30 45000.000000 -189.561398 -367.835739 413.807509 -2.046642 -413.806382 0
0 0.000000 -130.787437 -191.039650 231.519981 -2.171118 -186.170610 0
1 1500.000000 -228.061910 -392.922576 454.313092 -2.096698 -384.392800 0
2 3000.000000 -131.738889 -195.308235 235.585317 -2.164215 -190.401880 0
3 4500.000000 -455.995499 16.310860 456.287123 3.105838 32.838028 1
4 6000.000000 -362.515893 208.285799 418.091792 2.620092 221.296380 1
5 7500.000000 -404.450504 69.596702 410.394824 2.971184 84.219397 1
6 9000.000000 -337.650575 219.080588 402.497472 2.566035 231.182260 1
7 10500.000000 -133.333615 -227.819447 263.968849 -2.100307 -222.833866 0
8 12000.000000 -357.466012 298.455139 465.679525 2.445919 311.223251 1
9 13500.000000 -379.326103 189.955949 424.230545 2.677328 203.588257 1
10 15000.000000 -199.064279 -493.764237 532.381169 -1.954021 -486.219796 0
11 16500.000000 -399.169579 87.291985 408.602795 2.926298 101.711511 1
12 18000.000000 -419.002314 14.500312 419.253143 3.107000 29.687014 1
13 19500.000000 -422.850236 14.105514 423.085438 3.108247 29.432032 1
14 21000.000000 -350.770595 174.520795 391.787593 2.679919 187.127616 1
15 22500.000000 -405.078408 76.473923 412.233887 2.955001 91.114866 1
16 24000.000000 -110.672602 -151.342452 187.491234 -2.202204 -147.229047 0
17 25500.000000 -431.776641 109.530820 445.452656 2.893158 125.118298 1
18 27000.000000 -401.454184 -6.922581 401.513865 -3.124351 7.641785 1
19 28500.000000 -401.067439 -3.106615 401.079470 -3.133847 11.441214 1
20 30000.000000 -196.391800 -409.567652 454.219551 -2.017918 -402.175527 0
21 31500.000000 -342.280635 367.203482 501.990468 2.321081 379.375627 1
22 33000.000000 -159.020563 -232.876283 281.990962 -2.169922 -226.955769 0
23 34500.000000 -230.980677 -371.928030 437.815638 -2.126540 -363.306210 0
24 36000.000000 -200.518078 -344.458229 398.571162 -2.097969 -336.959289 0
25 37500.000000 -422.974102 114.090830 438.091096 2.878128 129.356060 1
26 39000.000000 -139.483965 -196.780911 241.202204 -2.187423 -191.592691 0
27 40500.000000 -234.541101 -379.587486 446.201958 -2.124262 -370.831498 0
28 42000.000000 -207.794268 -354.433405 410.854593 -2.101060 -346.664011 0
29 43500.000000 -216.962004 -297.826640 368.474176 -2.200385 -289.761995 0
30 45000.000000 -223.324473 -335.245268 402.819079 -2.158443 -326.925254 0
0 0.000000 -143.392143 -190.668799 238.570529 -2.215607 -90.295399 0
1 1500.000000 -263.964992 -369.193005 453.851288 -2.191504 -181.850379 0
2 3000.000000 -160.549020 -152.608760 221.507159 -2.381545 -48.819556 0
3 4500.000000 -454.054007 76.315238 460.422694 2.975074 298.139855 1
4 6000.000000 -342.564979 151.012813 374.373657 2.726391 305.179392 1
5 7500.000000 -383.771362 89.380508 394.042299 2.912771 273.356896 1
6 9000.000000 -327.338684 203.382387 385.376451 2.585643 342.355664 1
7 10500.000000 -244.309755 21.974321 245.295999 3.051890 144.024765 1
8 12000.000000 -310.738944 312.976460 441.036230 2.352607 427.974143 1
9 13500.000000 -348.822920 196.966617 400.591160 2.627563 347.851387 1
10 15000.000000 -258.195757 -439.737628 509.935516 -2.101720 -245.391214 0
11 16500.000000 -383.046377 147.225281 410.365460 2.774647 322.663996 1
12 18000.000000 -401.435149 39.163132 403.340959 3.044343 239.277639 1
13 19500.000000 -405.334555 21.759139 405.918171 3.087962 226.328221 1
14 21000.000000 -328.106046 202.856332 385.751564 2.587851 342.296972 1
15 22500.000000 -452.812835 33.696649 454.064894 3.067313 260.902166 1
16 24000.000000 -122.116942 -149.489471 193.027587 -2.255753 -65.828256 0
17 25500.000000 -405.003638 112.562990 420.355056 2.870504 304.143241 1
18 27000.000000 -404.287187 34.532603 405.759326 3.056383 236.761844 1
19 28500.000000 -404.443270 63.248747 409.358966 2.986464 261.503918 1
20 30000.000000 -237.766448 -386.057886 453.402222 -2.122813 -209.755088 0
21 31500.000000 -287.368669 351.103542 453.711857 2.256700 448.746698 1
22 33000.000000 -181.101927 -210.083863 277.368234 -2.282242 -87.651914 0
23 34500.000000 -269.993998 -325.009392 422.525578 -2.263994 -140.815944 0
24 36000.000000 -230.729971 -309.251127 385.840095 -2.211792 -147.396169 0
25 37500.000000 -400.700695 122.259430 418.937245 2.845451 310.266506 1
26 39000.000000 -147.436964 -198.004102 246.866934 -2.210843 -94.523092 0
27 40500.000000 -274.453707 -322.414643 423.410014 -2.276012 -136.302934 0
28 42000.000000 -232.121381 -304.125007 382.586402 -2.222719 -142.280955 0
29 43500.000000 -226.835745 -310.212675 384.299830 -2.202174 -150.216867 0
30 45000.000000 -242.818267 -334.841564 413.617678 -2.198218 -163.181377 0
0 0.000000 -161.597824 -156.764416 225.142041 -2.371375 -29.419605 0
1 1500.000000 -300.033231 -329.942785 445.962085 -2.308753 -85.829978 0
2 3000.000000 -167.213266 -158.010378 230.059897 -2.384484 -27.069820 0
3 4500.000000 -434.163563 86.150732 442.628454 2.945708 328.135534 1
4 6000.000000 -331.655086 191.565190 383.004332 2.617804 351.590746 1
5 7500.000000 -449.825454 40.825529 451.674288 3.051082 301.100753 1
6 9000.000000 -314.283599 221.129447 384.281684 2.528456 364.956115 1
7 10500.000000 -231.915743 12.527896 232.253869 3.087626 148.399568 1
8 12000.000000 -289.261269 347.539068 452.167541 2.264932 451.484689 1
9 13500.000000 -346.904041 253.758694 429.809130 2.510040 410.603124 1
10 15000.000000 -289.894962 -438.095107 525.325053 -2.155364 -178.679785 0
11 16500.000000 -369.994085 148.682332 398.750622 2.759492 340.043752 1
12 18000.000000 -408.247783 76.138922 415.287115 2.957209 304.640599 1
13 19500.000000 -415.389742 82.057419 423.417120 2.946561 313.651124 1
14 21000.000000 -325.148447 240.454450 404.400612 2.504831 386.947391 1
15 22500.000000 -448.083989 49.685935 450.830293 3.031158 307.173194 1
16 24000.000000 -139.637320 -138.969664 197.005453 -2.358591 -28.237815 0
17 25500.000000 -413.194413 178.092908 449.940782 2.734638 389.418711 1
18 27000.000000 -411.063187 76.061447 418.041012 2.958626 306.257893 1
19 28500.000000 -405.668121 72.488303 412.093652 2.964770 300.171800 1
20 30000.000000 -269.432070 -389.171791 473.337430 -2.176350 -151.621136 0
21 31500.000000 -273.389614 396.112487 481.297188 2.174902 481.001327 1
22 33000.000000 -253.747534 54.300760 259.492550 2.930777 194.949398 1
23 34500.000000 -288.048531 -329.847330 437.916907 -2.288650 -92.902605 0
24 36000.000000 -247.583028 -315.109289 400.738343 -2.236760 -105.212898 0
25 37500.000000 -403.755120 174.069320 439.679798 2.734545 380.558591 1
26 39000.000000 -175.531049 -164.134333 240.314853 -2.389735 -27.023037 0
27 40500.000000 -298.858573 -327.487653 443.356076 -2.310518 -84.560231 0
28 42000.000000 -248.264000 -309.316228 396.625192 -2.247134 -100.157222 0
29 43500.000000 -256.658774 -275.129081 376.257541 -2.321476 -67.711205 0
30 45000.000000 -283.249370 -292.774101 407.365781 -2.339661 -66.010831 0
0 0.000000 -177.359072 -148.734401 231.469572 -2.443751 7.804229 1
1 1500.000000 -315.321544 -327.608648 454.703313 -2.337086 -33.137803 0
2 3000.000000 -177.822382 -134.811764 223.147958 -2.492911 18.473991 1
3 4500.000000 -438.081401 159.332064 466.156648 2.792762 411.217330 1
4 6000.000000 -312.988317 217.800536 381.311894 2.533641 371.158983 1
5 7500.000000 -430.312096 48.034968 432.984824 3.030425 323.207633 1
6 9000.000000 -282.518303 234.189410 366.962220 2.449456 362.999416 1
7 10500.000000 -234.212529 59.765157 241.717568 2.891749 200.935129 1
8 12000.000000 -253.902516 374.681338 452.606443 2.166364 448.427371 1
9 13500.000000 -302.055663 247.072945 390.234114 2.455989 385.638076 1
10 15000.000000 -319.690118 -403.230834 514.584179 -2.241145 -86.492199 0
11 16500.000000 -360.993415 221.702916 423.637143 2.590836 406.131927 1
12 18000.000000 -390.832482 107.961221 405.469672 2.872080 341.426822 1
13 19500.000000 -390.692104 85.918555 400.027897 2.925125 324.930430 1
14 21000.000000 -289.775862 248.233693 381.562598 2.433256 378.298492 1
15 22500.000000 -441.296662 105.872080 453.818952 2.906131 373.584046 1
16 24000.000000 -265.391523 9.201374 265.550985 3.106936 184.137735 1
17 25500.000000 -384.831720 184.741799 426.878186 2.694025 394.552855 1
18 27000.000000 -384.995283 82.755475 393.789077 2.929862 318.771014 1
19 28500.000000 -390.726002 128.158297 411.207196 2.824649 356.384944 1
20 30000.000000 -301.898618 -348.154827 460.819443 -2.285157 -57.393814 0
21 31500.000000 -222.093699 405.357618 462.212516 2.072023 450.005129 1
22 33000.000000 -230.043154 51.037277 235.636704 2.923269 191.655163 1
23 34500.000000 -321.828499 -280.057618 426.621439 -2.425483 6.593227 1
24 36000.000000 -290.404026 -260.142252 389.882662 -2.411106 0.420218 1
25 37500.000000 -371.662438 195.206005 419.807518 2.657970 393.542050 1
26 39000.000000 -183.719377 -172.907192 252.288935 -2.386503 -5.934572 0
27 40500.000000 -325.191294 -291.911372 436.991564 -2.410072 0.018954 1
28 42000.000000 -286.358935 -258.717831 385.922733 -2.406862 -1.222088 0
29 43500.000000 -280.198220 -254.847598 378.758948 -2.403539 -2.457701 0
30 45000.000000 -287.336118 -300.120082 415.492609 -2.334436 -31.377962 0
0 0.000000 -182.902593 -153.043120 238.485964 -2.444843 -57.407401 0
1 1500.000000 -352.343033 -273.092706 445.786091 -2.482235 -91.058114 0
2 3000.000000 -194.588286 -111.405407 224.222580 -2.621625 -14.859918 0
3 4500.000000 -406.154884 157.447553 435.604777 2.771775 319.518099 1
4 6000.000000 -295.610167 233.877180 376.940189 2.472261 339.771560 1
5 7500.000000 -432.243821 109.074555 445.793651 2.894408 287.471128 1
6 9000.000000 -277.394483 272.609474 388.926245 2.364894 366.603350 1
7 10500.000000 -222.449585 60.266806 230.468883 2.877020 151.658656 1
8 12000.000000 -224.491019 375.955410 437.879764 2.109097 436.311696 1
9 13500.000000 -295.783064 296.518582 418.820833 2.354953 396.152891 1
10 15000.000000 -362.888133 -362.292432 512.780268 -2.357016 -166.614423 0
11 16500.000000 -331.680603 223.259618 399.821059 2.549138 346.035612 1
12 18000.000000 -382.028856 128.726238 403.133342 2.816587 283.128669 1
13 19500.000000 -387.524582 148.937638 415.159875 2.774667 303.704271 1
14 21000.000000 -277.934853 297.513982 407.139229 2.322184 389.225715 1
15 22500.000000 -417.879354 118.418607 434.334112 2.865453 289.574917 1
16 24000.000000 -248.201881 -1.468155 248.206223 -3.135678 107.453682 1
17 25500.000000 -373.359193 234.493408 440.890287 2.580793 374.398615 1
18 27000.000000 -393.515889 152.682578 422.098004 2.771477 309.696094 1
19 28500.000000 -370.649628 133.987128 394.123962 2.794716 282.870554 1
20 30000.000000 -317.572329 -345.623093 469.369265 -2.313923 -171.490543 0
21 31500.000000 -203.152152 434.913810 480.021686 2.007787 479.955107 1
22 33000.000000 -238.185777 98.570484 257.776269 2.749214 192.984436 1
23 34500.000000 -334.371704 -267.248900 428.049543 -2.467305 -93.681231 0
24 36000.000000 -293.860683 -267.105841 397.114128 -2.403853 -111.306411 0
25 37500.000000 -352.624943 223.252955 417.356241 2.577177 355.208384 1
26 39000.000000 -198.551841 -142.170568 244.203407 -2.520184 -40.776337 0
27 40500.000000 -352.278210 -264.182799 440.332248 -2.498139 -83.077805 0
28 42000.000000 -284.245453 -266.342167 389.530009 -2.388700 -114.833810 0
29 43500.000000 -297.431662 -236.631082 380.078758 -2.469552 -82.349047 0
30 45000.000000 -326.666753 -250.434574 411.617107 -2.487529 -81.944244 0
