0 0.000000 -68.415943 294.580264 302.420689 1.799000 -15.161274 0
1 1500.000000 -62.910247 118.277499 133.967406 2.059627 27.988825 1
2 3000.000000 -38.460434 299.069685 301.532555 1.698695 -45.197327 0
3 4500.000000 -44.276870 177.712547 183.145271 1.814974 -6.258677 0
4 6000.000000 -13.681261 177.345556 177.872492 1.647788 -35.575763 0
5 7500.000000 71.076287 190.602777 203.423836 1.213866 -120.713605 0
6 9000.000000 -239.632383 250.201309 346.445341 2.334621 161.659018 1
7 10500.000000 -221.434118 161.302194 273.955227 2.512031 168.588633 1
8 12000.000000 -203.804913 149.324528 252.654422 2.509266 154.929192 1
9 13500.000000 -210.949171 158.601828 263.920618 2.496910 159.249269 1
10 15000.000000 -74.276294 217.342589 229.684063 1.900100 11.696605 1
11 16500.000000 -228.890035 241.817449 332.965954 2.328738 153.633851 1
12 18000.000000 -54.841758 152.072688 161.659274 1.916908 10.944781 1
13 19500.000000 -214.838305 161.279748 268.638520 2.497642 162.252873 1
14 21000.000000 -59.983438 160.775743 171.600852 1.927889 13.497152 1
15 22500.000000 -16.100501 207.240248 207.864731 1.648331 -41.464005 0
16 24000.000000 -11.204491 196.232275 196.551892 1.627833 -43.146824 0
17 25500.000000 193.500009 219.767414 292.813882 0.848873 -246.438765 0
18 27000.000000 -75.829966 321.723812 330.539552 1.802271 -15.491042 0
19 28500.000000 -70.884201 114.558256 134.715121 2.124897 36.677807 1
20 30000.000000 -6.542062 178.595097 178.714876 1.607411 -42.783505 0
21 31500.000000 -182.623596 217.976361 284.367846 2.268173 115.699268 1
22 33000.000000 79.405824 194.709852 210.278890 1.183570 -129.851051 0
23 34500.000000 -36.689369 200.847179 204.170759 1.751477 -19.910976 0
24 36000.000000 -17.962971 189.834899 190.682870 1.665140 -34.890643 0
25 37500.000000 -13.324185 186.485327 186.960721 1.642124 -38.430488 0
26 39000.000000 -22.895569 204.463867 205.741780 1.682310 -34.167607 0
27 40500.000000 -78.509726 319.041023 328.558901 1.812083 -12.177264 0
28 42000.000000 -80.350930 111.143717 137.146629 2.196757 46.718380 1
29 43500.000000 132.879751 251.145360 284.132047 1.084145 -196.773821 0
30 45000.000000 -38.016146 252.357290 255.204681 1.720316 -32.789041 0
0 0.000000 -84.873487 335.888686 346.445837 1.818299 -32.118011 0
1 1500.000000 -73.173089 110.663593 132.667750 2.155019 32.035225 1
2 3000.000000 -17.749424 267.384702 267.973172 1.637081 -72.524502 0
3 4500.000000 -46.284508 189.733083 195.296949 1.810068 -19.705258 0
4 6000.000000 -39.146610 205.545379 209.239958 1.758995 -31.712038 0
5 7500.000000 78.340207 193.819172 209.052767 1.186681 -138.545504 0
6 9000.000000 -247.528054 234.707795 341.112718 2.382773 154.981967 1
7 10500.000000 -230.707581 134.264801 266.932622 2.614536 172.655239 1
8 12000.000000 -222.175908 156.935752 272.012802 2.526612 157.045140 1
9 13500.000000 -237.878773 196.312732 308.423409 2.451636 158.702842 1
10 15000.000000 -79.583340 175.466249 192.670477 1.996601 16.445978 1
11 16500.000000 -182.799263 123.939055 220.853933 2.545781 130.941775 1
12 18000.000000 -84.776731 219.915677 235.690473 1.938738 6.503791 1
13 19500.000000 -248.537556 162.940575 297.187731 2.561293 179.890216 1
14 21000.000000 -68.181220 70.896718 98.361697 2.336672 40.604290 1
15 22500.000000 -24.048116 189.138571 190.661246 1.697263 -40.467721 0
16 24000.000000 -29.912147 215.245452 217.313923 1.708880 -43.654801 0
17 25500.000000 166.881058 249.091665 299.826525 0.980518 -240.458208 0
18 27000.000000 -71.174344 320.983179 328.779543 1.789004 -40.055759 0
19 28500.000000 -145.528549 150.662400 209.470087 2.338863 86.888369 1
20 30000.000000 -21.201081 198.749391 199.876978 1.677067 -46.359643 0
21 31500.000000 -197.085582 248.273343 316.989557 2.241761 102.904542 1
22 33000.000000 69.383797 154.512757 169.376218 1.148734 -116.981937 0
23 34500.000000 -35.443899 186.658907 189.994257 1.758448 -28.897860 0
24 36000.000000 -40.508745 200.123123 204.181837 1.770517 -28.618029 0
25 37500.000000 -33.055016 199.445965 202.166582 1.735038 -35.418172 0
26 39000.000000 -32.085109 190.131021 192.819240 1.737974 -33.223019 0
27 40500.000000 -66.850010 291.288346 298.860878 1.796388 -34.219603 0
28 42000.000000 -93.341350 112.173666 145.929911 2.264815 50.542560 1
29 43500.000000 113.754584 267.613233 290.786773 1.168866 -196.561752 0
30 45000.000000 -38.954455 277.217446 279.940997 1.710402 -55.818061 0
0 0.000000 -60.546036 295.780169 301.913449 1.772706 -20.019896 0
1 1500.000000 -79.556309 97.939226 126.179627 2.252994 50.750645 1
2 3000.000000 -22.647005 297.578624 298.439147 1.646754 -57.040027 0
3 4500.000000 -55.925570 194.470037 202.351834 1.850819 2.378438 1
4 6000.000000 -21.151693 167.246793 168.579014 1.696598 -23.935755 0
5 7500.000000 55.919590 160.949616 170.387146 1.236408 -96.581144 0
6 9000.000000 -217.483776 272.570126 348.702834 2.244256 137.456484 1
7 10500.000000 -223.442081 147.884426 267.948068 2.556934 176.251189 1
8 12000.000000 -189.424049 133.060542 231.487750 2.529226 147.379199 1
9 13500.000000 -191.724344 135.388723 234.709033 2.526742 148.980101 1
10 15000.000000 -61.465411 189.925833 199.624194 1.883787 8.924624 1
11 16500.000000 -149.918031 152.914352 214.145313 2.346300 104.023761 1
12 18000.000000 -57.253323 167.652527 177.159005 1.899879 10.767019 1
13 19500.000000 -196.650930 154.301892 249.961321 2.476283 148.717294 1
14 21000.000000 -55.945413 104.665916 118.679583 2.061673 26.201289 1
15 22500.000000 -4.004498 194.204760 194.246042 1.591413 -47.615165 0
16 24000.000000 -18.140690 181.985810 182.887724 1.670150 -30.745820 0
17 25500.000000 168.659134 172.902616 241.539268 0.797821 -208.456422 0
18 27000.000000 -60.385771 313.835566 319.592246 1.760885 -24.960239 0
19 28500.000000 -129.445257 178.900674 220.820121 2.197160 77.395270 1
20 30000.000000 -4.392442 172.262799 172.318790 1.596289 -41.425103 0
21 31500.000000 -145.992477 204.085884 250.927980 2.191749 86.674957 1
22 33000.000000 66.017466 118.148865 135.342012 1.061249 -94.972951 0
23 34500.000000 -21.596798 196.005784 197.192011 1.680538 -31.129504 0
24 36000.000000 -27.231467 162.195207 164.465309 1.737138 -16.734460 0
25 37500.000000 -4.476286 144.221861 144.291311 1.601824 -33.911652 0
26 39000.000000 -10.331545 162.008404 162.337499 1.634482 -32.980377 0
27 40500.000000 -60.358874 302.677276 308.636885 1.767631 -22.028528 0
28 42000.000000 -64.641862 107.320024 125.284309 2.112926 33.883171 1
29 43500.000000 128.595709 201.914817 239.387656 1.003699 -177.516068 0
30 45000.000000 -12.822806 237.619788 237.965518 1.624708 -50.619979 0
0 0.000000 -58.215053 307.730869 313.188889 1.757762 -13.361628 0
1 1500.000000 -66.663713 110.153330 128.754832 2.115023 39.839582 1
2 3000.000000 8.914808 242.154021 242.318063 1.533998 -63.802013 0
3 4500.000000 -44.599387 167.969850 173.790034 1.830328 5.193782 1
4 6000.000000 -21.671861 165.620167 167.032061 1.700910 -16.596994 0
5 7500.000000 56.839491 163.395135 172.999127 1.236025 -92.540783 0
6 9000.000000 -175.597327 253.249239 308.171378 2.177064 113.340713 1
7 10500.000000 -204.096942 146.874724 251.451280 2.517812 165.306062 1
8 12000.000000 -182.503791 157.174648 240.855773 2.430625 141.935215 1
9 13500.000000 -188.112975 176.543162 257.980580 2.387912 142.988315 1
10 15000.000000 -47.725990 173.475435 179.920807 1.839271 6.985075 1
11 16500.000000 -135.073115 123.428331 182.973494 2.401211 103.431325 1
12 18000.000000 -52.753964 187.460549 194.741978 1.845115 8.697640 1
13 19500.000000 -191.993997 189.703324 269.905624 2.362196 143.771819 1
14 21000.000000 -60.531456 58.885200 84.448350 2.369979 45.538413 1
15 22500.000000 4.704022 159.738179 159.807427 1.541357 -40.941547 0
16 24000.000000 -3.902222 185.527054 185.568087 1.591826 -38.431526 0
17 25500.000000 167.351490 195.295908 257.190616 0.862303 -207.413153 0
18 27000.000000 -21.313249 332.619506 333.301651 1.634786 -54.960057 0
19 28500.000000 -115.626443 175.901942 210.501705 2.152310 72.550661 1
20 30000.000000 -3.306274 161.460228 161.494076 1.591271 -33.533525 0
21 31500.000000 -150.846513 260.335281 300.880589 2.095955 87.626671 1
22 33000.000000 57.166124 134.133440 145.807221 1.167919 -86.198036 0
23 34500.000000 3.945106 183.284311 183.326765 1.549275 -45.562332 0
24 36000.000000 -7.963263 171.063600 171.248851 1.617314 -31.184796 0
25 37500.000000 -9.357400 196.469386 196.692096 1.618388 -35.610347 0
26 39000.000000 -6.092751 204.376375 204.467172 1.600599 -40.589151 0
27 40500.000000 -16.246823 304.177299 304.610880 1.624158 -53.419213 0
28 42000.000000 -112.076831 189.991070 220.585182 2.103761 65.887142 1
29 43500.000000 150.638361 239.084375 282.583181 1.008564 -201.106296 0
30 45000.000000 6.647297 298.985199 299.059085 1.548567 -74.530444 0
0 0.000000 -19.228898 316.284026 316.868010 1.631518 -34.349140 0
1 1500.000000 -96.824814 193.979347 216.801826 2.033764 62.748774 1
2 3000.000000 23.765890 297.032804 297.982053 1.490955 -73.484574 0
3 4500.000000 -41.877979 209.682571 213.823632 1.767923 5.941411 1
4 6000.000000 -6.634567 182.435985 182.556583 1.607147 -24.206067 0
5 7500.000000 76.568402 159.483547 176.911622 1.123193 -102.350810 0
6 9000.000000 -167.437490 310.719203 352.961380 2.065055 112.677415 1
7 10500.000000 -221.227527 206.827145 302.851591 2.389823 183.206893 1
8 12000.000000 -193.853158 172.930456 259.776807 2.413176 161.936640 1
9 13500.000000 -190.350264 171.268296 256.058688 2.408914 158.763970 1
10 15000.000000 -43.192811 200.275605 204.880299 1.783210 8.822783 1
11 16500.000000 -155.324314 180.904252 238.436555 2.280262 122.615069 1
12 18000.000000 -46.903361 204.826383 210.127990 1.795906 11.713322 1
13 19500.000000 -182.083170 192.271019 264.806393 2.328987 147.075557 1
14 21000.000000 -72.649780 71.500350 101.932775 2.364168 59.560773 1
15 22500.000000 6.562105 216.674124 216.773470 1.540520 -42.984099 0
16 24000.000000 1.498249 212.870721 212.875994 1.563758 -37.351689 0
17 25500.000000 206.539042 176.474650 271.664642 0.707064 -233.325934 0
18 27000.000000 3.652324 353.448514 353.467384 1.560463 -63.166376 0
19 28500.000000 -122.012278 219.835545 251.425263 2.077483 83.218457 1
20 30000.000000 -1.740331 203.041072 203.048530 1.579367 -32.502851 0
21 31500.000000 -138.105587 253.800017 288.942212 2.069138 93.357583 1
22 33000.000000 71.577746 128.907670 147.446807 1.063921 -92.278617 0
23 34500.000000 0.191403 229.890068 229.890148 1.569964 -38.931787 0
24 36000.000000 -11.097630 202.040612 202.345166 1.625669 -23.110787 0
25 37500.000000 2.755148 191.487692 191.507512 1.556409 -34.986952 0
26 39000.000000 9.762652 191.194464 191.443549 1.519779 -41.844808 0
27 40500.000000 -11.570115 337.106706 337.305202 1.605105 -45.407601 0
28 42000.000000 -117.291163 237.100079 264.525356 2.030187 75.655296 1
29 43500.000000 181.310794 234.518399 296.432933 0.912662 -218.240583 0
30 45000.000000 21.180768 229.191138 230.167771 1.478643 -59.503146 0
0 0.000000 -15.420258 352.160198 352.497644 1.614556 -22.271232 0
1 1500.000000 -108.087578 238.733200 262.061949 1.995939 81.977914 1
2 3000.000000 42.534879 302.410215 305.386893 1.431060 -74.582771 0
3 4500.000000 -15.086400 189.613198 190.212419 1.650193 -5.246568 0
4 6000.000000 0.748755 197.068307 197.069730 1.566997 -21.787239 0
5 7500.000000 87.349156 188.337287 207.607342 1.136533 -106.960236 0
6 9000.000000 -164.265076 323.172091 362.523400 2.041054 128.817929 1
7 10500.000000 -221.228424 191.958417 292.899384 2.426916 199.466475 1
8 12000.000000 -197.194148 194.422669 276.921842 2.363271 175.306479 1
9 13500.000000 -203.513255 217.267145 297.695578 2.323520 179.150146 1
10 15000.000000 -34.813202 222.244049 224.954165 1.726178 10.883161 1
11 16500.000000 -143.569491 170.759928 223.094491 2.269906 124.515090 1
12 18000.000000 -34.471213 207.264779 210.111764 1.735603 12.142599 1
13 19500.000000 -198.128856 243.722914 314.095371 2.253370 170.971609 1
14 21000.000000 -83.030309 102.312307 131.764336 2.252533 71.630795 1
15 22500.000000 30.510361 201.286463 203.585663 1.420365 -51.829103 0
16 24000.000000 20.511439 209.609909 210.611095 1.473252 -42.776116 0
17 25500.000000 220.129772 208.625836 303.285107 0.758574 -241.148107 0
18 27000.000000 22.661821 383.286899 383.956254 1.511740 -63.459267 0
19 28500.000000 -102.952640 222.271261 244.956648 2.004560 78.630124 1
20 30000.000000 21.197290 188.316077 189.505330 1.458706 -41.184311 0
21 31500.000000 -134.236803 302.855242 331.271515 1.988012 101.130748 1
22 33000.000000 80.413170 152.677519 172.559273 1.086028 -96.256189 0
23 34500.000000 34.616977 221.495126 224.183911 1.415763 -58.070101 0
24 36000.000000 19.017340 198.598963 199.507411 1.475330 -40.114820 0
25 37500.000000 19.582093 207.568015 208.489662 1.476734 -41.634052 0
26 39000.000000 16.273059 228.337775 228.916911 1.499649 -40.561712 0
27 40500.000000 27.634441 338.818682 339.943763 1.489415 -63.655184 0
28 42000.000000 -90.921190 229.220572 246.594268 1.948415 65.925419 1
29 43500.000000 214.853930 230.706438 315.258103 0.820962 -238.260174 0
30 45000.000000 56.483717 319.892031 324.840455 1.396027 -90.318551 0
0 0.000000 31.627082 351.516051 352.935981 1.481065 -21.030303 0
1 1500.000000 -82.349964 232.811292 246.946582 1.910781 89.321457 1
2 3000.000000 80.449693 306.020645 316.418691 1.313723 -71.200431 0
3 4500.000000 -2.153592 237.124229 237.134009 1.579878 9.291277 1
4 6000.000000 17.914446 226.171072 226.879442 1.491754 -11.097412 0
5 7500.000000 119.681439 165.197832 203.995026 0.943833 -114.653886 0
6 9000.000000 -121.055608 346.460966 367.000901 1.906942 131.430998 1
7 10500.000000 -211.447266 254.623812 330.973159 2.263819 219.016913 1
8 12000.000000 -189.208979 244.681210 309.303948 2.229036 196.489382 1
9 13500.000000 -175.841394 236.693415 294.862626 2.209743 182.887382 1
10 15000.000000 -4.267823 218.454668 218.496353 1.590330 10.842499 1
11 16500.000000 -136.699216 232.193122 269.444469 2.102888 143.627464 1
12 18000.000000 -10.936780 232.283239 232.540569 1.617845 17.924745 1
13 19500.000000 -160.403043 253.096836 299.645031 2.135671 167.949857 1
14 21000.000000 -57.847993 89.970680 106.963141 2.142210 60.530354 1
15 22500.000000 56.298056 233.571588 240.260605 1.334276 -49.240831 0
16 24000.000000 46.000768 240.207075 244.572095 1.381583 -38.748447 0
17 25500.000000 269.868134 159.636331 313.548350 0.534172 -264.939937 0
18 27000.000000 87.964881 352.046595 362.869984 1.325943 -77.326594 0
19 28500.000000 -72.888619 242.014831 252.752704 1.863330 80.141475 1
20 30000.000000 39.719866 212.875757 216.549661 1.386330 -33.293206 0
21 31500.000000 -84.035187 311.490403 322.627004 1.834307 93.374563 1
22 33000.000000 114.474277 126.312428 170.467562 0.834523 -110.619735 0
23 34500.000000 67.225976 230.631566 240.229580 1.287168 -60.252307 0
24 36000.000000 39.629313 218.056953 221.628782 1.391020 -33.046713 0
25 37500.000000 52.663467 205.269356 211.917317 1.319655 -46.459931 0
26 39000.000000 56.795129 206.065278 213.748884 1.301856 -50.565760 0
27 40500.000000 82.345973 337.833903 347.724899 1.331712 -72.138107 0
28 42000.000000 -67.944670 266.647298 275.167694 1.820298 75.941331 1
29 43500.000000 245.540102 209.565446 322.812047 0.706515 -239.119808 0
30 45000.000000 92.280095 229.891392 247.720948 1.189077 -85.317353 0
0 0.000000 78.884187 343.340106 352.285599 1.344960 -29.081808 0
1 1500.000000 -52.772135 260.762708 266.049034 1.770476 89.443220 1
2 3000.000000 118.280932 304.541934 326.705017 1.200339 -73.611907 0
3 4500.000000 39.026344 201.228079 204.977549 1.379234 -9.911442 0
4 6000.000000 55.708715 202.440794 209.966035 1.302258 -26.250027 0
5 7500.000000 136.351113 174.223405 221.236120 0.906742 -110.093771 0
6 9000.000000 -86.725099 369.072772 379.125248 1.801590 138.504684 1
7 10500.000000 -169.687086 258.029467 308.825052 2.152514 204.771603 1
8 12000.000000 -150.072878 248.096669 289.954868 2.114809 183.940709 1
9 13500.000000 -156.623006 271.046402 313.044595 2.094767 193.698756 1
10 15000.000000 17.541937 246.919599 247.541932 1.499872 17.873327 1
11 16500.000000 -109.824420 232.018646 256.698374 2.012892 141.809807 1
12 18000.000000 23.529531 210.851732 212.160533 1.459663 6.800081 1
13 19500.000000 -139.101326 285.355390 317.453741 2.024367 178.398308 1
14 21000.000000 -58.918638 133.450168 145.877871 1.986562 77.359159 1
15 22500.000000 81.582522 212.159632 227.304680 1.203694 -50.472146 0
16 24000.000000 78.307735 200.859226 215.584160 1.199059 -48.843455 0
17 25500.000000 279.455018 143.975495 314.362927 0.475734 -256.049538 0
18 27000.000000 111.941489 365.802054 382.546781 1.273829 -58.595447 0
19 28500.000000 -48.400434 252.118719 256.722517 1.760464 83.882751 1
20 30000.000000 76.196083 170.625775 186.866257 1.150800 -51.067766 0
21 31500.000000 -56.688356 317.906870 322.921582 1.747259 101.473905 1
22 33000.000000 118.129537 136.035360 180.167164 0.855732 -97.508161 0
23 34500.000000 86.896648 221.616558 238.043959 1.197116 -54.382371 0
24 36000.000000 68.944726 193.875929 205.769898 1.229130 -40.572795 0
25 37500.000000 79.350280 188.197280 204.241727 1.171781 -51.682206 0
26 39000.000000 69.792491 215.646396 226.659127 1.257792 -38.305210 0
27 40500.000000 109.608262 333.808038 351.342820 1.253531 -60.851685 0
28 42000.000000 -32.246349 248.649690 250.731920 1.699762 67.398956 1
29 43500.000000 273.345196 174.611428 324.355896 0.568458 -245.630459 0
30 45000.000000 104.396635 240.074000 261.790341 1.160611 -69.069359 0
0 0.000000 104.407302 344.806589 360.267218 1.276773 -20.875725 0
1 1500.000000 -20.168182 240.846366 241.689321 1.654340 75.933206 1
2 3000.000000 153.188098 274.227026 314.113125 1.061361 -84.809567 0
3 4500.000000 46.849610 219.519556 224.463185 1.360532 5.786312 1
4 6000.000000 66.828508 219.951369 229.879651 1.275827 -13.537594 0
5 7500.000000 156.904581 134.529292 206.681344 0.708772 -121.092677 0
6 9000.000000 -41.498198 347.524869 349.993764 1.689644 121.619561 1
7 10500.000000 -145.400051 275.658379 311.654804 2.056173 205.833567 1
8 12000.000000 -133.404775 283.161553 313.013257 2.011079 195.925607 1
9 13500.000000 -128.675088 288.480423 315.876927 1.990356 192.570943 1
10 15000.000000 47.520723 220.224711 225.293459 1.358272 5.298716 1
11 16500.000000 -83.076914 233.231867 247.586101 1.912983 135.316775 1
12 18000.000000 31.768065 235.115996 237.252485 1.436493 24.097031 1
13 19500.000000 -105.074522 283.561902 302.403716 1.925662 168.474568 1
14 21000.000000 -36.320706 113.310007 118.988871 1.880992 61.812200 1
15 22500.000000 105.223347 197.789794 224.037397 1.081881 -56.050459 0
16 24000.000000 88.693579 216.381175 233.853296 1.181789 -35.631279 0
17 25500.000000 292.109651 119.631456 315.657621 0.388706 -256.032560 0
18 27000.000000 159.339962 319.968934 357.448377 1.108761 -80.093649 0
19 28500.000000 -17.798924 230.992859 231.677584 1.647698 71.325308 1
20 30000.000000 81.908640 200.404563 216.497146 1.182798 -32.770771 0
21 31500.000000 -29.063035 325.544657 326.839385 1.659835 104.388932 1
22 33000.000000 136.628460 106.040052 172.950365 0.660009 -108.041293 0
23 34500.000000 114.154273 190.386833 221.987262 1.030677 -66.464988 0
24 36000.000000 68.893229 194.039278 205.906577 1.229632 -21.604857 0
25 37500.000000 84.845847 211.116739 227.528230 1.188661 -33.121383 0
26 39000.000000 99.753375 193.438350 217.644506 1.094679 -51.749795 0
27 40500.000000 143.267570 312.575270 343.844290 1.141024 -66.196020 0
28 42000.000000 -9.721250 255.163778 255.348891 1.608876 69.124231 1
29 43500.000000 282.059793 178.429322 333.758520 0.564042 -232.510924 0
30 45000.000000 135.666586 215.502653 254.650380 1.008942 -81.507191 0
0 0.000000 139.615246 317.812795 347.127339 1.156876 -32.616097 0
1 1500.000000 -0.831131 252.108210 252.109580 1.574093 80.051115 1
2 3000.000000 168.774935 285.845620 331.952853 1.037435 -70.347535 0
3 4500.000000 73.985185 193.670908 207.321558 1.205890 -9.343906 0
4 6000.000000 91.310044 181.767576 203.413313 1.105274 -29.532623 0
5 7500.000000 160.170699 131.010796 206.926270 0.685588 -110.859249 0
6 9000.000000 -25.018056 373.324398 374.161742 1.637711 141.121593 1
7 10500.000000 -124.586667 285.101599 311.134632 1.982779 207.904225 1
8 12000.000000 -94.431541 259.060336 275.734607 1.920344 171.090919 1
9 13500.000000 -96.218255 283.969992 299.828133 1.897488 180.618558 1
10 15000.000000 57.459589 236.324729 243.209749 1.332286 19.753946 1
11 16500.000000 -66.069289 244.075547 252.859692 1.835153 139.455697 1
12 18000.000000 59.502427 215.659015 223.717119 1.301585 11.317454 1
13 19500.000000 -84.783426 289.143763 301.317681 1.856024 171.390192 1
14 21000.000000 -30.958125 134.961598 138.466741 1.796280 71.819841 1
15 22500.000000 112.148349 197.999043 227.554111 1.055443 -44.211120 0
16 24000.000000 108.947436 186.593053 216.070616 1.042316 -44.758532 0
17 25500.000000 303.881051 77.437906 313.592606 0.249519 -264.125436 0
18 27000.000000 170.378242 326.288240 368.093414 1.089570 -59.154491 0
19 28500.000000 -8.669148 252.780331 252.928942 1.605078 87.702991 1
20 30000.000000 106.406169 177.052910 206.567194 1.029653 -45.345524 0
21 31500.000000 9.813095 296.121429 296.283981 1.537670 83.784277 1
22 33000.000000 139.889272 106.609238 175.882171 0.651199 -99.278046 0
23 34500.000000 115.551055 209.528890 239.278921 1.066817 -43.816327 0
24 36000.000000 91.395840 173.484667 196.087045 1.085921 -32.218192 0
25 37500.000000 108.982208 166.343224 198.864752 0.990799 -51.158031 0
26 39000.000000 103.288012 180.301809 207.791135 1.050570 -41.364039 0
27 40500.000000 151.868889 315.618846 350.256214 1.122319 -44.938148 0
28 42000.000000 7.568164 250.115007 250.229482 1.540547 71.451078 1
29 43500.000000 295.666812 120.732431 319.366848 0.387675 -242.716049 0
30 45000.000000 142.448654 199.330657 244.998632 0.950316 -72.556286 0
0 0.000000 148.150274 331.176835 362.803803 1.150153 -9.366360 0
1 1500.000000 15.210099 254.840364 255.293866 1.511182 83.983432 1
2 3000.000000 196.549913 244.374476 313.609236 0.893440 -87.430513 0
3 4500.000000 84.594760 188.041411 206.193709 1.148048 -5.757013 0
4 6000.000000 93.419787 201.383140 221.996454 1.136451 -8.771235 0
5 7500.000000 166.735150 118.808447 204.734113 0.619104 -108.208046 0
6 9000.000000 17.630283 340.035290 340.492034 1.518994 114.519336 1
7 10500.000000 -102.369097 270.285758 289.022184 1.932845 198.457584 1
8 12000.000000 -86.498868 293.076180 305.574380 1.857790 192.574589 1
9 13500.000000 -77.939476 296.260158 306.340731 1.828045 185.898425 1
10 15000.000000 80.552866 204.062844 219.386436 1.194828 4.136496 1
11 16500.000000 -41.100609 229.126171 232.783295 1.748288 126.070967 1
12 18000.000000 62.268061 229.161626 237.470761 1.305481 30.668690 1
13 19500.000000 -59.804775 294.131153 300.149540 1.771389 168.340019 1
14 21000.000000 -18.823860 119.469542 120.943414 1.727074 63.329114 1
15 22500.000000 137.929014 168.416694 217.689218 0.884592 -62.536521 0
16 24000.000000 116.721113 191.341919 224.132881 1.023047 -34.142170 0
17 25500.000000 293.300236 76.343134 303.073098 0.254640 -241.369854 0
18 27000.000000 201.299430 291.937260 354.610807 0.967132 -73.519787 0
19 28500.000000 19.399193 218.029787 218.891107 1.482055 65.957588 1
20 30000.000000 110.914434 171.672706 204.385737 0.997181 -36.347918 0
21 31500.000000 22.471450 319.844426 320.632848 1.500654 102.284293 1
22 33000.000000 145.422529 86.281452 169.092285 0.535490 -101.046508 0
23 34500.000000 149.430292 163.893049 221.788962 0.831525 -74.892940 0
24 36000.000000 106.914862 172.233445 202.719380 1.015255 -32.440370 0
25 37500.000000 114.512087 175.549880 209.596705 0.992802 -38.177443 0
26 39000.000000 121.033130 183.904981 220.159171 0.988728 -40.983027 0
27 40500.000000 195.246678 265.945195 329.921372 0.937509 -77.930452 0
28 42000.000000 34.923711 231.227257 233.849760 1.420893 56.703816 1
29 43500.000000 291.856185 129.042158 319.111127 0.416301 -219.766433 0
30 45000.000000 158.983333 186.250548 244.877453 0.864216 -75.111287 0
0 0.000000 189.165077 273.294990 332.375658 0.965348 -26.140540 0
1 1500.000000 26.636091 134.214516 136.832078 1.374883 44.443733 1
2 3000.000000 211.592960 244.645281 323.454625 0.857717 -59.930773 0
3 4500.000000 95.313878 184.932226 208.049666 1.094906 10.570236 1
4 6000.000000 121.473468 149.544332 192.663725 0.888606 -29.833197 0
5 7500.000000 181.412856 86.894046 201.149695 0.446695 -113.142746 0
6 9000.000000 47.406692 355.690393 358.835687 1.438296 137.824215 1
7 10500.000000 -73.794814 305.856520 314.632937 1.807544 217.546729 1
8 12000.000000 -43.530336 274.714105 278.141564 1.727947 175.728983 1
9 13500.000000 -36.411157 288.006255 290.298769 1.696554 176.256690 1
10 15000.000000 99.702393 227.020890 247.949696 1.156979 27.934494 1
11 16500.000000 -16.609900 249.207726 249.760644 1.637349 139.635264 1
12 18000.000000 91.663147 213.224298 232.092080 1.164790 27.948567 1
13 19500.000000 -13.765263 276.010711 276.353750 1.620627 150.650038 1
14 21000.000000 -0.036017 127.752372 127.752377 1.571078 64.252216 1
15 22500.000000 148.050646 174.946541 229.183957 0.868476 -40.038451 0
16 24000.000000 143.053968 167.568042 220.325864 0.864154 -39.428186 0
17 25500.000000 307.228783 15.039548 307.596673 0.048913 -258.026957 0
18 27000.000000 227.903114 266.240128 350.462031 0.862826 -63.174543 0
19 28500.000000 40.795691 242.688927 246.093892 1.404255 86.733364 1
20 30000.000000 136.373860 157.654716 208.453446 0.857649 -38.636919 0
21 31500.000000 76.896606 287.118223 297.237215 1.309116 77.860122 1
22 33000.000000 157.930334 70.240793 172.846057 0.418486 -101.214606 0
23 34500.000000 162.980169 174.373889 238.681354 0.819159 -53.232314 0
24 36000.000000 123.346201 160.619842 202.516713 0.915913 -25.884446 0
25 37500.000000 145.833727 131.385359 196.289553 0.733326 -60.020203 0
26 39000.000000 152.937503 148.501574 213.172694 0.770683 -57.556826 0
27 40500.000000 217.401600 269.593166 346.329223 0.892161 -52.410821 0
28 42000.000000 63.797875 247.915887 255.993078 1.318924 69.476462 1
29 43500.000000 322.325414 61.050681 328.056182 0.187190 -247.947624 0
30 45000.000000 200.188485 150.876439 250.677341 0.645847 -97.209617 0
0 0.000000 219.162727 270.827866 348.396375 0.890451 -7.199409 0
1 1500.000000 73.334789 249.429751 259.986907 1.284844 94.918067 1
2 3000.000000 253.344346 199.179174 322.266506 0.666269 -78.120210 0
3 4500.000000 133.597939 151.884537 202.280305 0.849366 -12.483100 0
4 6000.000000 148.018881 161.203542 218.851939 0.828010 -18.167089 0
5 7500.000000 191.417396 87.791446 210.589547 0.430015 -97.451704 0
6 9000.000000 102.908761 339.333791 354.595030 1.276345 126.647953 1
7 10500.000000 -21.750916 292.219049 293.027430 1.645093 196.277724 1
8 12000.000000 -6.349414 308.965379 309.030614 1.591344 194.370845 1
9 13500.000000 -2.560953 325.982617 325.992676 1.578652 201.806490 1
10 15000.000000 134.028911 198.324287 239.366397 0.976493 15.637579 1
11 16500.000000 30.496576 234.232865 236.209814 1.441327 119.454726 1
12 18000.000000 122.522732 206.418079 240.042170 1.035121 29.690023 1
13 19500.000000 14.620006 318.156815 318.492548 1.524876 183.434140 1
14 21000.000000 19.505762 141.146798 142.488222 1.433471 71.090489 1
15 22500.000000 186.580076 134.999803 230.297789 0.626356 -64.697028 0
16 24000.000000 176.117440 144.513565 227.819058 0.687148 -50.598933 0
17 25500.000000 315.084488 5.436288 315.131382 0.017252 -245.644525 0
18 27000.000000 269.855571 240.599428 361.538538 0.728147 -65.782232 0
19 28500.000000 83.044521 220.674124 235.782657 1.210867 69.622271 1
20 30000.000000 167.200703 136.819560 216.045521 0.685798 -48.268402 0
21 31500.000000 102.091796 310.696153 327.039500 1.253320 109.742546 1
22 33000.000000 169.576902 64.125238 181.296365 0.361528 -94.697746 0
23 34500.000000 198.342648 126.596796 235.300988 0.568087 -79.141577 0
24 36000.000000 164.339131 135.330037 212.888630 0.688895 -46.920094 0
25 37500.000000 165.219525 139.037289 215.937165 0.699557 -45.343733 0
26 39000.000000 165.674736 147.920038 222.100103 0.728842 -40.259522 0
27 40500.000000 267.191134 221.484705 347.054141 0.692138 -75.391541 0
28 42000.000000 72.077982 138.068664 155.750414 1.089669 27.662034 1
29 43500.000000 334.906262 39.611030 337.240623 0.117728 -240.363015 0
30 45000.000000 216.203209 160.172998 269.071026 0.637616 -72.677162 0
0 0.000000 264.600716 229.971761 350.571747 0.715494 -27.672580 0
1 1500.000000 80.256116 128.098826 151.163334 1.011107 32.485775 1
2 3000.000000 279.705310 184.191212 334.905155 0.582341 -70.525402 0
3 4500.000000 148.465018 165.266590 222.159644 0.838901 9.858197 1
4 6000.000000 173.184168 145.736543 226.344640 0.699546 -21.462852 0
5 7500.000000 222.276353 36.184007 225.202264 0.161373 -133.247320 0
6 9000.000000 141.039937 338.769261 366.956232 1.176292 136.717851 1
7 10500.000000 1.149945 341.050386 341.052325 1.567425 238.130645 1
8 12000.000000 28.526423 309.777173 311.087855 1.478968 196.685885 1
9 13500.000000 41.439043 304.722009 307.526742 1.435636 183.930634 1
10 15000.000000 167.054773 186.678379 250.511705 0.840817 11.595807 1
11 16500.000000 43.613934 269.505159 273.011366 1.410358 157.704715 1
12 18000.000000 144.673774 194.595845 242.483079 0.931495 33.112376 1
13 19500.000000 56.250689 295.478718 300.785327 1.382676 166.886047 1
14 21000.000000 43.663513 130.938493 138.026777 1.248927 60.584960 1
15 22500.000000 202.608743 145.059576 249.183834 0.621357 -42.932234 0
16 24000.000000 182.668250 152.192707 237.761035 0.694639 -23.706550 0
17 25500.000000 331.785258 -58.268298 336.862957 -0.173848 -277.560715 0
18 27000.000000 303.886706 197.525953 362.441212 0.576374 -78.436595 0
19 28500.000000 104.405574 225.672261 248.653360 1.137479 83.617778 1
20 30000.000000 178.507693 138.202659 225.754228 0.658817 -30.539792 0
21 31500.000000 150.404190 279.544865 317.437792 1.077188 88.541685 1
22 33000.000000 190.078617 23.255673 191.495971 0.121743 -119.331550 0
23 34500.000000 206.681079 130.424517 244.392355 0.562933 -56.091740 0
24 36000.000000 165.594827 131.565332 211.497242 0.671379 -25.976510 0
25 37500.000000 188.726959 115.687911 221.362955 0.549917 -53.606036 0
26 39000.000000 193.593782 112.401592 223.858595 0.526037 -59.381124 0
27 40500.000000 273.041231 218.263623 349.557610 0.674363 -41.898181 0
28 42000.000000 124.066712 237.249722 267.731170 1.088968 77.700678 1
29 43500.000000 346.348394 -14.054792 346.633448 -0.040558 -256.974390 0
30 45000.000000 240.257564 102.070586 261.040422 0.401734 -99.914995 0
0 0.000000 281.829637 212.718936 353.096714 0.646552 -15.470309 0
1 1500.000000 134.463628 229.510705 265.999307 1.040831 91.323295 1
2 3000.000000 299.415948 147.373242 333.719617 0.457390 -77.051612 0
3 4500.000000 176.581637 116.392305 211.490527 0.582775 -22.713489 0
4 6000.000000 178.179940 115.792385 212.499335 0.576278 -24.193878 0
5 7500.000000 203.534173 49.877617 209.556522 0.240322 -91.160783 0
6 9000.000000 179.404354 314.644409 362.197496 1.052591 128.342155 1
7 10500.000000 50.349768 302.245676 306.410751 1.405727 200.968494 1
8 12000.000000 71.253547 290.166836 298.787316 1.330000 178.343504 1
9 13500.000000 71.611676 310.263230 318.420326 1.343959 193.609844 1
10 15000.000000 170.879060 191.749605 256.841515 0.842888 39.018888 1
11 16500.000000 88.251930 227.555517 244.069491 1.200829 119.244827 1
12 18000.000000 172.377917 156.547506 232.854606 0.737308 10.923399 1
13 19500.000000 82.453596 302.632622 313.663991 1.304798 180.822153 1
14 21000.000000 48.060889 139.336059 147.391948 1.238647 76.822097 1
15 22500.000000 218.560577 98.602566 239.773209 0.423806 -63.162899 0
16 24000.000000 210.747259 94.804255 231.089277 0.422728 -61.115659 0
17 25500.000000 303.944606 -72.299827 312.425333 -0.233532 -249.304488 0
18 27000.000000 307.835891 189.336288 361.401668 0.551417 -50.059992 0
19 28500.000000 125.469362 204.152826 239.626661 1.019721 77.500078 1
20 30000.000000 194.924699 85.986091 213.047521 0.415449 -57.838223 0
21 31500.000000 164.427765 270.076890 316.193005 1.023918 103.517943 1
22 33000.000000 173.470566 33.624132 176.699235 0.191458 -84.546888 0
23 34500.000000 216.637020 95.022522 236.560516 0.413355 -64.698149 0
24 36000.000000 185.575309 89.665066 206.101963 0.450096 -49.047746 0
25 37500.000000 189.968894 96.452305 213.052171 0.469810 -46.612721 0
26 39000.000000 185.223168 112.604123 216.765565 0.546236 -31.137380 0
27 40500.000000 292.552187 174.741924 340.766082 0.538433 -51.579191 0
28 42000.000000 99.454572 115.140790 152.146684 0.858365 25.438407 1
29 43500.000000 326.374083 -33.283467 328.066809 -0.101628 -233.506465 0
30 45000.000000 236.418614 103.104034 257.922862 0.411241 -71.064779 0
0 0.000000 297.394446 182.069891 348.701738 0.549354 -18.939442 0
1 1500.000000 99.985283 104.561870 144.672878 0.807769 29.319428 1
2 3000.000000 305.811183 112.749975 325.934098 0.353228 -80.784705 0
3 4500.000000 167.231391 132.798439 213.545695 0.671133 14.390180 1
4 6000.000000 179.781305 111.238657 211.412763 0.554088 -10.483212 0
5 7500.000000 214.504874 -3.397613 214.531780 -0.015838 -124.568952 0
6 9000.000000 206.047892 290.613925 356.247368 0.954050 122.275106 1
7 10500.000000 64.308678 310.679204 317.265148 1.366685 219.257401 1
8 12000.000000 82.774083 290.482486 302.045731 1.293200 192.147988 1
9 13500.000000 95.086077 281.589844 297.210704 1.245143 177.837803 1
10 15000.000000 193.188564 140.926041 239.127519 0.630235 6.345596 1
11 16500.000000 94.209562 237.774332 255.757844 1.193558 142.264549 1
12 18000.000000 164.261127 162.434618 231.012387 0.779807 40.474161 1
13 19500.000000 110.553368 268.668015 290.524611 1.180427 158.419391 1
14 21000.000000 62.122850 104.026885 121.164522 1.032452 50.373061 1
15 22500.000000 216.953804 93.495602 236.242207 0.406897 -46.192458 0
16 24000.000000 197.208965 107.532335 224.620967 0.499205 -23.427894 0
17 25500.000000 294.120240 -101.499640 311.141274 -0.332299 -250.527527 0
18 27000.000000 326.980879 132.776096 352.910735 0.385725 -76.316115 0
19 28500.000000 143.990650 180.117686 230.598543 0.896406 66.538944 1
20 30000.000000 192.438192 97.085022 215.541085 0.467241 -29.320267 0
21 31500.000000 191.650000 248.469963 313.794591 0.913789 95.753871 1
22 33000.000000 187.099738 -13.172670 187.562873 -0.070289 -117.058633 0
23 34500.000000 223.212362 74.267848 235.243431 0.321201 -65.574494 0
24 36000.000000 181.612088 103.613220 209.090052 0.518460 -17.800118 0
25 37500.000000 197.906292 86.439193 215.959798 0.411796 -41.188553 0
26 39000.000000 206.127588 72.890167 218.635676 0.339893 -57.009836 0
27 40500.000000 318.600842 140.128627 348.055353 0.414360 -65.505942 0
28 42000.000000 158.058991 193.441277 249.804268 0.885721 69.521075 1
29 43500.000000 317.271012 -58.182209 322.561722 -0.181368 -228.009148 0
30 45000.000000 246.198754 60.905345 253.620361 0.242514 -89.624193 0
0 0.000000 318.591578 141.870394 348.751777 0.418943 -22.827602 0
1 1500.000000 106.123966 112.767797 154.851129 0.815741 50.368298 1
2 3000.000000 311.314389 95.774148 325.713580 0.298455 -60.230614 0
3 4500.000000 190.884129 92.596205 212.157507 0.451650 -6.956469 0
4 6000.000000 209.321862 70.955045 221.020950 0.326820 -34.694227 0
5 7500.000000 211.889464 -2.865387 211.908837 -0.013522 -101.216194 0
6 9000.000000 226.519779 283.472213 362.860450 0.896611 145.360023 1
7 10500.000000 102.564551 282.063036 300.131710 1.222037 201.841046 1
8 12000.000000 127.543203 258.092966 287.887561 1.111819 168.996141 1
9 13500.000000 135.611590 280.222315 311.311820 1.120077 184.821564 1
10 15000.000000 198.954523 146.905468 247.313807 0.636027 37.345110 1
11 16500.000000 132.985985 212.238677 250.460633 1.011057 125.883338 1
12 18000.000000 200.758028 115.282907 231.503638 0.521261 8.521316 1
13 19500.000000 139.338415 271.688463 305.335577 1.096913 175.534025 1
14 21000.000000 69.541324 134.020790 150.988635 1.092155 86.212944 1
15 22500.000000 229.444470 67.971511 239.300838 0.288007 -46.705896 0
16 24000.000000 220.236838 59.650522 228.171973 0.264501 -49.781270 0
17 25500.000000 285.063473 -134.979300 315.405445 -0.442229 -252.206628 0
18 27000.000000 335.144800 124.672835 357.582652 0.356135 -45.755418 0
19 28500.000000 160.638338 179.640085 240.988041 0.841182 84.157574 1
20 30000.000000 211.802232 45.740393 216.684953 0.212692 -58.162674 0
21 31500.000000 225.911561 221.531390 316.405104 0.775609 90.829756 1
22 33000.000000 174.597439 -5.230505 174.675767 -0.029949 -85.941638 0
23 34500.000000 235.107303 49.717510 240.306627 0.208397 -65.496755 0
24 36000.000000 206.921759 55.312650 214.187076 0.261205 -47.418941 0
25 37500.000000 213.706261 42.160237 217.825278 0.194780 -62.217613 0
26 39000.000000 211.594833 64.728332 221.273880 0.296867 -41.263017 0
27 40500.000000 327.460733 116.316512 347.505486 0.341306 -49.571610 0
28 42000.000000 126.344138 95.607412 158.441214 0.647789 25.765617 1
29 43500.000000 326.740548 -122.374961 348.905455 -0.358361 -260.462344 0
30 45000.000000 257.496702 39.919739 260.572710 0.153806 -84.594257 0
0 0.000000 323.294824 126.063897 347.003818 0.371799 1.826238 1
1 1500.000000 127.582741 88.861036 155.478743 0.608371 37.234728 1
2 3000.000000 329.399018 39.467287 331.755000 0.119248 -81.205768 0
3 4500.000000 196.429230 77.109544 211.022094 0.374073 1.590345 1
4 6000.000000 202.939986 76.393284 216.842274 0.360026 -1.411689 0
5 7500.000000 215.698521 -47.205003 220.803451 -0.215450 -121.372317 0
6 9000.000000 272.474011 236.016694 360.480189 0.713824 122.688709 1
7 10500.000000 140.262399 288.441098 320.736352 1.118187 219.013333 1
8 12000.000000 152.098632 276.914986 315.936550 1.068521 204.010934 1
9 13500.000000 162.117565 273.050194 317.550804 1.035001 196.812236 1
10 15000.000000 231.234873 91.789819 248.786931 0.377879 2.821678 1
11 16500.000000 156.887330 204.579310 257.810644 0.916581 134.764020 1
12 18000.000000 205.355881 125.614642 240.728221 0.548973 43.674281 1
13 19500.000000 174.578417 254.827857 308.892959 0.970152 175.334559 1
14 21000.000000 139.722883 103.173118 173.687007 0.636044 46.245284 1
15 22500.000000 245.853220 35.216312 248.362626 0.142273 -55.232873 0
16 24000.000000 230.816710 59.127459 238.269616 0.250774 -27.521195 0
17 25500.000000 272.465216 -165.166391 318.617687 -0.544960 -251.842311 0
18 27000.000000 363.696763 52.598657 367.480550 0.143626 -81.238430 0
19 28500.000000 186.648913 137.547384 231.855774 0.635084 61.518663 1
20 30000.000000 218.771967 46.376957 223.633620 0.208895 -35.108090 0
21 31500.000000 243.702173 217.587306 326.703206 0.728846 115.794880 1
22 33000.000000 189.027547 -48.796913 195.224363 -0.252632 -113.300027 0
23 34500.000000 250.638967 15.658750 251.127633 0.062394 -75.206444 0
24 36000.000000 198.989128 47.788950 204.647152 0.235695 -26.700032 0
25 37500.000000 211.881175 43.109627 216.222275 0.200722 -35.688833 0
26 39000.000000 225.841074 27.864431 227.553548 0.122760 -54.924363 0
27 40500.000000 346.778558 64.547652 352.734699 0.184029 -64.019939 0
28 42000.000000 212.939335 147.498591 259.034737 0.605796 61.386780 1
29 43500.000000 306.131623 -122.131535 329.594725 -0.379602 -223.731589 0
30 45000.000000 263.383401 4.137080 263.415891 0.015706 -90.530182 0
0 0.000000 343.812187 69.080124 350.683452 0.198284 -27.606330 0
1 1500.000000 143.237240 74.262026 161.343594 0.478302 32.246164 1
2 3000.000000 328.433038 28.676066 329.682540 0.087091 -62.262191 0
3 4500.000000 202.803119 50.696041 209.043521 0.244957 -6.715465 0
4 6000.000000 229.130041 28.482633 230.893560 0.123673 -35.283430 0
5 7500.000000 209.133228 -63.735668 218.629693 -0.295819 -118.513969 0
6 9000.000000 284.383476 229.985309 365.741991 0.680033 143.418365 1
7 10500.000000 155.909808 270.518563 312.230942 1.047958 217.550129 1
8 12000.000000 183.902997 236.540171 299.619033 0.909945 177.210123 1
9 13500.000000 195.840237 238.219146 308.385732 0.882724 175.559565 1
10 15000.000000 229.231764 105.515678 252.350471 0.431387 38.783471 1
11 16500.000000 169.717708 188.195709 253.420057 0.836979 134.590147 1
12 18000.000000 225.253257 77.651192 238.261910 0.331971 13.070176 1
13 19500.000000 203.478943 224.864988 303.262169 0.835284 160.625178 1
14 21000.000000 103.810737 107.539862 149.470703 0.803041 75.039975 1
15 22500.000000 233.371121 27.361592 234.969651 0.116712 -37.521879 0
16 24000.000000 231.953623 24.030753 233.195112 0.103233 -40.337904 0
17 25500.000000 261.343672 -205.545648 332.489892 -0.666452 -269.197227 0
18 27000.000000 349.839465 49.463157 353.318914 0.140457 -48.123827 0
19 28500.000000 190.329110 151.325884 243.155697 0.671731 93.488321 1
20 30000.000000 221.291137 14.989937 221.798254 0.067635 -46.117097 0
21 31500.000000 269.121512 162.272974 314.259298 0.542603 82.463806 1
22 33000.000000 171.781598 -45.867637 177.799768 -0.260924 -91.109769 0
23 34500.000000 235.303664 16.634060 235.890878 0.070574 -48.368880 0
24 36000.000000 203.022139 16.818768 203.717598 0.082653 -39.360450 0
25 37500.000000 223.414242 -7.352285 223.535186 -0.032897 -68.187891 0
26 39000.000000 226.335712 11.415951 226.623429 0.050395 -50.934725 0
27 40500.000000 328.993833 64.317180 335.221780 0.193062 -28.133966 0
28 42000.000000 140.642459 78.244101 160.942351 0.507693 36.786164 1
29 43500.000000 299.360111 -168.687522 343.616001 -0.513144 -244.144583 0
30 45000.000000 261.108456 -20.787741 261.934641 -0.079446 -91.422306 0
0 0.000000 337.005541 67.405490 343.680425 0.197408 0.301828 1
1 1500.000000 145.041540 66.613135 159.606886 0.430536 37.008990 1
2 3000.000000 342.642858 -18.847449 343.160829 -0.054951 -85.391532 0
3 4500.000000 210.733910 27.748100 212.552907 0.130920 -13.935459 0
4 6000.000000 214.753796 34.443429 217.498374 0.159031 -8.153966 0
5 7500.000000 199.312978 -68.260613 210.677893 -0.329959 -105.865880 0
6 9000.000000 308.288435 179.879329 356.929030 0.528182 116.218064 1
7 10500.000000 190.293822 244.965656 310.193345 0.910351 203.091957 1
8 12000.000000 199.794696 240.868306 312.946419 0.878338 197.218271 1
9 13500.000000 207.759260 250.487898 325.435242 0.878373 205.097469 1
10 15000.000000 239.177442 64.945725 247.838245 0.265145 16.992028 1
11 16500.000000 188.471811 163.670620 249.619100 0.715085 123.717621 1
12 18000.000000 180.262270 67.845996 192.607282 0.359975 31.340666 1
13 19500.000000 203.113217 228.899356 306.022702 0.845016 184.831724 1
14 21000.000000 157.752796 94.220285 183.748216 0.538406 61.602614 1
15 22500.000000 245.813332 -13.731815 246.196582 -0.055805 -61.466749 0
16 24000.000000 240.609445 5.539460 240.673203 0.023019 -41.550295 0
17 25500.000000 234.124531 -201.576159 308.945374 -0.710833 -243.412667 0
18 27000.000000 353.167241 14.143910 353.450351 0.040027 -55.090320 0
19 28500.000000 209.633656 99.111751 231.882317 0.441640 56.269292 1
20 30000.000000 229.092566 -3.395313 229.117725 -0.014820 -48.064207 0
21 31500.000000 269.997957 179.909446 324.447693 0.587774 123.724473 1
22 33000.000000 168.648118 -65.906735 181.068731 -0.372545 -97.569474 0
23 34500.000000 252.330584 -26.876432 253.757889 -0.106113 -75.630937 0
24 36000.000000 215.768009 3.869155 215.802697 0.017930 -38.337730 0
25 37500.000000 215.976282 6.734598 216.081256 0.031172 -35.568116 0
26 39000.000000 225.198777 4.577698 225.245298 0.020325 -39.484346 0
27 40500.000000 355.132548 5.408582 355.173732 0.015229 -64.041254 0
28 42000.000000 147.714414 53.460769 157.091062 0.347254 23.587881 1
29 43500.000000 277.611862 -166.684832 323.808862 -0.540731 -217.684642 0
30 45000.000000 255.801025 -21.268269 256.683665 -0.082953 -70.808395 0
0 0.000000 353.850996 17.115071 354.264666 0.048330 -25.451129 0
1 1500.000000 158.293245 32.332395 161.561552 0.201485 13.112498 1
2 3000.000000 326.512464 -11.611661 326.718869 -0.035548 -50.691352 0
3 4500.000000 203.640486 27.526075 205.492414 0.134356 2.901704 1
4 6000.000000 228.587775 -2.091506 228.597344 -0.009149 -29.494355 0
5 7500.000000 207.119466 -103.047848 231.338134 -0.461668 -127.146833 0
6 9000.000000 315.838651 181.953371 364.501142 0.522658 142.756516 1
7 10500.000000 200.928073 253.233647 323.263623 0.900062 227.305130 1
8 12000.000000 223.155223 211.344150 307.350945 0.758222 183.052018 1
9 13500.000000 235.936966 208.473940 314.845415 0.723680 178.669424 1
10 15000.000000 244.431702 58.170891 251.258253 0.233638 28.432581 1
11 16500.000000 196.332283 169.656677 259.479774 0.712640 144.882782 1
12 18000.000000 234.048706 59.316878 241.448315 0.248212 30.815683 1
13 19500.000000 235.700538 188.582543 301.857779 0.674798 158.949991 1
14 21000.000000 126.301301 70.675041 144.730715 0.510165 55.015602 1
15 22500.000000 230.302957 3.105022 230.323888 0.013482 -24.541071 0
16 24000.000000 234.038387 -3.414404 234.063292 -0.014588 -31.461476 0
17 25500.000000 235.304305 -242.526293 337.915846 -0.800511 -268.998948 0
18 27000.000000 354.901101 -17.017395 355.308856 -0.047913 -59.463133 0
19 28500.000000 207.799821 108.693161 234.510061 0.481930 82.983917 1
20 30000.000000 227.273436 -7.156148 227.386070 -0.031477 -34.364785 0
21 31500.000000 294.400481 125.113499 319.882839 0.401851 88.898397 1
22 33000.000000 169.960024 -87.407776 191.119148 -0.475010 -107.162585 0
23 34500.000000 234.379131 -24.256054 235.630926 -0.103124 -52.193532 0
24 36000.000000 197.311083 3.113357 197.335644 0.015778 -20.575588 0
25 37500.000000 220.188202 -33.279978 222.689023 -0.150008 -59.450177 0
26 39000.000000 228.280851 -36.392628 231.163514 -0.158090 -63.511028 0
27 40500.000000 336.037116 11.521512 336.234574 0.034273 -28.867622 0
28 42000.000000 153.127986 56.001103 163.046937 0.350605 37.229877 1
29 43500.000000 277.917453 -217.112005 352.669440 -0.663178 -248.879369 0
30 45000.000000 255.552205 -75.879880 266.579605 -0.288633 -105.984265 0
0 0.000000 343.875728 9.661027 344.011412 0.028087 3.934070 1
1 1500.000000 148.760480 50.001934 156.939077 0.324260 47.518103 1
2 3000.000000 336.539462 -70.005117 343.743402 -0.205090 -75.598880 0
3 4500.000000 214.086813 -17.957823 214.838653 -0.083685 -21.519933 0
4 6000.000000 222.184285 -9.835034 222.401854 -0.044236 -13.533095 0
5 7500.000000 180.156630 -99.445373 205.780936 -0.504373 -102.431241 0
6 9000.000000 336.567460 135.565769 362.843951 0.382909 129.943043 1
7 10500.000000 232.131184 209.977977 313.010603 0.735332 206.083826 1
8 12000.000000 243.829092 196.264714 313.005534 0.677738 192.177691 1
9 13500.000000 245.813713 208.304239 322.203411 0.702987 204.182503 1
10 15000.000000 248.220804 30.611592 250.101254 0.122704 26.474409 1
11 16500.000000 223.727034 124.566489 256.067561 0.508033 120.824109 1
12 18000.000000 190.751040 23.340517 192.173721 0.121756 20.161228 1
13 19500.000000 247.924153 190.460851 312.636724 0.655062 186.306449 1
14 21000.000000 131.409003 69.649399 148.725804 0.487374 67.451750 1
15 22500.000000 247.381598 -56.519027 253.755898 -0.224614 -60.630158 0
16 24000.000000 233.473095 -53.291552 239.477923 -0.224411 -57.171550 0
17 25500.000000 197.300090 -236.908295 308.306448 -0.876366 -240.160550 0
18 27000.000000 347.680803 -45.594597 350.657680 -0.130395 -51.377249 0
19 28500.000000 180.466115 43.551267 185.646792 0.236799 40.540423 1
20 30000.000000 231.414005 -45.539410 235.852241 -0.194305 -49.386198 0
21 31500.000000 297.373325 121.948017 321.406616 0.389169 116.979771 1
22 33000.000000 152.009412 -89.978216 176.643542 -0.534461 -92.496738 0
23 34500.000000 241.474754 -66.689801 250.514643 -0.269460 -70.701172 0
24 36000.000000 220.653541 -47.498491 225.707979 -0.212027 -51.165844 0
25 37500.000000 211.013321 -39.235918 214.630097 -0.183841 -42.743904 0
26 39000.000000 221.026869 -29.574464 222.996695 -0.133015 -33.250518 0
27 40500.000000 345.346689 -42.223602 347.918336 -0.121661 -47.967858 0
28 42000.000000 166.423783 17.786408 167.371539 0.106470 15.012944 1
29 43500.000000 244.351928 -219.000813 328.129884 -0.730740 -223.038976 0
30 45000.000000 243.531790 -72.624755 254.130061 -0.289818 -76.669554 0
0 0.000000 349.736371 -38.249355 351.821748 -0.108933 -14.249028 0
1 1500.000000 168.730754 -0.244615 168.730932 -0.001450 11.291767 1
2 3000.000000 323.428429 -79.344974 333.018878 -0.240574 -57.047115 0
3 4500.000000 199.020657 -5.750595 199.103720 -0.028886 7.869535 1
4 6000.000000 222.480454 -31.434490 224.690186 -0.140362 -16.150361 0
5 7500.000000 187.350602 -146.079643 237.570011 -0.662248 -132.929025 0
6 9000.000000 349.441987 116.590942 368.379084 0.322035 140.208840 1
7 10500.000000 238.961001 213.803161 320.646459 0.729890 229.640218 1
8 12000.000000 264.001367 186.216538 323.068601 0.614316 203.830107 1
9 13500.000000 275.311512 158.276440 317.565521 0.521759 176.728638 1
10 15000.000000 253.713715 3.035288 253.731870 0.011963 20.374123 1
11 16500.000000 224.218026 132.081069 260.228999 0.532347 147.101393 1
12 18000.000000 236.332423 22.841167 237.433640 0.096349 38.945334 1
13 19500.000000 272.094086 142.253111 307.036055 0.481728 160.522832 1
14 21000.000000 186.543845 41.055518 191.008277 0.216631 53.713112 1
15 22500.000000 238.653235 -54.393456 244.773395 -0.224090 -37.949903 0
16 24000.000000 226.122032 -47.699070 231.098192 -0.207896 -32.127916 0
17 25500.000000 179.858533 -279.351868 332.244727 -0.998762 -266.401634 0
18 27000.000000 351.564092 -90.726971 363.082214 -0.252556 -66.478897 0
19 28500.000000 222.759674 58.271978 230.255283 0.255858 73.365298 1
20 30000.000000 221.010301 -41.031279 224.786830 -0.183563 -25.825206 0
21 31500.000000 317.479243 76.598328 326.588998 0.236746 98.124569 1
22 33000.000000 158.159998 -129.241514 204.249735 -0.685115 -118.126003 0
23 34500.000000 233.512364 -72.634693 244.548201 -0.301566 -56.499931 0
24 36000.000000 202.563471 -36.212005 205.774802 -0.176900 -22.278384 0
25 37500.000000 215.950932 -67.697709 226.313466 -0.303783 -52.775141 0
26 39000.000000 222.957999 -76.861249 235.834520 -0.331976 -61.438180 0
27 40500.000000 335.618484 -62.723207 341.429301 -0.184757 -39.630829 0
28 42000.000000 162.077027 26.558054 164.238525 0.162417 37.576820 1
29 43500.000000 231.958905 -250.348676 341.290775 -0.823508 -233.904298 0
30 45000.000000 244.870248 -117.133891 271.443892 -0.446179 -100.118490 0
0 0.000000 347.358579 -63.839491 353.176249 -0.181757 -10.529206 0
1 1500.000000 161.152606 14.931744 161.842885 0.092392 39.151136 1
2 3000.000000 325.399915 -109.616876 343.367099 -0.324929 -59.102780 0
3 4500.000000 212.568396 -60.021820 220.879926 -0.275200 -27.156822 0
4 6000.000000 223.633507 -64.869607 232.851909 -0.282323 -30.273989 0
5 7500.000000 164.593391 -126.969385 207.875465 -0.657065 -100.594411 0
6 9000.000000 353.784110 86.593975 364.227557 0.240046 139.143706 1
7 10500.000000 250.829585 153.675433 294.162573 0.549683 189.869553 1
8 12000.000000 283.023205 147.256498 319.040140 0.479754 188.397267 1
9 13500.000000 283.673419 159.878288 325.625054 0.513225 200.972059 1
10 15000.000000 251.146536 1.381830 251.150338 0.005502 39.378449 1
11 16500.000000 244.944637 91.298457 261.406357 0.356780 127.320480 1
12 18000.000000 267.037003 -38.121349 269.744320 -0.141799 2.735492 1
13 19500.000000 273.952169 138.396013 306.925476 0.467786 178.265905 1
14 21000.000000 137.140405 53.396327 147.168809 0.371296 73.538190 1
15 22500.000000 238.331684 -88.323481 254.171259 -0.354899 -51.233000 0
16 24000.000000 232.961823 -88.425766 249.179307 -0.362773 -52.146867 0
17 25500.000000 160.007057 -273.653803 316.999467 -1.041698 -246.283093 0
18 27000.000000 336.643509 -90.343682 348.555351 -0.262188 -38.349841 0
19 28500.000000 193.393203 13.919260 193.893468 0.071850 43.030125 1
20 30000.000000 230.703915 -88.594333 247.130031 -0.366653 -52.655240 0
21 31500.000000 318.487160 66.101167 325.274401 0.204642 113.544583 1
22 33000.000000 138.970886 -110.899752 177.796688 -0.673525 -88.588032 0
23 34500.000000 228.504368 -100.381033 249.580844 -0.413917 -64.639064 0
24 36000.000000 211.309703 -79.788463 225.871621 -0.361040 -46.886250 0
25 37500.000000 212.886448 -83.542063 228.691749 -0.373960 -50.357957 0
26 39000.000000 210.527296 -68.505005 221.392588 -0.314591 -35.851208 0
27 40500.000000 330.450995 -81.399487 340.328866 -0.241520 -30.445963 0
28 42000.000000 171.959071 -17.009307 172.798260 -0.098594 9.213692 1
29 43500.000000 219.483158 -261.913271 341.718332 -0.873311 -225.675755 0
30 45000.000000 229.307613 -113.996699 256.080512 -0.461352 -77.976293 0
0 0.000000 335.394563 -70.291594 342.681224 -0.206589 -9.400633 0
1 1500.000000 169.217899 -18.514882 170.227783 -0.108981 11.935389 1
2 3000.000000 318.419457 -131.847098 344.636921 -0.392574 -72.995838 0
3 4500.000000 190.196908 -41.858484 194.748547 -0.216626 -7.296225 0
4 6000.000000 210.594563 -55.137118 217.692838 -0.256069 -16.727556 0
5 7500.000000 164.373252 -157.646887 227.752293 -0.764513 -125.833108 0
6 9000.000000 358.664584 55.597366 362.948138 0.153788 118.620100 1
7 10500.000000 265.832498 165.965274 313.386964 0.558112 210.679273 1
8 12000.000000 276.836624 150.519206 315.110374 0.498002 197.441309 1
9 13500.000000 288.619849 134.814659 318.553621 0.436984 184.087836 1
10 15000.000000 218.789051 -23.607173 220.058964 -0.107483 15.757977 1
11 16500.000000 234.595223 92.255484 252.083306 0.374677 132.582851 1
12 18000.000000 185.128015 7.015142 185.260881 0.037875 39.891923 1
13 19500.000000 278.629866 116.393583 301.963687 0.395701 164.181414 1
14 21000.000000 188.957050 16.802953 189.702678 0.088691 50.205399 1
15 22500.000000 232.787950 -89.691818 249.469140 -0.367765 -46.774438 0
16 24000.000000 216.861410 -63.020575 225.832823 -0.282814 -23.368112 0
17 25500.000000 148.663162 -281.389781 318.246673 -1.084752 -250.394975 0
18 27000.000000 340.380453 -124.729411 362.513832 -0.351246 -62.078709 0
19 28500.000000 192.516712 6.954347 192.642278 0.036108 41.148737 1
20 30000.000000 210.143580 -58.870495 218.233956 -0.273142 -20.481543 0
21 31500.000000 317.081315 52.680741 321.427784 0.164639 108.340186 1
22 33000.000000 139.359503 -139.888565 197.458557 -0.787293 -112.816356 0
23 34500.000000 225.097546 -101.191312 246.796651 -0.422475 -59.460281 0
24 36000.000000 190.421884 -59.488888 199.497924 -0.302799 -24.604365 0
25 37500.000000 204.029024 -78.313747 218.542641 -0.366495 -40.703196 0
26 39000.000000 212.111020 -85.180579 228.575624 -0.381872 -46.019946 0
27 40500.000000 325.381554 -93.669754 338.595892 -0.280298 -34.188904 0
28 42000.000000 154.539923 4.935177 154.618705 0.031924 32.394575 1
29 43500.000000 201.875994 -236.870271 311.225709 -0.864989 -197.105688 0
30 45000.000000 233.272079 -130.930775 267.504637 -0.511462 -87.267097 0
0 0.000000 343.876369 -89.672974 355.376138 -0.255090 -15.830988 0
1 1500.000000 154.154683 -12.139501 154.631930 -0.078587 20.343231 1
2 3000.000000 311.762040 -117.967647 333.334570 -0.361739 -50.212072 0
3 4500.000000 193.333551 -62.618957 203.221544 -0.313228 -20.834211 0
4 6000.000000 211.532760 -84.814946 227.902794 -0.381329 -38.736921 0
5 7500.000000 149.176813 -141.927667 205.905765 -0.760501 -107.619557 0
6 9000.000000 352.549173 63.909271 358.295011 0.179330 136.172676 1
7 10500.000000 250.565451 138.094259 286.099755 0.503711 187.407512 1
8 12000.000000 287.203661 117.987333 310.494692 0.389794 175.401056 1
9 13500.000000 289.837410 129.257790 317.353589 0.419495 186.973061 1
10 15000.000000 243.277381 -12.335359 243.589912 -0.050662 38.776243 1
11 16500.000000 235.770160 81.307846 249.396340 0.332089 128.783037 1
12 18000.000000 192.836771 -20.290366 193.901313 -0.104835 20.455977 1
13 19500.000000 277.755080 108.527568 298.204824 0.372491 164.175626 1
14 21000.000000 134.067990 39.829892 139.859380 0.288782 66.967528 1
15 22500.000000 225.959007 -74.551453 237.939892 -0.318688 -25.685293 0
16 24000.000000 219.704691 -96.844747 240.102178 -0.415173 -48.793371 0
17 25500.000000 143.493039 -277.261394 312.192461 -1.093218 -241.152981 0
18 27000.000000 319.413700 -97.305802 333.906471 -0.295707 -28.407411 0
19 28500.000000 263.576509 22.707855 264.552874 0.085941 77.287767 1
20 30000.000000 215.446054 -87.250336 232.442731 -0.384788 -40.300754 0
21 31500.000000 322.463381 28.964899 323.761637 0.089583 95.712630 1
22 33000.000000 131.399637 -119.617559 177.691376 -0.738495 -89.517053 0
23 34500.000000 216.419390 -99.737267 238.295771 -0.431842 -52.308577 0
24 36000.000000 202.612153 -89.962995 221.686773 -0.417866 -45.635502 0
25 37500.000000 207.462375 -105.620421 232.801011 -0.470906 -59.933640 0
26 39000.000000 202.554532 -84.562242 219.497406 -0.395483 -40.366035 0
27 40500.000000 314.927207 -85.239009 326.258845 -0.264329 -17.544616 0
28 42000.000000 164.646729 -32.374076 167.799363 -0.194151 2.748012 1
29 43500.000000 202.691175 -261.746623 331.051367 -0.911874 -213.609749 0
30 45000.000000 225.197039 -137.790587 264.007485 -0.549099 -87.687383 0
0 0.000000 323.171799 -85.011599 334.166101 -0.257226 20.745709 1
1 1500.000000 161.396348 -40.490146 166.397816 -0.245801 12.227087 1
2 3000.000000 313.787055 -160.734657 352.559138 -0.473393 -54.095127 0
3 4500.000000 187.295337 -67.242005 199.000076 -0.344684 -5.041267 0
4 6000.000000 194.319474 -68.929101 206.182635 -0.340874 -4.437850 0
5 7500.000000 140.686337 -159.711640 212.839032 -0.848647 -107.468456 0
6 9000.000000 366.981368 11.757783 367.169674 0.032028 126.376374 1
7 10500.000000 280.188798 125.680338 307.085184 0.421652 207.290673 1
8 12000.000000 288.553107 117.194091 311.443977 0.385792 201.859447 1
9 13500.000000 297.594059 110.818352 317.557760 0.356473 198.644453 1
10 15000.000000 249.429268 -54.897438 255.399077 -0.216638 26.185984 1
11 16500.000000 246.879377 48.340345 251.567518 0.193359 123.403551 1
12 18000.000000 240.248184 -46.348523 244.678106 -0.190578 31.420285 1
13 19500.000000 288.781763 76.935146 298.854351 0.260365 163.707773 1
14 21000.000000 184.931891 -2.526269 184.949146 -0.013660 55.660454 1
15 22500.000000 225.951583 -123.585771 257.541376 -0.500504 -46.400251 0
16 24000.000000 202.387233 -90.978082 221.895479 -0.422459 -22.839181 0
17 25500.000000 109.096954 -272.931206 293.927863 -1.190529 -224.881084 0
18 27000.000000 315.795623 -169.984802 358.638688 -0.493797 -62.247000 0
19 28500.000000 189.946922 -31.702122 192.574291 -0.165376 29.534186 1
20 30000.000000 194.581958 -90.980135 214.801125 -0.437366 -25.291581 0
21 31500.000000 312.632250 13.265017 312.913542 0.042405 110.744607 1
22 33000.000000 115.995835 -142.972758 184.109324 -0.889194 -99.327422 0
23 34500.000000 216.658276 -148.133808 262.458441 -0.599717 -72.624759 0
24 36000.000000 174.359240 -93.564384 197.877332 -0.492511 -34.094053 0
25 37500.000000 177.995613 -92.852454 200.758603 -0.480822 -32.276486 0
26 39000.000000 188.514658 -107.473896 216.998651 -0.518151 -42.856237 0
27 40500.000000 306.302276 -151.279985 341.623650 -0.458749 -47.468313 0
28 42000.000000 156.865716 -49.613878 164.524739 -0.306327 2.142267 1
29 43500.000000 156.037902 -253.637564 297.791606 -1.019275 -191.825909 0
30 45000.000000 200.144918 -163.710967 258.571593 -0.685598 -92.598675 0
0 0.000000 311.354782 -152.391502 346.648194 -0.455169 8.397676 1
1 1500.000000 154.593563 -61.583400 166.408187 -0.379089 16.664077 1
2 3000.000000 275.931485 -155.266446 316.616256 -0.512541 -10.491974 0
3 4500.000000 170.934516 -101.331365 198.712492 -0.535115 -11.066060 0
4 6000.000000 188.397096 -122.376071 224.653887 -0.576069 -21.683951 0
5 7500.000000 120.702942 -183.683931 219.793054 -0.989430 -107.304310 0
6 9000.000000 349.315607 -16.018260 349.682682 -0.045824 146.907215 1
7 10500.000000 286.551044 78.254555 297.044233 0.266591 201.603172 1
8 12000.000000 304.656233 52.653821 309.172841 0.171140 187.239239 1
9 13500.000000 313.300009 49.016472 317.111195 0.155194 187.998807 1
10 15000.000000 194.932426 -55.688514 202.731007 -0.278269 40.500517 1
11 16500.000000 244.462785 21.119007 245.373319 0.086176 131.495365 1
12 18000.000000 237.354948 -104.164290 259.205653 -0.413547 17.056399 1
13 19500.000000 301.640418 19.905070 302.296466 0.065894 156.791121 1
14 21000.000000 178.552988 -17.552874 179.413693 -0.097991 66.782330 1
15 22500.000000 193.520894 -125.608574 230.711617 -0.575721 -22.188743 0
16 24000.000000 189.679759 -145.798393 239.239592 -0.655334 -41.874330 0
17 25500.000000 63.146573 -299.148730 305.740825 -1.362763 -236.300676 0
18 27000.000000 277.497507 -202.646084 343.613593 -0.630749 -51.808341 0
19 28500.000000 170.287173 -40.090963 174.942867 -0.231221 42.972327 1
20 30000.000000 181.348326 -135.055664 226.113351 -0.640120 -36.185419 0
21 31500.000000 320.256735 -60.710430 325.960323 -0.187345 93.849812 1
22 33000.000000 87.780207 -159.614638 182.159813 -1.067991 -101.133689 0
23 34500.000000 178.265926 -152.221142 234.414199 -0.706753 -52.837627 0
24 36000.000000 159.745571 -128.550516 205.046050 -0.677613 -40.377720 0
25 37500.000000 168.524925 -156.628098 230.071753 -0.748826 -61.240781 0
26 39000.000000 166.869763 -149.479992 224.030770 -0.730483 -55.661892 0
27 40500.000000 263.254239 -176.693232 317.054085 -0.591127 -35.350695 0
28 42000.000000 143.591500 -65.184463 157.694429 -0.426140 8.394312 1
29 43500.000000 114.075475 -317.813906 337.666837 -1.226181 -229.371128 0
30 45000.000000 178.151045 -208.989518 274.616849 -0.864887 -103.259677 0
0 0.000000 270.443723 -177.097373 323.269681 -0.579770 18.226335 1
1 1500.000000 143.241849 -75.902326 162.109193 -0.487272 24.050426 1
2 3000.000000 246.152966 -234.007025 339.632994 -0.760108 -41.981928 0
3 4500.000000 163.672942 -137.515596 213.774112 -0.698768 -13.370778 0
4 6000.000000 160.047213 -136.600732 210.415946 -0.706524 -14.789036 0
5 7500.000000 78.801407 -184.394820 200.527084 -1.166936 -101.503606 0
6 9000.000000 358.709294 -101.623999 372.826762 -0.276070 131.375943 1
7 10500.000000 313.990863 18.105817 314.512453 0.057600 201.114587 1
8 12000.000000 314.331236 20.009116 314.967444 0.063570 202.847770 1
9 13500.000000 315.469965 24.175035 316.394898 0.076482 206.875263 1
10 15000.000000 221.253931 -130.822780 257.036771 -0.533982 26.223209 1
11 16500.000000 262.272098 -35.961633 264.726071 -0.136266 126.896757 1
12 18000.000000 174.742686 -93.321450 198.100731 -0.490516 28.754531 1
13 19500.000000 297.374198 -3.873620 297.399426 -0.013025 173.562550 1
14 21000.000000 184.118471 -56.681828 192.645896 -0.298648 63.796777 1
15 22500.000000 183.001704 -189.273867 263.275940 -0.802245 -43.519839 0
16 24000.000000 169.765345 -174.983859 243.802427 -0.800534 -39.889473 0
17 25500.000000 9.002825 -301.155337 301.289873 -1.540911 -236.891612 0
18 27000.000000 241.956155 -256.804537 352.833320 -0.815160 -62.813015 0
19 28500.000000 173.077947 -94.741978 197.311982 -0.500841 26.622832 1
20 30000.000000 164.348260 -166.921293 234.250013 -0.793165 -36.622626 0
21 31500.000000 311.053744 -77.833140 320.643774 -0.245190 122.199103 1
22 33000.000000 65.377032 -170.544049 182.645638 -1.204731 -98.338254 0
23 34500.000000 162.390201 -208.636100 264.385324 -0.909402 -71.340120 0
24 36000.000000 146.947386 -153.611172 212.579223 -0.807566 -36.254707 0
25 37500.000000 150.043872 -162.636006 221.277278 -0.825648 -41.674307 0
26 39000.000000 149.344460 -161.864368 220.235877 -0.825606 -41.469165 0
27 40500.000000 251.545273 -242.572889 349.451901 -0.767242 -45.668334 0
28 42000.000000 154.759100 -102.956161 185.877245 -0.587033 9.131844 1
29 43500.000000 61.956156 -313.940769 319.995893 -1.375950 -215.714772 0
30 45000.000000 143.046822 -208.807268 253.106438 -0.970163 -82.970249 0
0 0.000000 258.007560 -236.151228 349.764640 -0.741198 -8.997483 0
1 1500.000000 155.134662 -116.272002 193.870942 -0.643175 14.003738 1
2 3000.000000 214.988575 -242.100920 323.779158 -0.844644 -41.707492 0
3 4500.000000 143.126170 -133.103054 195.452100 -0.749129 -6.577326 0
4 6000.000000 148.831539 -162.858793 220.621425 -0.830372 -25.293939 0
5 7500.000000 69.578823 -215.939503 226.872390 -1.259086 -117.346053 0
6 9000.000000 345.948649 -119.448937 365.989776 -0.332463 136.774567 1
7 10500.000000 307.112644 9.794092 307.268775 0.031880 208.849885 1
8 12000.000000 328.134671 -22.716818 328.920076 -0.069120 198.101018 1
9 13500.000000 330.466936 -38.695548 332.724723 -0.116563 187.570417 1
10 15000.000000 184.206892 -118.046176 218.785463 -0.569905 31.735202 1
11 16500.000000 254.808956 -36.044952 257.345765 -0.140526 139.941491 1
12 18000.000000 158.729138 -103.182540 189.318715 -0.576413 26.241342 1
13 19500.000000 314.681425 -67.766547 321.895486 -0.212110 155.273209 1
14 21000.000000 191.877713 -75.241801 206.102851 -0.373707 69.075140 1
15 22500.000000 162.548222 -184.018528 245.529516 -0.847271 -32.267218 0
16 24000.000000 154.316327 -179.930623 237.041258 -0.861882 -34.581625 0
17 25500.000000 -1.042118 -333.644126 333.645754 -1.573920 -252.513108 0
18 27000.000000 225.136681 -273.396109 354.163744 -0.881900 -58.671746 0
19 28500.000000 236.068773 -118.507780 264.144959 -0.465251 65.406759 1
20 30000.000000 156.365019 -173.906788 233.866608 -0.838461 -28.691041 0
21 31500.000000 309.442655 -127.855847 334.816180 -0.391817 106.482230 1
22 33000.000000 61.254513 -194.588890 204.002332 -1.265827 -106.691455 0
23 34500.000000 138.227088 -198.166690 241.612841 -0.961730 -58.900029 0
24 36000.000000 120.037112 -146.350216 189.280992 -0.883856 -31.721869 0
25 37500.000000 142.211003 -189.047827 236.565108 -0.925858 -49.403912 0
26 39000.000000 147.909361 -198.913795 247.878755 -0.931413 -53.112628 0
27 40500.000000 228.443448 -237.014148 329.184014 -0.803810 -29.042047 0
28 42000.000000 134.523796 -96.920651 165.801882 -0.624334 15.089681 1
29 43500.000000 50.148896 -343.340273 346.983364 -1.425760 -226.251713 0
30 45000.000000 141.556347 -258.603127 294.811426 -1.069960 -102.332630 0
0 0.000000 238.505005 -240.155400 338.466030 -0.788846 8.383792 1
1 1500.000000 138.568887 -110.990743 177.539521 -0.675337 24.472194 1
2 3000.000000 203.525716 -279.455533 345.713917 -0.941333 -44.032567 0
3 4500.000000 139.698621 -182.576721 229.891200 -0.917669 -23.877218 0
4 6000.000000 139.125867 -187.809201 233.726984 -0.933220 -27.887531 0
5 7500.000000 44.745137 -202.871901 207.747769 -1.353713 -106.827480 0
6 9000.000000 343.638607 -158.053114 378.243677 -0.431089 141.186368 1
7 10500.000000 324.109805 -41.862085 326.802080 -0.128449 206.801759 1
8 12000.000000 331.302295 -55.322072 335.889479 -0.165457 202.783796 1
9 13500.000000 327.907990 -43.013298 330.717091 -0.130430 208.771457 1
10 15000.000000 199.714517 -157.393936 254.280828 -0.667439 37.038357 1
11 16500.000000 270.490096 -97.468882 287.515347 -0.345858 129.637354 1
12 18000.000000 196.899360 -182.085033 268.187093 -0.746329 18.032716 1
13 19500.000000 299.126340 -64.973486 306.101489 -0.213888 172.769742 1
14 21000.000000 181.198873 -80.723496 198.366616 -0.419103 76.244462 1
15 22500.000000 156.823361 -222.865852 272.511935 -0.957613 -39.104860 0
16 24000.000000 148.834758 -210.868365 258.103182 -0.956176 -36.670046 0
17 25500.000000 -36.953850 -309.113071 311.314114 -1.689780 -239.178654 0
18 27000.000000 194.360448 -282.211996 342.665426 -0.967692 -52.587017 0
19 28500.000000 172.191090 -128.051524 214.585564 -0.639431 37.189463 1
20 30000.000000 151.481855 -218.018445 265.478427 -0.963561 -39.657393 0
21 31500.000000 302.123278 -126.340245 327.475698 -0.396075 132.796678 1
22 33000.000000 39.641741 -181.964902 186.232901 -1.356294 -96.176059 0
23 34500.000000 131.914848 -232.487070 267.304630 -1.054687 -63.816361 0
24 36000.000000 125.727046 -201.108799 237.175123 -1.012075 -46.760627 0
25 37500.000000 124.697153 -196.401525 232.643373 -1.005103 -44.275831 0
26 39000.000000 123.325080 -188.271074 225.066819 -0.990886 -39.688436 0
27 40500.000000 211.162829 -272.875828 345.037618 -0.912210 -33.962664 0
28 42000.000000 138.448946 -137.607259 195.202122 -0.782349 6.102857 1
29 43500.000000 12.641016 -336.890121 337.127200 -1.533291 -222.213531 0
30 45000.000000 107.790164 -238.798650 261.999074 -1.146791 -85.684891 0
0 0.000000 221.255255 -278.793810 355.921166 -0.899960 -0.563941 0
1 1500.000000 136.057829 -152.452408 204.336658 -0.842162 11.480456 1
2 3000.000000 180.053997 -294.131692 344.866488 -1.021488 -42.350036 0
3 4500.000000 113.055924 -163.530343 198.805973 -0.965903 -13.414548 0
4 6000.000000 122.670535 -187.349604 223.937344 -0.991077 -20.729458 0
5 7500.000000 35.426907 -238.366322 240.984583 -1.423253 -120.758931 0
6 9000.000000 331.744293 -195.183202 384.903570 -0.531813 137.952924 1
7 10500.000000 318.828690 -49.555146 322.656855 -0.154195 218.557862 1
8 12000.000000 320.422472 -73.200278 328.677413 -0.224595 205.076588 1
9 13500.000000 332.517523 -91.743651 344.941735 -0.269209 202.988419 1
10 15000.000000 172.316179 -165.212783 238.721866 -0.764356 31.897749 1
11 16500.000000 252.326477 -89.369301 267.685492 -0.340395 141.732603 1
12 18000.000000 139.094729 -133.146979 192.549894 -0.763554 25.881267 1
13 19500.000000 308.860738 -121.123167 331.761627 -0.373730 166.181375 1
14 21000.000000 178.937467 -116.578132 213.562820 -0.577430 67.371314 1
15 22500.000000 134.090087 -220.640193 258.190330 -1.024711 -32.531851 0
16 24000.000000 115.765957 -195.445932 227.158248 -1.036045 -31.174075 0
17 25500.000000 -61.470963 -328.760480 334.457968 -1.755640 -252.868554 0
18 27000.000000 177.966742 -335.252581 379.560871 -1.082779 -69.596371 0
19 28500.000000 155.940867 -133.594338 205.341183 -0.708370 38.781622 1
20 30000.000000 118.345416 -194.105593 227.338115 -1.023278 -28.321250 0
21 31500.000000 291.751242 -180.950801 343.310326 -0.555157 115.530812 1
22 33000.000000 26.759251 -208.449296 210.159860 -1.443122 -108.905017 0
23 34500.000000 111.333708 -240.447811 264.972346 -1.137163 -62.672334 0
24 36000.000000 95.321595 -175.184786 199.439002 -1.072479 -34.547737 0
25 37500.000000 108.774237 -214.831103 240.799164 -1.102102 -48.718476 0
26 39000.000000 114.562015 -222.721436 250.458166 -1.095716 -49.105346 0
27 40500.000000 187.058471 -285.908468 341.664344 -0.991432 -31.748228 0
28 42000.000000 122.116561 -131.463596 179.430018 -0.822242 13.647519 1
29 43500.000000 -12.233241 -336.837234 337.059304 -1.607098 -219.379948 0
30 45000.000000 95.057340 -285.313473 300.731900 -1.249195 -103.351591 0
0 0.000000 198.560971 -294.563696 355.238272 -0.977676 -7.182786 0
1 1500.000000 118.726507 -140.870640 184.229533 -0.870494 16.000496 1
2 3000.000000 157.337100 -302.996731 341.411749 -1.091852 -45.746825 0
3 4500.000000 108.788449 -204.181753 231.354954 -1.081253 -28.568232 0
4 6000.000000 118.257771 -224.128852 253.413975 -1.085288 -32.306510 0
5 7500.000000 12.836019 -219.750813 220.125381 -1.512451 -115.992923 0
6 9000.000000 316.368038 -214.910743 382.459622 -0.596702 134.999980 1
7 10500.000000 320.866491 -98.492494 335.642781 -0.297828 205.689232 1
8 12000.000000 326.789430 -112.568083 345.634062 -0.331737 202.430635 1
9 13500.000000 326.231046 -97.402098 340.461252 -0.290142 210.703620 1
10 15000.000000 171.160826 -179.380194 247.938061 -0.808842 36.711332 1
11 16500.000000 257.112944 -128.382520 287.383259 -0.463106 136.351306 1
12 18000.000000 174.835461 -215.729501 277.680853 -0.889723 18.793403 1
13 19500.000000 294.531122 -126.723041 320.635792 -0.406312 167.904438 1
14 21000.000000 167.810380 -104.052313 197.451786 -0.555038 77.330557 1
15 22500.000000 123.874166 -238.845010 269.057146 -1.092350 -36.184491 0
16 24000.000000 120.357756 -233.432232 262.633959 -1.094746 -35.944348 0
17 25500.000000 -83.585170 -309.605409 320.689866 -1.834483 -246.559937 0
18 27000.000000 146.202241 -307.252530 340.263445 -1.126665 -57.301775 0
19 28500.000000 152.678406 -143.490985 209.524124 -0.754387 42.255670 1
20 30000.000000 125.156638 -229.275354 261.211356 -1.071122 -29.627450 0
21 31500.000000 290.497181 -186.522185 345.223316 -0.570787 130.185180 1
22 33000.000000 6.710661 -182.948357 183.071392 -1.534132 -99.818188 0
23 34500.000000 104.859642 -242.839704 264.512129 -1.163175 -54.032578 0
24 36000.000000 100.285736 -220.242176 241.999680 -1.143508 -44.765581 0
25 37500.000000 101.099727 -220.115448 242.222966 -1.140233 -44.027012 0
26 39000.000000 101.122912 -211.319483 234.268579 -1.124471 -38.945066 0
27 40500.000000 178.559414 -290.447928 340.944956 -1.019585 -21.169590 0
28 42000.000000 127.965672 -156.014393 201.781327 -0.883849 14.838835 1
29 43500.000000 -12.276739 -346.324132 346.541661 -1.606230 -209.384383 0
30 45000.000000 84.390176 -265.391119 278.485453 -1.262923 -83.751725 0
0 0.000000 187.249335 -290.235404 345.396733 -0.997829 2.319963 1
1 1500.000000 122.109898 -162.786601 203.495221 -0.927217 15.720315 1
2 3000.000000 163.621839 -323.920038 362.899845 -1.103053 -35.690571 0
3 4500.000000 94.796873 -186.474738 209.187177 -1.100481 -20.037663 0
4 6000.000000 100.953011 -190.900056 215.949860 -1.084354 -17.216445 0
5 7500.000000 10.318545 -239.984120 240.205850 -1.527826 -120.036740 0
6 9000.000000 318.709153 -245.335811 402.200428 -0.656040 137.348662 1
7 10500.000000 309.335589 -87.976613 321.602847 -0.277089 213.856935 1
8 12000.000000 315.277675 -96.660276 329.762371 -0.297490 214.213028 1
9 13500.000000 326.514192 -118.224365 347.258575 -0.347396 212.127200 1
10 15000.000000 148.441620 -175.944129 230.198286 -0.869979 30.883489 1
11 16500.000000 241.639775 -124.291553 271.731800 -0.475075 137.245262 1
12 18000.000000 156.226917 -196.302111 250.881184 -0.898591 26.532157 1
13 19500.000000 293.636213 -142.355341 326.323871 -0.451415 171.435285 1
14 21000.000000 166.404144 -139.344102 217.041742 -0.697124 65.677277 1
15 22500.000000 116.330242 -242.683161 269.124213 -1.123805 -32.019504 0
16 24000.000000 95.497912 -211.729873 232.270080 -1.147081 -32.994715 0
17 25500.000000 -98.646467 -310.811025 326.089893 -1.878125 -249.990939 0
18 27000.000000 147.068539 -350.138997 379.771606 -1.173144 -63.725939 0
19 28500.000000 141.422329 -153.354453 208.609356 -0.825855 37.078509 1
20 30000.000000 96.405272 -197.499335 219.772528 -1.116690 -24.594693 0
21 31500.000000 274.179557 -195.275358 336.610895 -0.618878 126.625355 1
22 33000.000000 -0.138056 -205.382355 205.382401 -1.571469 -110.298379 0
23 34500.000000 88.190002 -257.244560 271.941612 -1.240527 -63.579346 0
24 36000.000000 79.426026 -200.314493 215.486403 -1.193305 -40.434040 0
25 37500.000000 79.771346 -214.482531 228.836674 -1.214725 -47.743373 0
26 39000.000000 86.718245 -223.616772 239.842688 -1.200853 -46.781022 0
27 40500.000000 161.082412 -318.096233 356.556808 -1.102046 -34.709332 0
28 42000.000000 109.483128 -149.059037 184.946348 -0.937292 12.428808 1
29 43500.000000 -56.873143 -321.193561 326.189911 -1.746048 -220.307612 0
30 45000.000000 64.488293 -274.569554 282.041096 -1.340107 -92.876021 0
0 0.000000 166.206469 -323.971893 364.118632 -1.096781 16.920453 1
1 1500.000000 106.642463 -167.362887 198.451381 -1.003477 27.651358 1
2 3000.000000 116.544178 -306.497628 327.907520 -1.207435 -21.026654 0
3 4500.000000 79.737090 -207.049876 221.873060 -1.203191 -13.287497 0
4 6000.000000 89.989232 -237.948294 254.396251 -1.209233 -16.769322 0
5 7500.000000 -24.665445 -222.741121 224.102636 -1.681083 -114.799044 0
6 9000.000000 276.262100 -242.757843 367.766391 -0.720935 150.743559 1
7 10500.000000 299.831407 -136.646250 329.501245 -0.427620 216.187806 1
8 12000.000000 307.206709 -170.643272 351.418680 -0.507031 208.803323 1
9 13500.000000 303.524032 -162.293097 344.188738 -0.491018 208.914289 1
10 15000.000000 129.145925 -201.911653 239.681008 -1.001756 33.804630 1
11 16500.000000 228.518938 -156.864773 277.177672 -0.601568 142.910878 1
12 18000.000000 132.341648 -249.216284 282.175598 -1.082633 17.099115 1
13 19500.000000 266.943007 -180.307003 322.132247 -0.594060 168.156822 1
14 21000.000000 136.404650 -132.011962 189.824621 -0.769034 69.392061 1
15 22500.000000 74.754309 -248.238897 259.250374 -1.278295 -34.899722 0
16 24000.000000 68.858693 -247.606988 257.003385 -1.299553 -40.002687 0
17 25500.000000 -144.026812 -299.196962 332.058044 -2.019436 -255.117442 0
18 27000.000000 83.223315 -342.896919 352.851834 -1.332694 -66.440406 0
19 28500.000000 163.971992 -211.882197 267.919539 -0.912185 61.362093 1
20 30000.000000 77.506553 -240.792727 252.959291 -1.259388 -29.307843 0
21 31500.000000 245.053552 -245.861945 347.130148 -0.787045 121.056962 1
22 33000.000000 -34.424036 -184.296122 187.483532 -1.755455 -107.739103 0
23 34500.000000 49.090132 -286.208563 290.387986 -1.400930 -73.997055 0
24 36000.000000 48.674483 -224.019017 229.245993 -1.356844 -48.590058 0
25 37500.000000 53.204162 -244.320590 250.046462 -1.356380 -52.885586 0
26 39000.000000 49.638958 -233.970549 239.178268 -1.361737 -51.838529 0
27 40500.000000 96.290939 -321.861970 335.956951 -1.280103 -45.827377 0
28 42000.000000 88.742136 -167.270763 189.353307 -1.083024 11.400380 1
29 43500.000000 -96.663282 -332.934854 346.683440 -1.853365 -226.005471 0
30 45000.000000 17.820775 -283.436196 283.995875 -1.508005 -101.302467 0
0 0.000000 107.680138 -318.347725 336.065895 -1.244630 5.407570 1
1 1500.000000 79.971869 -178.457352 195.556965 -1.149500 21.705411 1
2 3000.000000 82.282766 -350.240353 359.775984 -1.340049 -28.510013 0
3 4500.000000 44.789298 -215.953613 220.549414 -1.366293 -23.240557 0
4 6000.000000 44.098904 -220.809443 225.169988 -1.373675 -25.379686 0
5 7500.000000 -56.746303 -220.865280 228.038626 -1.822284 -121.432699 0
6 9000.000000 251.191338 -316.709702 404.230285 -0.900260 142.574640 1
7 10500.000000 281.251758 -176.428235 332.008243 -0.560249 214.005560 1
8 12000.000000 278.736077 -177.335270 330.365856 -0.566621 211.333087 1
9 13500.000000 280.761696 -189.673882 338.826373 -0.594140 209.497227 1
10 15000.000000 113.799990 -242.447104 267.826504 -1.131943 34.395114 1
11 16500.000000 212.363700 -204.404484 294.753345 -0.766303 139.866333 1
12 18000.000000 94.522499 -233.047373 251.486741 -1.185477 18.905089 1
13 19500.000000 242.220916 -201.071639 314.802757 -0.692837 169.316632 1
14 21000.000000 135.696479 -181.152816 226.340180 -0.927889 73.950091 1
15 22500.000000 53.845280 -276.997688 282.182624 -1.378802 -33.242816 0
16 24000.000000 34.892819 -240.712023 243.227850 -1.426842 -40.219610 0
17 25500.000000 -177.336919 -266.208251 319.867497 -2.158447 -250.107934 0
18 27000.000000 53.942013 -364.616227 368.584771 -1.423920 -59.885726 0
19 28500.000000 105.366137 -203.559029 229.212350 -1.093153 38.229376 1
20 30000.000000 46.598555 -243.408193 247.828517 -1.381643 -29.894793 0
21 31500.000000 212.533824 -249.051722 327.410120 -0.864348 126.405140 1
22 33000.000000 -46.233628 -199.760361 205.040850 -1.798237 -104.981625 0
23 34500.000000 30.260361 -317.563334 319.001819 -1.475794 -68.080776 0
24 36000.000000 31.728113 -228.975204 231.162967 -1.433107 -39.652140 0
25 37500.000000 23.849702 -228.036291 229.280087 -1.466588 -46.868345 0
26 39000.000000 32.566320 -237.484255 239.706772 -1.434516 -41.450272 0
27 40500.000000 84.068198 -348.839488 358.826490 -1.334312 -26.382281 0
28 42000.000000 75.059519 -188.766419 203.142050 -1.192333 13.881723 1
29 43500.000000 -132.435970 -299.778329 327.729054 -1.986793 -217.591508 0
30 45000.000000 -11.338017 -279.197649 279.427768 -1.611383 -95.988845 0
