-64.748936 -799.443772
-89.577351 -1147.377055
64.015571 -635.511163
-306.790786 -819.562132
745.628025 1166.613239
623.607014 115.224002
486.903075 924.555361
1778.511990 -102.559646
1226.901782 -294.696514
515.007362 542.628450
1243.425821 282.845463
508.221440 1080.745670
572.142526 -240.963190
458.711918 1.036586
577.264569 -361.478695
-362.100689 -345.869807
-213.527893 977.490339
68.077212 -92.323624
-96.696731 940.102957
-325.542102 -336.717236
-368.611430 -483.197358
-1028.287578 687.890476
-949.778732 89.142800
-710.625912 1850.799598
-300.807382 -593.893296
-831.369766 261.916046
9.987204 -877.561402
-848.363378 -817.522258
-577.549713 238.578161
-861.889345 -768.775539
-758.741020 252.168934
-222.277758 -751.642294
-206.002415 -1239.265913
28.662199 -751.855775
-379.077524 -838.138540
693.347840 1122.349506
695.512051 249.342845
468.927021 775.759971
1623.907888 -28.417790
1479.897922 -332.484988
506.832415 508.416641
1214.827906 358.113124
481.945320 996.909892
556.922538 -40.188812
443.322258 -51.600164
563.535516 -248.401902
-419.109837 -359.559971
-295.633153 925.288501
28.150452 69.420978
-137.236406 841.581846
-313.342040 -112.505686
-339.140507 -468.353843
-948.356129 619.379675
-882.674964 27.662110
-658.939366 1587.289228
-414.150468 -561.977330
-805.858527 176.039509
-120.435429 -819.421905
-779.691971 -797.161887
-541.427458 73.765010
-745.218177 -667.336485
-669.501751 152.870957
-162.453313 -549.760201
-103.424747 -1072.349787
98.168916 -549.396274
-235.664252 -609.750814
707.288610 997.300818
667.220107 259.602169
425.692092 665.593926
1490.832209 45.939269
1307.771714 -305.786858
352.743618 409.174580
1041.969850 292.280650
439.377773 899.715751
518.254199 -91.574565
402.644324 -58.074172
539.836885 -317.184277
-334.860239 -270.448613
-209.721363 861.550199
12.527805 162.984455
-61.886028 784.576248
-298.989610 -116.181636
-281.015141 -482.561993
-895.971385 547.807651
-877.460093 83.376091
-685.904146 1525.470140
-351.473154 -419.506030
-709.209368 115.710086
-96.986213 -819.728571
-773.825365 -815.314101
-561.966862 76.461362
-676.476483 -587.248867
-726.956673 162.626069
-105.965754 -511.371964
-97.272544 -1105.702176
153.544274 -734.392686
-374.950551 -704.497251
713.760570 947.713410
620.426565 330.314557
450.067524 614.394362
1369.668870 -3.420232
1535.739785 -450.784241
383.565802 376.098450
1096.510183 245.806037
558.135681 978.587703
651.146997 -99.559889
365.950345 -31.751419
729.789781 -332.708747
-315.966873 -277.424565
-268.164741 857.412557
50.799432 224.826890
-43.321925 847.883957
-308.610554 -24.335770
-334.968014 -573.685562
-988.588304 602.589924
-951.198468 13.951454
-766.190895 1761.942075
-451.476106 -527.803084
-818.771395 155.694937
-147.895718 -884.327232
-838.084573 -858.381413
-575.100749 29.323711
-787.857687 -669.064675
-835.292392 149.707146
-84.390214 -527.993050
-138.608478 -1193.928316
117.846494 -771.917894
-392.942631 -736.811451
772.114658 1048.304804
692.587908 362.415538
469.396988 671.574022
1445.457008 48.742226
1630.568700 -398.055194
401.504301 537.499163
1178.591717 261.770793
566.591121 1097.967175
652.186748 -129.675500
375.807505 -12.230461
707.172841 -337.182941
-452.909087 -300.098303
-321.705391 1016.500467
44.508206 252.630680
-62.659229 884.761727
-346.836730 -101.582554
-395.272361 -641.100377
-1035.088247 713.671335
-1053.946690 33.648256
-893.149604 1925.419628
-480.472014 -529.469562
-837.620869 213.515755
-117.351431 -964.665361
-881.216683 -975.289415
-652.759702 73.760254
-800.190753 -656.348069
-871.387374 228.400884
-128.063709 -586.950715
-132.722776 -1349.186618
157.102397 -875.132095
-399.009707 -828.909147
838.388236 1129.834910
808.637035 391.079573
569.721641 692.205739
1675.145312 51.029012
1857.458068 -485.074980
488.556725 507.114679
1251.398957 329.500213
725.560633 1215.633201
791.089671 -63.077903
411.377919 -36.993679
776.692207 -359.298299
-390.030672 -279.706368
-371.421416 1058.818068
-5.428803 317.853935
-113.210437 1001.210287
-415.483632 5.851506
-418.976963 -652.495669
-1133.853332 628.344166
-1187.521587 -16.770189
-979.128631 1973.438679
-617.244459 -566.272191
-1005.035094 135.949590
-258.683299 -1041.767653
-945.813429 -1066.890625
-684.795244 13.553246
-844.696196 -803.516932
-933.297600 163.694778
-64.119516 -628.690442
-85.049291 -1306.358953
244.691098 -878.731820
-390.510156 -875.331410
922.576373 1160.489571
916.884654 421.327448
668.275955 749.423973
1697.939023 61.343811
1894.937799 -446.042555
588.829472 600.075180
1359.058360 287.386448
681.859650 1190.706126
761.916061 -123.043309
436.011331 22.621947
811.278612 -369.028476
-428.410317 -346.181805
-368.260636 1018.080470
27.358756 304.614060
-59.367239 965.569741
-406.126988 -65.028076
-450.559164 -713.926428
-1145.978312 733.199506
-1119.995756 -21.234454
-1020.272294 1990.885410
-641.241082 -625.477250
-977.467254 210.815256
-183.279919 -987.341717
-984.732843 -1071.402173
-728.124627 11.263743
-888.868672 -778.302104
-928.168985 227.335491
-101.975601 -631.338089
-203.555634 -1394.554162
151.375568 -864.545562
-376.172188 -864.670870
911.384690 1145.344526
804.599823 344.486249
583.163333 759.258049
1737.604422 121.169724
1914.690770 -435.364328
514.536910 529.748074
1329.629747 259.907063
691.407244 1245.362596
790.541918 -43.711412
450.366250 -21.522262
752.797482 -382.589836
-391.467197 -335.659739
-303.124772 1071.056530
30.183002 251.469250
-143.954870 936.294426
-375.582812 -14.128800
-380.628125 -674.708997
-1107.670636 684.686748
-1202.787893 -91.133955
-981.821123 1977.918323
-569.261998 -536.923432
-914.221736 184.505310
-222.145477 -1039.916041
-964.424248 -1056.657532
-631.119507 58.068539
-796.778438 -760.693276
-953.073901 136.121555
-124.520049 -640.487525
-129.979615 -1320.653617
168.075520 -858.895210
-395.770586 -870.776268
842.029044 1094.303406
855.047601 400.506433
634.840641 753.370207
1688.929797 77.512043
1825.310631 -434.493319
544.390415 608.499635
1381.921722 304.063836
696.486304 1155.786118
688.500924 -153.850694
427.152207 -16.215079
781.800909 -345.578429
-435.327358 -334.349512
-350.420753 974.634893
11.327696 244.967026
-66.482098 946.064122
-344.525214 -47.359332
-426.238493 -693.545249
-1112.410946 699.358852
-1095.262017 60.306355
-912.931716 1958.193176
-594.264311 -614.208081
-981.917936 151.570728
-187.687572 -959.428600
-903.041576 -1000.093326
-736.200724 12.356566
-891.562215 -786.951707
-888.773252 217.507334
-69.566805 -610.915359
-156.058550 -1372.558886
126.066039 -890.006925
-393.480853 -817.761323
911.728610 1176.085252
819.573172 346.476354
524.697119 705.455679
1659.215130 108.241788
1869.882787 -381.274309
520.246011 561.036631
1250.439672 264.805186
652.686854 1218.910956
773.815712 -51.558506
446.463746 -10.133956
684.500171 -388.931625
-430.102214 -331.904566
-324.289531 1048.824283
39.372723 241.242367
-150.323393 877.109155
-394.308329 -62.926147
-409.422990 -642.531166
-1037.057916 681.073472
-1152.324232 -44.417094
-959.263594 1887.045268
-559.016261 -493.902225
-847.154759 183.806181
-219.090695 -981.061641
-930.134821 -1058.175633
-672.024961 72.860735
-755.752313 -692.681371
-910.525899 136.740291
-140.605584 -661.672328
-144.554382 -1327.136938
178.833097 -784.896195
-322.511383 -863.318429
788.513276 982.907618
800.142612 382.406276
654.265982 733.048666
1728.993731 144.300251
1775.398958 -535.236638
538.901424 544.090866
1396.759107 321.474883
762.046355 1141.018245
670.812456 -67.631138
445.707711 -73.870651
785.478758 -254.906556
-329.939900 -282.857634
-342.756432 936.627156
3.982038 259.124516
-163.598853 888.597283
-320.158635 75.913997
-414.156305 -650.483333
-1201.123478 652.555368
-1143.090983 61.074827
-878.949039 1830.633497
-636.168883 -497.252935
-984.670757 51.496073
-300.824133 -903.755513
-911.427608 -1015.710066
-731.702459 11.709279
-873.186197 -817.433433
-975.119606 101.923938
-112.119862 -583.548168
-111.679795 -1359.172901
108.454501 -920.416681
-404.146024 -779.563100
950.235226 1123.942490
902.233534 422.780698
618.053166 592.432912
1689.921412 71.072760
1894.873821 -400.180423
583.444731 603.381177
1290.726147 300.547957
684.638904 1146.244652
803.708256 -39.164144
545.837204 -10.210842
738.171998 -413.939470
-455.473853 -286.999127
-321.079414 1081.964996
93.607267 396.280265
-117.074813 898.208883
-444.443708 -80.178170
-444.919857 -669.018649
-1104.946082 700.036280
-1165.718046 27.044244
-1051.688962 1853.950802
-686.283797 -507.748777
-919.420847 159.344319
-220.509829 -1007.346737
-1022.754195 -1131.960327
-761.722797 -0.161739
-825.138325 -668.668183
-887.652330 144.050126
-171.477793 -700.326387
-186.178000 -1444.011430
137.877578 -821.685840
-280.485598 -826.447178
818.578909 994.081247
804.887544 337.533276
666.126830 748.285266
1897.154002 123.033226
1870.660645 -543.713481
574.298187 461.689127
1457.643455 348.350173
875.956979 1206.818179
791.904990 -87.560866
494.179695 -144.492879
809.760364 -323.834928
-288.081977 -250.001171
-250.273885 1064.309115
1.337304 246.977072
-149.785178 963.981170
-281.915617 67.444073
-375.044112 -620.741454
-1245.940078 659.535186
-1280.496493 38.654285
-978.933621 1980.852535
-628.595946 -480.981464
-1077.525088 41.243298
-388.472519 -1034.873809
-1002.177081 -1146.411533
-758.971131 48.854625
-966.834007 -874.128167
-1063.718666 144.361938
-129.427627 -660.428107
-109.635772 -1454.527074
136.182572 -950.476026
-430.335932 -910.637628
901.624620 1224.499172
943.407694 414.288648
652.165523 712.508613
1769.115593 69.518527
1929.367912 -421.339592
617.399893 663.222075
1394.492189 281.268287
713.505798 1194.769386
765.253164 -40.195958
545.363285 47.651443
796.043245 -368.329861
-466.764514 -421.838484
-350.012397 1002.456299
79.786406 352.782810
-119.910037 937.153617
-468.536014 -91.943752
-497.653342 -688.720404
-1044.098071 720.205461
-1071.014275 69.448813
-1039.148003 1814.539605
-665.623006 -565.314050
-903.027404 210.359950
-184.323155 -940.837039
-952.599927 -1084.941049
-808.028249 -70.641713
-902.149202 -686.368886
-791.509333 154.920541
-181.783651 -669.965473
-214.954874 -1463.042778
77.348983 -807.668227
-272.122890 -781.907436
834.094753 1034.009721
784.269787 346.747709
569.113878 730.990044
1878.792135 164.104711
1848.149944 -451.794728
543.806546 419.922896
1350.234717 321.584015
779.955001 1163.664127
740.283361 -25.853417
478.378605 -124.783881
702.803803 -365.026061
-299.080085 -300.324859
-220.594052 1008.037784
5.288927 200.572897
-176.076562 904.045006
-311.322139 58.653021
-331.856445 -515.868957
-1112.128191 632.165969
-1200.114117 12.924513
-922.745776 1820.678860
-561.585441 -406.583001
-954.323005 78.910509
-369.521373 -987.091011
-996.903229 -1074.389771
-702.721698 71.825714
-840.867584 -816.361996
-1037.377527 51.117807
-174.373601 -673.382165
-95.837605 -1323.314793
131.077957 -803.946977
-362.442156 -899.683220
827.013079 1039.466485
849.433188 378.446842
654.074644 728.147412
1741.477751 93.842419
1728.647256 -478.716404
609.052971 617.726323
1433.274436 321.122328
739.716226 1087.013402
659.609225 -64.069137
530.486870 -22.722254
828.480232 -289.750662
-395.709027 -348.762273
-368.003179 956.369933
90.412203 315.027005
-116.389162 915.341276
-359.264673 -50.739969
-435.176287 -662.597661
-1144.123556 719.325654
-1068.805467 127.242713
-928.452440 1815.156204
-675.908231 -513.883119
-924.860658 123.593206
-246.191818 -886.461348
-975.750501 -1101.268241
-839.234233 10.758365
-948.481015 -732.032291
-899.414911 180.920131
-156.824355 -659.771909
-229.872771 -1500.366535
37.529245 -867.522317
-295.371293 -773.793813
879.566243 1058.115751
819.833715 282.716775
523.225970 627.351292
1884.185590 100.335082
1875.847879 -462.992573
568.533298 448.547386
1365.258494 289.649298
867.160626 1183.896064
840.828852 9.551170
613.165117 -114.038205
750.116497 -376.134665
-331.692275 -257.729929
-178.766998 1133.641988
69.584221 314.040715
-212.766272 901.860466
-372.040490 44.296974
-323.547389 -568.225537
-1156.031219 659.902673
-1247.112843 -11.050521
-1066.559082 1830.822176
-623.467107 -390.018429
-985.217056 83.434952
-354.732936 -1039.965968
-1077.579994 -1222.342222
-736.732925 58.247907
-848.890026 -803.513842
-1015.276487 89.899563
-224.755138 -683.102602
-74.022582 -1394.218596
153.285934 -790.233466
-325.449333 -940.588569
794.445811 1059.542215
852.792224 374.505906
641.383740 834.566948
1865.421518 127.837276
1754.951394 -506.648286
606.532451 534.102467
1457.799292 357.529314
822.949875 1103.296983
637.974616 -47.136426
517.363857 -94.544321
813.250808 -263.318470
-319.117615 -380.028345
-355.953743 930.628827
63.733696 219.338154
-138.184456 952.650204
-286.313079 -5.243427
-427.668853 -637.460361
-1157.051812 654.505484
-1096.710826 175.660072
-854.464970 1841.261908
-636.774010 -477.759110
-953.270204 86.635056
-268.395460 -858.334746
-906.334480 -1089.905772
-825.789731 -10.181165
-1021.162373 -816.427493
-939.458775 174.537371
-196.027923 -627.766673
-205.251337 -1454.815077
3.588535 -897.958783
-313.214084 -816.669034
855.103286 1075.663008
849.421380 337.415132
479.064583 661.843401
1822.878878 123.874034
1824.447562 -410.269286
623.143488 456.975312
1323.596254 237.700906
749.592943 1107.894275
784.226123 30.795491
632.823377 -29.845291
743.958407 -389.216997
-349.267944 -340.666702
-171.577548 1057.053042
110.421319 327.566053
-146.277459 894.275563
-391.416210 -56.154102
-381.253685 -512.871145
-1076.946245 707.053979
-1143.258074 86.539982
-1052.599939 1729.274461
-621.369930 -373.580220
-853.143938 159.175428
-288.457401 -942.013275
-1072.075446 -1189.231498
-791.325814 50.098750
-855.395053 -725.480051
-941.882150 94.923920
-302.238451 -747.351139
-218.367344 -1456.472462
85.935352 -718.226664
-248.892252 -893.261888
745.256603 1002.384141
791.328448 309.146712
621.951495 820.525905
1949.056125 140.045941
1690.567386 -494.737394
603.624329 496.707107
1460.693008 363.911636
837.240829 1130.845939
681.052916 -49.898402
543.227451 -144.729119
740.328304 -262.490590
-276.093074 -293.595012
-242.734194 999.037670
-9.253653 212.840951
-162.726112 959.056614
-231.555823 56.560139
-367.508652 -570.968056
-1213.711024 618.062272
-1152.866582 148.398520
-901.339643 1837.001563
-622.972016 -375.667640
-1004.626400 35.296256
-339.967519 -922.979463
-945.339193 -1081.526483
-766.069683 40.371945
-986.265865 -839.148055
-1012.170944 130.064130
-217.144828 -636.474784
-110.387879 -1437.704955
-29.795524 -877.108940
-362.710828 -840.901602
869.114571 1114.845213
899.737651 325.570631
530.138951 687.390279
1872.707022 53.107450
1760.101314 -372.343548
667.691389 516.713083
1388.870330 335.046804
795.706324 1075.650162
759.439665 -0.932587
664.923294 -51.981914
755.405842 -387.343294
-387.195452 -332.500394
-251.558777 1066.371385
94.223731 371.879395
-109.398179 932.650233
-416.429337 -90.400019
-414.070359 -532.966995
-1039.385888 676.092086
-1134.143092 142.864108
-1091.148905 1704.630019
-665.349875 -356.097659
-878.495327 152.702757
-290.621388 -968.977912
-1038.432708 -1243.494780
-806.925038 -46.249034
-904.073691 -725.542021
-902.424966 164.020090
-241.425105 -750.105921
-181.592119 -1479.699025
76.873003 -783.339191
-166.848650 -864.615530
784.680398 1035.676214
778.709758 295.742364
630.966652 856.932024
2030.524053 138.712335
1698.727965 -436.860639
645.474525 422.247363
1381.973242 387.601878
890.304966 1174.620772
726.221268 -6.698630
532.585186 -156.089950
668.182617 -324.347263
-264.985833 -265.352927
-278.883962 1023.957624
-21.750072 195.650046
-232.562440 959.266022
-297.521384 -3.430142
-394.842833 -494.010759
-1194.292813 583.559011
-1220.591869 140.571565
-935.954482 1814.305606
-604.202887 -335.182645
-972.747739 18.285083
-388.552972 -953.714818
-986.673796 -1137.438164
-727.833181 80.718501
-971.355593 -850.798131
-1024.550995 117.339067
-209.172547 -711.030463
-103.599657 -1398.146241
36.974764 -848.639290
-301.437979 -872.759737
807.978174 1102.260962
911.779010 383.340274
632.614132 746.669650
1885.471528 54.765316
1692.819641 -401.695169
739.750013 539.519197
1411.036328 325.361748
752.726200 1057.593004
709.533207 2.758781
659.456991 -37.875093
756.690488 -359.351984
-349.707460 -399.842166
-272.848973 985.166575
78.916514 334.221812
-115.430759 1003.091987
-342.162107 -111.804483
-439.035630 -527.638406
-1044.937554 628.821908
-1069.506430 135.737546
-1055.240075 1713.963951
-724.645542 -365.485012
-841.444348 187.876448
-273.076670 -913.477044
-1000.775000 -1213.324164
-780.674528 -43.848904
-963.537114 -800.609598
-903.512729 220.968929
-222.024782 -723.738676
-238.109735 -1449.024905
9.191018 -809.644018
-202.876806 -836.233242
798.103715 1019.767465
775.054358 250.353384
537.719813 792.269677
1964.296303 129.777227
1669.753719 -362.603191
623.691723 406.579007
1357.148230 289.512300
826.414748 1128.000728
755.769329 -6.345339
589.337796 -121.099110
648.335531 -393.267725
-250.766734 -291.814104
-165.756796 1007.191908
31.255131 181.742367
-202.564505 900.235287
-287.639703 -40.391959
-347.844255 -433.426205
-1030.270866 556.842402
-1195.434579 105.214933
-946.131483 1720.116539
-570.653844 -247.355136
-852.189379 101.893503
-372.717898 -943.064204
-942.350302 -1145.058530
-713.655929 61.014859
-906.441034 -792.828838
-988.409105 122.618723
-267.903801 -720.645055
-134.508634 -1355.169702
36.732466 -777.421888
-261.077206 -916.590634
677.774392 1000.710534
798.778557 346.489133
595.972746 802.316222
1839.777252 115.539884
1499.413171 -401.329211
706.363250 513.941300
1369.787199 320.133949
716.666671 1055.659117
643.419539 -12.331903
591.300231 -38.969545
678.378055 -318.251531
-279.017222 -341.715934
-237.979075 868.735247
12.644678 224.723986
-126.186684 929.714542
-279.654266 -92.773840
-382.770076 -499.949532
-1085.253679 602.006977
-984.496233 248.731657
-861.659200 1663.157962
-632.383172 -306.403742
-844.772011 134.831441
-219.247445 -773.843405
-952.163824 -1023.401182
-793.980838 15.121522
-980.605263 -715.567873
-884.809720 175.652614
-296.535352 -659.636700
-214.785563 -1452.352339
-143.977561 -782.264183
-221.448900 -774.944838
725.877360 1028.442274
798.871953 247.155901
468.320436 702.575746
1928.509354 58.592416
1587.307167 -344.981529
684.528868 384.902292
1253.677040 389.761962
799.165095 1045.613533
719.588683 148.667765
670.146265 -88.589237
641.249840 -306.792756
-243.731786 -273.821776
-194.761810 1067.662448
64.113696 343.924654
-214.337155 969.301883
-367.004444 -5.535084
-358.960279 -384.129459
-1046.644194 503.686636
-1219.178213 134.404677
-1049.565300 1562.035060
-677.091588 -115.862844
-844.282553 68.597411
-377.948841 -875.764779
-959.371379 -1237.705707
-728.002012 41.910212
-868.282197 -729.251561
-935.842587 107.296737
-289.761433 -682.321971
-112.650546 -1330.200138
58.842818 -674.800032
-97.079729 -854.962099
684.660696 989.649446
946.950513 319.386283
677.955285 809.472967
1953.923330 114.965176
1451.289911 -341.027975
758.114745 510.415225
1320.326589 441.073535
862.216434 1041.393754
624.534306 57.997050
605.990960 -120.326864
613.990636 -240.674328
-267.924834 -262.022256
-323.842888 997.360198
-58.535807 347.769231
-212.907069 988.969793
-305.214364 -25.583192
-398.204917 -472.448649
-1128.936373 446.470911
-1120.987752 197.867816
-1054.889175 1572.875661
-747.942825 -152.941285
-930.969414 8.422192
-357.593155 -813.783727
-920.647592 -1205.512916
-715.072894 -5.178492
-935.477019 -830.201447
-923.739108 227.244534
-173.996802 -611.784234
-90.336655 -1338.573527
-19.453416 -799.995662
-135.038318 -843.081916
837.917314 1024.532204
890.033173 258.405773
612.543017 720.507773
1948.571825 65.842841
1598.585188 -309.962704
787.761545 468.678253
1343.436525 358.076457
859.952475 1030.950259
796.258351 94.780267
689.561465 -102.810819
667.014448 -311.723302
-315.381297 -250.794949
-244.423501 1078.294413
47.642848 385.292418
-221.531636 966.061376
-380.798586 -59.211072
-386.357265 -466.145763
-1121.351866 521.974998
-1188.724073 125.182343
-1154.573450 1615.532662
-780.642021 -173.034961
-888.645396 60.005280
-379.851098 -932.091390
-1024.238237 -1307.435415
-736.578566 1.225366
-895.487514 -769.644692
-960.749420 174.421884
-219.170800 -681.778618
-130.829586 -1394.725336
64.422742 -751.499018
-153.756320 -882.940334
761.630698 983.731378
826.199469 308.269519
668.698412 848.836980
1982.666734 147.788324
1586.569108 -367.101690
730.176354 464.985706
1426.741836 373.229638
872.822305 1097.052727
714.667071 28.621329
589.878466 -121.916588
642.714259 -303.908637
-249.027648 -285.931340
-273.600523 982.583479
-34.054483 254.901489
-213.166839 981.585017
-261.889082 -18.870058
-376.668093 -504.447747
-1119.193102 548.306056
-1141.086263 164.476271
-999.716874 1742.567030
-680.608241 -228.947739
-910.782115 43.379543
-354.826150 -895.057670
-987.829179 -1175.180707
-734.158782 40.536802
-996.256073 -796.330665
-976.171672 157.941516
-230.317147 -650.680501
-131.951570 -1427.624434
-68.959710 -801.850088
-223.035207 -856.531781
740.266037 1068.834397
907.391311 346.850317
578.007778 730.819164
1929.504779 47.686147
1599.894271 -383.305387
744.261209 508.188237
1372.961713 385.168661
826.619052 1053.492490
722.527213 67.630885
707.846249 -114.784883
710.043234 -316.045018
-302.996722 -347.013614
-254.168676 1066.567046
59.624577 377.487905
-165.496975 1040.780719
-319.158896 -57.858042
-396.080730 -484.725834
-1078.834998 548.327556
-1135.697454 176.566590
-1126.237572 1719.245008
-745.032664 -136.515296
-868.185270 141.636578
-312.052149 -909.863093
-1018.315541 -1311.995997
-770.760272 -5.737802
-1015.337134 -768.408172
-1001.283492 234.486560
-284.513389 -663.524639
-177.568198 -1451.540124
-21.735920 -775.605198
-160.701819 -918.386061
732.652751 1040.223329
845.343742 300.038644
606.756567 855.686577
2025.945501 144.181769
1583.294212 -377.348284
719.728428 467.267024
1418.974628 344.170074
883.807110 1120.606286
754.927851 67.037995
635.695634 -122.658158
675.523463 -281.919107
-243.383737 -319.431117
-215.064682 1085.050942
4.755003 274.466215
-208.598635 1041.978569
-296.402367 -6.912137
-370.937320 -464.827340
-1109.561277 542.620167
-1205.924087 140.798135
-1098.739557 1767.087545
-697.109598 -145.687106
-914.150450 87.156182
-365.041849 -929.866393
-974.340633 -1277.883255
-743.349193 19.428051
-1004.839317 -823.275647
-1017.579388 183.706862
-251.755318 -671.457210
-127.250817 -1436.735993
-7.748385 -820.761759
-192.659416 -968.162518
732.015660 1047.893714
901.324936 333.116790
633.383878 839.953184
1979.465854 99.600510
1595.890082 -365.718412
812.648433 483.825261
1439.512916 358.263782
861.677185 1089.058561
765.773126 56.054130
695.044688 -100.292700
708.565493 -332.859409
-250.865374 -372.658588
-248.658856 1000.590288
12.684021 293.330815
-167.199846 1028.023988
-299.990828 -54.284738
-386.442074 -493.205390
-1068.232968 540.421688
-1129.246242 168.548750
-1083.717223 1766.447477
-696.277523 -122.325601
-873.464957 138.534517
-305.435025 -887.556905
-998.507919 -1281.271063
-764.436425 -6.320215
-1055.404173 -798.586329
-1018.956538 220.872428
-299.956312 -659.577828
-193.493787 -1458.463547
-69.857382 -791.751700
-170.129030 -961.369488
675.451813 1073.055453
852.068002 321.262708
571.760419 902.585337
1989.953849 146.050475
1547.318712 -347.170106
770.327675 474.919363
1354.313649 351.958235
818.867282 1155.213306
715.843012 110.724360
633.689668 -102.416228
628.782119 -283.808011
-268.489379 -349.627063
-237.207708 1089.983860
-24.976585 260.113039
-224.958281 1059.248227
-300.585071 -43.841437
-398.453126 -440.665166
-1114.889735 530.823437
-1190.568434 157.841254
-1099.575621 1778.850829
-660.853703 -96.964039
-863.391740 127.092260
-315.954215 -907.742603
-968.571059 -1271.921371
-721.630691 60.655335
-982.373630 -810.707350
-1024.412743 241.233837
-273.728391 -698.984869
-121.713511 -1446.886277
-15.597628 -792.108868
-150.925755 -947.285221
773.265967 1108.207039
938.044310 322.790568
668.918096 892.051258
2084.646715 116.794165
1572.799760 -344.426670
806.300345 530.472021
1404.477818 423.172958
860.956401 1146.623355
708.667473 97.282065
626.966515 -95.975161
634.539968 -256.838284
-313.719284 -304.489672
-324.106948 1109.833366
-40.776686 333.251300
-245.673609 1095.405953
-358.844290 -38.972598
-406.852336 -536.344860
-1200.040384 520.830720
-1203.192453 152.849115
-1147.009063 1774.356119
-756.895124 -170.974364
-952.422378 29.228856
-316.131613 -923.192483
-1007.641922 -1328.446072
-758.007239 70.331867
-988.242157 -810.809983
-965.828312 223.806486
-202.027670 -651.380882
-94.962429 -1452.990709
31.344418 -789.553876
-161.959437 -939.583223
782.178567 1135.268973
1013.452291 360.332837
674.410724 853.730080
2054.776713 48.816369
1665.448001 -415.875239
812.699269 467.823271
1400.869675 405.700367
880.721023 1103.750561
719.918478 98.962196
695.915208 -145.721708
716.980856 -274.264338
-238.505522 -364.187754
-264.733402 1107.041646
27.394753 367.327167
-177.044187 1084.671039
-293.409569 -13.503839
-427.453590 -529.292522
-1162.059750 505.514074
-1213.203504 120.340780
-1192.163452 1752.976278
-786.677105 -141.975795
-924.924135 70.108797
-366.376410 -938.196500
-1008.930361 -1354.354875
-738.418565 23.419017
-1008.594346 -826.804564
-1023.618747 249.238713
