7796.854384 2122.330782
6989.737311 6381.340143
2337.917636 4173.269560
2133.245858 2134.489064
2531.430858 1215.524182
4561.027147 2906.327329
-1476.648699 50.999025
-1050.016138 -177.389450
-5301.764740 182.424596
-4006.761707 3101.018299
-3510.494861 4117.272875
-2975.946928 -336.567972
-8804.603860 603.998682
-2603.927196 -2163.548158
-4374.577008 3853.089146
-3065.925019 697.915377
-8522.459630 1390.923448
-3562.182359 -2632.141875
-4397.140078 395.151980
-2356.260794 -1446.885408
-4116.460590 -1803.258502
-2687.923571 -3914.913803
-1498.378312 -816.489380
2029.389153 -1791.730395
216.853766 486.396874
1898.595371 -3152.259327
2283.466341 278.973823
3348.693107 -926.306829
5338.577104 3995.185258
4852.049165 315.258331
3524.634232 1605.534152
4375.124977 809.407757
5022.880720 5196.377752
4148.082255 673.227791
637.497357 2824.756167
809.257906 -1208.182862
2423.107650 1847.094532
429.762874 -993.558806
-2739.274789 -314.878469
1202.234464 -1732.654794
-1491.561774 -1789.681216
115.609125 -1143.131911
656.703477 -452.478655
2022.555281 -992.716225
-192.744137 -1084.274301
3963.250413 -1313.392951
2513.347208 255.391436
1234.858373 -270.383761
-770.863805 -759.263237
-154.629841 -2750.616663
-3376.701571 992.721681
-2505.341581 1985.107165
-2794.608402 4338.317658
-578.689399 913.112853
-1647.117875 2351.575589
3251.279436 -433.530362
574.184039 -2183.364915
-3137.127609 453.951335
-4376.737752 746.948606
-412.293146 2313.962610
-1064.348790 -2693.946746
-2477.470588 -8339.245424
-1779.592638 -2030.642598
913.914380 -6360.931642
-575.244872 4757.490554
2373.329554 -1691.126114
3261.273607 3770.837941
5791.157927 2377.526163
668.836617 1376.636989
5840.722413 5087.296697
928.395073 2563.986025
145.807854 7115.357406
524.086447 7629.436301
-467.220630 3168.825626
-4028.364692 1310.175494
-4429.416151 -3078.950853
-5883.233985 5885.191435
-3814.410373 3114.254237
-9684.606246 6189.480080
-3750.470258 -5272.428284
-4460.324423 -1437.028081
-4284.656705 -3067.627751
-7203.223525 -515.257505
-6335.272087 2588.554991
-3379.165773 -5732.798099
-4899.065679 3533.245335
1639.972419 -4963.026925
27.589355 -6130.756161
-4191.844073 -442.610701
-2001.001923 -2214.781689
12520.102844 12955.867950
4119.020602 -6029.099426
3379.903674 -4743.285398
7572.679066 -3218.880964
6217.456444 -4453.307848
3677.720351 6890.234537
2712.046015 -5406.125085
1589.092012 2205.085336
10886.606152 -1187.044316
4222.055363 -4339.604607
9262.514268 -488.006250
5926.770431 -4226.086971
4298.113038 5269.494902
10413.011680 2264.471348
5021.629385 678.349055
2913.120485 -435.063227
3042.523117 -6511.520415
2628.387061 4826.632815
2559.537617 -2384.174033
-5015.820391 4762.594783
-1348.828890 -5363.985998
-2213.047325 1026.499537
-4083.078336 242.681352
-5882.110603 -211.260609
-6214.421699 2469.507807
-5209.308959 -2971.971951
-5443.145376 3644.164968
-3028.454048 -2723.728514
-4213.433506 -7364.054406
-8873.919519 -2254.422205
-8119.240952 -4288.760182
967.971836 5030.138540
-4517.635157 -8402.430381
-4745.872173 -9411.906195
725.574680 -3626.192342
1074.433843 -5725.863785
-1158.361260 4001.071494
920.291295 -5466.993583
466.647010 2108.531574
9148.647859 392.222359
1108.237366 -1856.454142
5481.837882 229.805108
1436.778420 -2782.929088
3395.558234 3698.011980
4987.774246 1151.838386
3395.062545 -873.009159
143.818231 -1663.842345
4297.355655 -6896.297125
3811.629244 1644.110528
5585.942420 -5173.051456
-1588.089642 1172.373310
3329.011052 -7892.124580
2044.317037 -1217.344969
2189.562338 -3404.132206
-361.921406 -2465.822988
-500.850220 187.394152
1439.316492 -3128.555686
400.728254 4801.153236
4585.615387 -490.947287
2508.474056 -3822.302634
-1187.309886 2539.256124
-1945.928369 -1464.575923
6424.592346 9277.526340
-2538.217159 -6730.885817
-2796.594630 -4725.092912
-478.503963 -3043.998201
-2913.251894 -4558.737984
-5926.402208 4109.397224
-2608.023922 -5139.351100
-4725.980763 1919.859365
3595.566877 -590.792931
-4849.103948 163.542902
2111.670320 1449.881886
-4357.600226 507.941244
-585.205948 4382.332730
-1730.669939 4857.060589
-1657.853820 1463.737504
-6983.993798 342.460898
-3006.947651 -5234.565459
-5390.366349 4898.887245
-549.212205 -1672.090387
-9123.855418 5024.375204
-2275.876071 -8532.795535
-3249.313973 1340.623395
-1065.466840 -5344.864278
-4567.549328 157.851736
-2782.698086 -126.248898
-779.086711 -4704.593183
-556.735738 3921.096496
5135.810497 -3852.816953
4395.144735 -5502.676849
-322.674003 1474.797765
1111.514139 -2575.390123
14888.732305 11949.921457
3462.688993 -8943.152091
3425.231870 -1709.513522
8930.020539 -3035.687715
3980.319718 -1146.257872
2279.197620 6278.710648
4367.695630 -3244.503226
1079.870244 4147.691042
9248.600715 122.478273
-727.760578 957.842142
6238.671567 461.071585
-1415.722830 -590.809396
-96.143153 4674.489827
9.976309 2856.072219
-1197.196160 740.395394
-7274.736897 -2062.734253
-1857.013209 -7735.241119
-4784.956333 4005.772899
-1427.754724 -4344.341262
-9229.176485 4097.014955
-1942.071742 -9622.522362
-2497.859202 -40.714290
-1125.010508 -5978.796696
-5583.344000 -2198.679566
-3394.093353 -669.418133
-1352.988973 -4643.896019
-1236.874841 1769.183811
3449.081698 -4778.234886
1571.738526 -5619.189434
-1538.859775 1744.896655
1068.113811 -2881.262473
11418.362852 9543.351788
2457.230779 -8613.116581
3023.126857 -1063.454719
6997.026718 -3756.202102
2156.676667 -1142.114295
1829.737586 4194.470482
3151.914837 -2829.526955
145.698901 3366.964831
6706.932066 -708.840090
-865.539672 -136.528848
4185.723631 -376.592213
-1488.900021 150.729671
-558.995507 4783.066303
-1630.899999 2972.198847
-1277.847983 800.124385
-5375.090615 -1952.846479
-2322.256938 -5890.633562
-4485.855156 3453.923174
-2348.113080 -3216.504696
-8019.187474 3049.296936
-1404.898793 -8449.435995
-2836.046854 -830.552116
-1709.232850 -6623.287230
-5413.341149 -2799.804255
-3462.810259 -1177.675257
-259.458282 -4875.719798
-980.886416 2533.788922
3403.586381 -5100.748481
2895.617094 -5047.042198
-68.995034 1042.344116
1854.821312 -1836.396976
11948.962071 10478.177597
2931.450465 -7326.958093
3640.978036 -769.991390
7494.179187 -2966.508839
3051.049337 -1423.354369
1296.219470 4902.250996
1982.945313 -3282.893889
-445.870588 4041.371982
6138.304269 -38.950417
-1615.597658 328.899064
3554.775474 -593.026598
-3282.002368 -543.704818
-1426.495662 4725.413468
-1409.511940 2828.537330
-3370.977177 761.690489
-6704.669129 -1676.693003
-2594.988874 -5601.971140
-4572.329519 2781.800507
-2232.240231 -3830.733931
-7450.301575 2200.515803
-1405.706066 -8713.530042
-2712.565692 -694.654052
-1004.045482 -6277.628978
-4236.493346 -3106.389294
-3039.743076 -1731.920330
384.548596 -5191.220862
59.701253 2332.918527
3424.057226 -3761.704294
4094.881913 -4689.786517
1066.217600 1282.212232
2025.670124 -1378.877164
12210.948036 11547.326904
4050.355654 -5331.795034
4345.644866 -1068.329364
7847.774750 -2697.293280
3415.702932 -2163.399576
732.216888 5320.541968
1236.340165 -2784.655251
-1855.689024 3649.272504
5745.494082 -472.579576
-2321.477633 -249.845565
2421.785684 -153.476468
-3883.561439 -454.938587
-1861.657015 4562.390921
-1968.029547 2905.153623
-3223.404811 1345.265935
-7184.239476 -784.181106
-3713.720867 -5875.444091
-5609.505355 2476.944073
-1733.161978 -3692.988756
-7451.434813 2701.395569
-1801.836529 -8919.985047
-3280.403585 -1977.630415
-1021.682409 -6819.460959
-3448.633057 -3315.918661
-2716.912768 -1714.433860
181.482169 -5398.646153
209.337922 1624.314000
4343.091708 -2688.746334
6112.196522 -5580.640432
1972.427838 1669.060228
1875.894571 -1259.425427
13057.510197 12877.535473
5941.963830 -2950.903938
5078.834379 -1708.127479
8259.519718 -2294.743452
3779.988870 -2495.633204
455.204119 6134.159327
832.443868 -773.811690
-2369.230394 2590.578264
4834.413728 280.174486
-3027.820261 -1075.470459
989.255341 954.258555
-3824.130057 -370.299145
-3830.696861 3571.570881
-2256.231271 3382.871243
-3740.299771 1665.693915
-7770.159924 -243.652490
-5216.584918 -6620.942692
-6035.994992 1036.205696
-2110.528762 -3147.963224
-7212.006619 2731.699793
-3615.883426 -7884.089180
-2369.258235 -3112.150719
-909.434921 -7099.489851
-2275.044040 -4218.169636
-2597.434570 -1423.245364
-275.192353 -5010.497117
9.094694 1807.095190
5711.137751 -2571.564655
7131.233155 -5175.063967
2878.066361 1419.040131
2181.979552 -1123.251428
13111.832643 11959.723165
7720.458490 -2115.745886
5530.848697 -1681.807505
8454.461252 -1590.543144
3572.212992 -2718.771910
1492.901314 6047.068472
1352.519172 -1573.139892
-1263.367960 2229.961006
3904.456771 506.781589
-3223.598568 -277.594372
1022.335305 1138.748021
-3209.950930 -738.783954
-4187.001293 2877.941219
-2660.307573 3454.166353
-4647.761186 1325.673402
-8373.798496 -786.279046
-5347.281880 -6909.377332
-6639.886698 1131.573740
-1873.664411 -2631.867891
-7554.025937 2173.818709
-3308.763447 -8569.529193
-1265.466533 -5155.356489
-663.646553 -7520.640899
-3419.587654 -5251.875796
-3268.783329 -471.222805
-688.296564 -5024.357516
1505.585510 505.110156
6389.652046 -4071.227582
6683.498276 -5894.178820
3522.828117 1778.057861
2939.209059 192.016103
13711.867589 11765.967683
9564.097417 -1488.350281
5905.989766 -1510.072112
8815.672165 -2909.064767
4166.061812 -3273.536262
1096.409179 4213.378947
1148.576924 -620.438482
-1077.587557 2451.206795
2411.598166 178.330802
-2646.249872 -1139.577528
1796.055569 102.569335
-1781.897065 -1128.903109
-4527.689466 4188.847638
-2664.752834 4030.347228
-3813.160613 1770.902323
-7911.145085 -1240.168897
-6096.654437 -6143.144771
-6097.139705 493.199229
-5134.358438 -3000.436618
-8852.217095 1475.978119
-3550.912545 -7183.852721
-1946.199858 -4381.424552
-2069.767731 -7382.768251
-3655.175866 -5744.176854
-3005.628343 -1231.609549
-144.485943 -5385.535321
73.581090 1345.426078
5498.513736 -4231.147800
6010.034464 -4457.941842
3202.663536 397.917584
3861.420013 -1178.469761
13016.000681 10352.294717
7398.149585 -1449.508881
6159.843183 -482.823399
8811.252555 -1515.722233
4290.625046 -2813.413106
2279.223707 4865.579379
1737.035851 -1400.614867
-1063.168181 3705.405411
3853.872086 690.044782
-1894.911905 -601.655541
1750.633718 -273.345076
-2618.246520 -1022.318768
-4699.101848 3741.427618
-2917.732283 3113.068971
-4347.260947 941.268553
-7821.849543 -977.326721
-5606.129850 -5521.177144
-5855.019456 968.382362
-4279.056185 -3229.051787
-7537.774484 1182.641336
-2667.711150 -6288.288036
-2221.345256 -3598.118010
-2067.607305 -6098.380821
-3251.919603 -5131.752349
-2562.264108 -1833.287990
213.109211 -5287.266937
-579.310617 1084.112977
3892.157243 -2597.192293
6121.937750 -5235.238912
2309.285034 -189.032240
2849.119123 -1285.620619
11789.040373 11230.222701
6968.535700 -262.406322
5786.854572 -1659.609370
8932.124932 -1629.984050
5243.447285 -3476.182401
1639.876694 5259.945806
597.475556 -630.564530
-1144.171321 3083.490543
4900.080379 711.643515
-1960.382611 -1693.998567
1747.068001 -559.870407
-3577.053803 -1093.631081
-4456.773322 2842.681594
-2311.582193 3493.224003
-3632.627185 1679.901585
-7899.972787 355.109919
-4522.209497 -5070.826311
-5304.069554 379.153210
-1798.716783 -2910.072505
-6266.880143 1594.079747
-3314.127122 -6649.886402
-3515.599006 -3295.120964
-2027.794701 -6129.860299
-2978.966395 -5047.574785
-2808.642363 -2357.727887
-561.721282 -6018.341360
-615.544245 582.005655
3991.129202 -2025.329196
7144.802893 -5203.838715
2930.212525 1305.651119
2276.161226 -1730.999710
11885.539813 11824.668393
7646.645432 -624.118070
5702.880614 -1586.066244
9172.359407 -1654.164657
3922.222327 -3653.438873
1272.636422 5364.355354
479.459955 -254.551693
-1878.262092 2028.792184
3913.023054 961.767762
-2440.168836 -1546.169616
779.183865 985.704255
-2691.647349 -886.858643
-4396.317737 2313.599335
-2142.238674 2857.022012
-4430.251441 1946.180029
-7747.025880 476.849428
-5451.542664 -5322.941294
-6086.668203 -414.723477
-1788.763974 -2935.315578
-5752.545090 1222.748188
-4212.864409 -6702.540619
-2114.978103 -4244.593585
-1422.424476 -6471.603362
-2243.017605 -5313.867965
-2633.017531 -1296.380885
-546.496978 -5706.217482
-348.559820 1134.947824
5557.718266 -2678.564038
7627.127724 -4862.713688
3680.853507 975.989291
2102.093924 -926.949014
12112.250423 11542.254475
8686.356356 -530.460004
5889.739675 -1594.606341
8578.542557 -1738.254991
3634.018536 -3532.087048
1563.501557 5596.888591
740.847103 -1001.840623
-1189.846440 2083.138078
3050.652441 598.538861
-3310.931488 -519.970746
668.099823 955.959131
-2939.992366 -1097.628552
-5014.001970 2182.960464
-2689.792266 3184.302046
-5249.902188 1995.875954
-8476.588764 -26.719016
-5433.025943 -6059.144745
-6347.880890 -155.179254
-2014.248736 -2723.661626
-6471.918323 1572.514241
-3829.426491 -7668.718069
-1574.106584 -5805.755716
-1086.259705 -7001.324545
-2710.448168 -5926.278554
-3260.451248 -487.291490
-885.851378 -5498.233784
1344.965255 105.750343
6606.423379 -3611.950813
6966.891652 -5041.852746
4376.599677 1977.148339
2970.366314 535.523758
13171.721879 11122.704729
10172.577075 -272.318281
6165.113525 -1447.712095
8418.351906 -2406.848044
3817.541182 -3613.969384
791.536340 4226.780374
1182.293683 -346.529521
-1249.228357 2261.085487
1521.414912 -240.357186
-2708.139165 -1184.931771
1224.777742 283.315858
-1745.901862 -1044.531402
-4993.348926 3780.724056
-2956.379887 3783.689003
-4140.554270 1900.521398
-7653.140666 -913.366458
-6308.565782 -5998.453952
-5973.523110 -24.450410
-5200.478139 -2821.217537
-8017.197988 1339.893806
-3514.213452 -6664.554604
-1737.120847 -5112.805519
-1959.126498 -7315.400534
-2953.384554 -6044.065404
-2773.406770 -1083.224906
-58.125611 -5334.927455
291.903533 928.598439
5872.203777 -3943.280209
6374.830607 -4184.052543
3682.907322 369.370374
4062.534803 -799.645147
12588.762137 10184.878559
8193.971059 42.273213
6698.243341 -480.294951
8663.793918 -1353.653280
4148.926419 -3072.660545
2323.092867 5054.804827
1495.565454 -847.593744
-1524.778297 3365.846847
2636.145143 623.676771
-2098.824314 -756.487142
754.043970 27.618026
-2898.904259 -1288.751251
-5727.042238 3359.434472
-3321.269701 3032.222215
-5014.834879 1316.729071
-7721.625366 -809.287296
-6268.406195 -5747.584789
-5863.833791 157.006317
-4474.401902 -3091.521820
-6787.470987 882.783745
-2871.844932 -5981.115346
-1829.934845 -4993.968745
-1751.459618 -6308.303078
-2332.608346 -5844.983018
-2314.611625 -1642.236599
580.947733 -5447.958327
52.664668 768.927824
5429.496635 -2678.601045
6632.428340 -4316.840506
3859.608804 109.621500
3774.538658 -416.110724
12292.815251 10745.158945
7703.696815 1299.319095
7013.097547 -1088.903211
8207.378548 -954.337066
4916.021598 -3633.744632
1348.967085 5795.347363
755.651179 -783.754395
-2430.079160 3423.264074
3113.372441 195.750487
-2788.288285 -1194.227641
394.624435 21.421249
-4358.623094 -953.908842
-5192.292250 2870.163718
-3533.472445 2923.826613
-4867.626464 1578.143484
-7696.262734 14.423218
-6184.157485 -5565.203769
-6155.054587 240.758725
-2771.265302 -3240.302914
-6189.777095 1862.862603
-3021.763200 -7048.608492
-2745.337455 -3983.699691
-1475.798928 -6838.837392
-1883.131314 -4998.266626
-2159.068413 -1766.095637
83.071305 -5786.490991
306.089315 636.833215
4650.765463 -1884.600141
7896.794412 -4929.851198
4002.581725 976.285181
2480.416248 -719.586948
12374.635503 12446.379963
9328.242292 1456.106146
6578.912197 -1811.868253
9026.053003 -1637.113785
4777.659346 -3889.993600
912.141814 5859.378786
-105.119567 435.694323
-2536.016847 2285.008911
3240.022386 423.427000
-3175.905597 -1631.333887
84.167586 719.673746
-3296.553230 -873.574368
-5702.655426 2473.771368
-2916.924530 3458.635244
-4315.110519 2465.761371
-8335.016029 507.940677
-6565.707397 -5713.869785
-6090.444384 -1000.308816
-2594.178149 -2696.716655
-5988.618332 1567.246490
-4463.554563 -6504.990667
-2348.584821 -4985.712729
-1285.608194 -6950.607534
-1491.125358 -5669.543860
-2488.658579 -1723.660533
-494.102692 -5532.206046
-62.852329 913.027455
5985.904456 -2014.181342
8574.993102 -4679.918256
4259.948162 1032.605020
2585.875707 -784.788163
12517.730019 11968.670029
9869.163177 1026.528069
6463.850736 -1432.637904
8911.809931 -1257.213159
4039.133078 -3760.675248
1679.365413 5752.307985
564.982007 -755.305749
-1717.045367 1933.898643
2382.266591 573.475679
-3558.303088 -688.341578
136.210432 1054.233860
-3073.697395 -1309.348463
-5640.043379 2046.675613
-3017.828576 3162.646862
-5382.311876 2257.230720
-8606.140364 35.485326
-6162.588504 -6145.165432
-6576.889378 -555.974280
-2376.893540 -2498.670790
-6308.433701 1515.852053
-3838.791613 -7609.744977
-1440.310378 -6485.954440
-815.259589 -7125.568477
-2167.000825 -6227.426137
-2940.820039 -726.258623
-1010.278936 -5696.294574
1611.469624 8.489028
6948.155020 -3322.464414
7500.431589 -5016.159153
4754.318465 1942.785057
3658.725376 552.706816
13258.421994 11653.950512
11126.815077 695.713007
6579.253092 -1091.856432
8597.472699 -2047.975939
3869.233446 -3427.903576
1235.925441 4718.759689
761.058966 -353.471534
-1894.124155 2190.627569
904.351617 -320.499361
-3271.944513 -1225.908489
213.494304 528.535508
-2545.385876 -1418.636734
-5796.872632 3877.606206
-3488.792677 3560.728367
-4559.934465 2383.295611
-7797.903409 -1161.324887
-6677.112147 -6174.585631
-6304.492898 -145.573624
-5019.278432 -2559.183808
-7756.876522 1450.222648
-3581.261157 -7093.240693
-1879.286132 -5962.217440
-1495.217469 -7379.927531
-2825.115867 -6244.954257
-2752.401844 -769.391216
48.201795 -5387.771999
1025.246419 1103.617787
6575.274316 -3669.117886
6862.209623 -4020.635353
4277.122260 718.848952
4302.426456 -292.822168
12858.788999 10909.233941
8924.807846 675.105400
6877.125743 -390.615339
8328.412995 -1529.508783
4337.567313 -3170.397885
2189.256524 5067.700558
1169.244244 -1045.877956
-2333.540433 3187.791875
2078.170402 445.975972
-2413.724709 -650.613491
440.012794 173.068886
-3051.260590 -1683.924358
-5676.838808 3412.758862
-3469.287663 2822.353587
-5112.150927 1718.055631
-7516.012737 -942.036243
-6655.011274 -5838.198122
-5933.419728 293.789242
-4316.720159 -3040.185283
-6507.000352 1098.664838
-2791.079788 -6720.007886
-1720.612257 -5262.508695
-1381.691805 -6479.866885
-2409.592006 -5597.946216
-2421.853201 -1425.314245
354.924116 -5363.329110
585.432838 813.175696
5746.689550 -2886.305178
6576.420597 -4440.025795
3798.572497 512.408663
4044.556212 71.578490
12341.900583 11101.015787
8134.259894 1095.966824
6846.236959 -1115.288471
8214.999859 -1315.034519
4677.777205 -3782.481995
1267.200774 5505.918792
450.202920 -1151.293386
-2595.672173 3418.158687
2731.578440 -121.580024
-2579.595135 -1261.615399
335.021396 -7.396988
-3573.907380 -1675.303674
-5210.438552 3526.827574
-3086.657095 2792.555595
-4640.299857 2329.412101
-7019.486262 -584.797734
-6488.848816 -5619.466098
-5428.779736 449.020674
-3324.041004 -2925.583934
-6078.603217 1797.151801
-3153.319532 -6969.381120
-2471.024479 -4284.923975
-1477.943341 -6454.325769
-2240.015354 -5183.931222
-2687.163508 -1487.792754
127.819869 -5607.537659
147.078417 1157.257467
4859.133141 -2132.072435
7333.797437 -4661.069469
3518.936270 503.651234
2622.105028 -397.833058
12112.616672 12028.470738
8527.681128 1669.227436
6258.278401 -1925.929087
8487.446928 -1620.702900
4768.878215 -4287.995741
770.997405 6057.624047
-96.653580 -99.708300
-2593.080085 2754.254679
3123.136895 209.698153
-2826.082326 -1167.921122
517.825070 604.641242
-3261.725026 -1277.597320
-5690.671963 2638.131137
-2606.129523 3205.753709
-4333.805473 2838.499297
-7896.771416 176.945384
-6435.893311 -5854.812977
-5636.298397 -683.686893
-2547.349475 -2435.582105
-5138.129136 1835.153476
-3978.466822 -6783.000600
-2368.713381 -5009.370201
-889.144149 -6584.859915
-1493.382191 -5188.391353
-2754.567534 -1466.311776
-488.955794 -5149.599158
405.649131 683.964925
5799.555549 -2022.153485
7711.317863 -4061.822779
4147.814658 848.959632
2275.260765 -504.207455
11592.932005 11312.838699
9032.998335 1872.269297
6515.855345 -1058.166605
7907.649790 -1660.916980
4112.915008 -4443.595234
1550.920763 5004.688621
517.231748 -1017.960694
-2964.770327 2572.205955
2342.610935 -11.982977
-2965.527080 -415.372084
526.130271 591.956201
-2186.355772 -1684.987334
-4708.970662 1980.989384
-3338.227197 2372.794131
-4602.767621 2810.739711
-7625.774448 504.684570
-6571.336894 -5382.973658
-6027.865612 -30.778104
-2436.960387 -2867.907127
-5256.858552 1859.018594
-3072.063346 -7300.459038
-1777.658793 -5900.242549
-1079.700567 -6975.044577
-2404.856310 -5249.366050
-2972.213245 -820.043043
-747.902222 -5365.521016
1009.059857 -645.585557
6419.787002 -3538.383732
7336.520893 -4739.894371
4538.415587 1726.324541
3397.177325 549.346207
12190.887572 10782.187124
9884.972654 1378.103096
6694.910202 -648.012506
7884.631948 -1572.215308
3778.447912 -3600.557456
1062.224929 4521.163031
827.194970 -337.308948
-2558.194347 2640.365479
586.313174 -157.609670
-3361.065768 -775.773916
220.205135 133.068721
-2450.485216 -1639.999534
-5276.408102 2839.072288
-3643.798317 2674.405043
-4402.935537 2137.314351
-7283.217738 -1089.295812
-6297.805027 -5965.856517
-5955.516147 -338.856337
-4433.422659 -2813.277997
-6325.791047 1558.874183
-2749.431485 -6677.310477
-1196.696887 -5200.197077
-645.279608 -6865.895296
-2159.676849 -5242.387407
-2178.715966 -735.838130
221.026561 -4495.328607
1130.391255 676.922099
6152.369925 -3277.998519
6299.556872 -3807.313868
3942.994999 679.699613
3895.155067 24.337621
11574.744444 9789.930014
8087.918524 1004.542018
6262.145960 -188.294826
7379.243366 -1588.842946
3814.007732 -3355.473458
1378.002569 4188.543913
686.037191 -451.221285
-2116.740847 2959.028377
1311.121445 -30.196827
-2466.154065 -964.679403
417.503243 -69.480355
-2495.477711 -1397.654423
-5434.387116 2750.365062
-3302.511976 2414.865200
-4397.161682 1646.375486
-6462.425616 -1045.579256
-6181.134502 -5277.138174
-5265.567528 -174.755094
-3985.602220 -2459.041202
-5344.248425 1204.527509
-2323.326410 -5804.043942
-1294.877654 -4483.323546
-1160.978208 -6019.896716
-1829.422754 -4789.404172
-2021.313358 -1168.481778
273.491997 -4593.587891
197.456564 738.323616
4324.821718 -2252.950598
6303.454161 -3874.868247
3006.948020 -114.024974
2631.481730 9.254648
10698.080010 10101.043418
7690.063041 2077.380607
5483.905344 -1172.843998
7723.121839 -1717.645809
4269.586652 -4145.445424
682.565171 3897.040119
-727.433073 -347.459223
-2375.824641 2598.304535
1926.755033 215.907275
-1817.435170 -1457.314068
1046.588546 -909.399090
-2192.233316 -1877.575990
-4837.973331 2302.744691
-1916.539739 2893.397203
-3359.366624 2665.500178
-6244.779331 -242.013067
-5152.278945 -4652.705875
-4315.231443 -766.005789
-2472.539850 -2248.994494
-4408.875550 1038.426508
-3006.452018 -5614.401694
-2063.792277 -3922.377267
-1303.506814 -5139.526902
-1970.025415 -4483.957447
-2071.662930 -1413.074124
27.596738 -4992.186136
44.581517 514.825477
4379.984279 -2081.835869
5967.601305 -3432.096009
3180.297538 -124.750656
1640.481242 -423.441252
9892.190976 9309.649586
6711.583994 1811.591720
5254.221822 -1130.395434
6955.383877 -1770.026899
4102.851024 -4127.797482
596.898544 4041.540048
-68.352324 -353.181524
-2838.037387 2642.772145
2042.363662 -107.264664
-2203.053421 -692.587615
837.771404 -400.118930
-2127.240023 -1721.008631
-4297.196151 1282.272653
-2628.567630 1989.150152
-3194.172027 2692.973939
-5856.960661 10.930609
-5388.573953 -4862.217463
-4325.469488 -1048.506812
-1640.787785 -2882.247053
-3928.686470 1686.414764
-2530.009928 -6271.554636
-1798.805357 -3537.832327
-606.028483 -6006.786651
-1457.904248 -3731.186900
-1581.306781 -1127.631311
-355.449248 -4711.221480
796.540931 128.887645
4506.564596 -2445.503558
6495.075744 -3294.615812
3181.794294 852.275312
1756.366142 -732.656414
9399.359932 8885.814976
7481.545020 935.393912
4751.729845 -681.775813
6734.740910 -1933.627744
2719.296558 -3731.355390
1003.227105 3295.189539
195.027770 -791.237084
-2875.514682 1917.303592
1004.908530 -8.330238
-2298.525371 -551.354613
501.165895 -4.289211
-1371.237237 -1873.946743
-3700.038363 1344.280929
-2748.424792 1115.418490
-3738.681810 2279.310228
-5861.448413 -462.689173
-5069.639536 -4436.742328
-4795.734254 -1042.291172
-2114.802081 -2665.038503
-3682.102163 733.415707
-2172.740621 -5996.350619
-930.568192 -4342.936100
-217.961087 -5312.320691
-1444.800556 -3783.558202
-1722.860517 -469.739475
196.200988 -4299.075308
1351.426299 -415.869403
4662.021373 -2991.701919
5538.394643 -3263.577265
3240.074068 1264.630170
2097.277333 435.092185
9173.037299 7960.338095
7160.278293 720.300299
4345.816378 -340.642074
6021.266051 -1531.308679
2360.276072 -2827.879654
404.296238 2610.193858
7.184236 -570.663954
-2639.624233 1549.871529
-300.471227 -473.361377
-2595.778576 -653.575618
146.676356 -675.188570
-1374.872856 -1727.760084
-3718.701273 1605.056211
-2428.846142 1477.064408
-2823.130120 1560.980860
-5114.215016 -1252.481028
-4393.362448 -4332.829294
-4025.941078 -618.766696
-3048.410961 -2336.134885
-4230.513302 551.834400
-1790.322372 -5024.724000
-436.626878 -3565.118098
-129.454061 -4598.889275
-1460.808156 -3458.762876
-993.917857 -418.236515
709.706432 -3332.291590
1173.447426 142.235490
4276.991476 -2762.371406
4224.139552 -2798.246860
2218.598640 348.113172
2497.842535 -10.130987
7844.142629 6535.320235
5391.730977 418.207707
4087.003144 -231.809004
5393.808412 -1350.349820
2573.135078 -2346.413194
980.753624 2307.113242
113.869684 -567.615140
-1965.394547 1675.131177
332.417687 -4.731675
-1776.038601 -824.793219
180.018753 -689.712157
-1374.514193 -1444.450683
-3417.369977 1302.794285
-2042.050277 1286.259399
-2775.981368 1072.657276
-4089.441573 -1029.053811
-3973.972832 -3389.861430
-3282.635957 -503.746541
-2468.211053 -1925.140665
-3386.603343 47.812195
-1676.677210 -4041.939124
-502.749235 -2761.831999
-716.878341 -3592.475277
-1284.047769 -2906.827891
-1026.756323 -629.864571
718.044949 -3210.093779
345.396128 373.554104
2765.026362 -1743.272142
3704.323470 -2338.652908
1713.658922 -115.325896
1227.963124 -66.158304
6645.087174 6173.544114
4415.038354 1099.047152
3235.472613 -896.658741
4822.417732 -1329.684924
2700.549194 -2853.537454
302.513640 2352.727746
-548.698047 -571.710169
-2034.839409 1660.404961
1132.667272 -120.704488
-1256.874143 -826.971277
708.629711 -974.883771
-1226.148396 -1432.652272
-2827.939439 1069.327593
-1227.368084 1510.954684
-1838.265724 1593.169574
-3759.441774 -258.444150
-3310.601036 -2971.944686
-2556.644676 -490.993536
-1245.055447 -1697.719863
-2420.122828 430.138770
-1753.055681 -3756.778025
-1004.862466 -2232.887140
-585.072693 -3191.479991
-1178.077402 -2540.232460
-1128.316106 -954.446606
339.314541 -3151.193029
26.791475 122.019181
2558.475941 -1473.793133
3677.464617 -2175.754751
1785.539675 -100.393549
765.133017 -258.442251
6057.554467 5709.931401
3993.811327 978.313527
3067.599217 -788.372645
