0 0.000000 0.000000 0.000000 0.000000 0.000000 0.000000 1
1 1500.000000 0.000000 0.000000 0.000000 0.000000 0.000000 1
2 3000.000000 0.000000 0.000000 0.000000 0.000000 0.000000 1
3 4500.000000 0.000000 0.000000 0.000000 0.000000 0.000000 1
4 6000.000000 0.000000 0.000000 0.000000 0.000000 0.000000 1
5 7500.000000 0.000000 0.000000 0.000000 0.000000 0.000000 1
6 9000.000000 0.000000 0.000000 0.000000 0.000000 0.000000 1
7 10500.000000 0.000000 0.000000 0.000000 0.000000 0.000000 1
8 12000.000000 0.000000 0.000000 0.000000 0.000000 0.000000 1
9 13500.000000 0.000000 0.000000 0.000000 0.000000 0.000000 1
10 15000.000000 0.000000 0.000000 0.000000 0.000000 0.000000 1
11 16500.000000 0.000000 0.000000 0.000000 0.000000 0.000000 1
12 18000.000000 0.000000 0.000000 0.000000 0.000000 0.000000 1
13 19500.000000 0.000000 0.000000 0.000000 0.000000 0.000000 1
14 21000.000000 0.000000 0.000000 0.000000 0.000000 0.000000 1
15 22500.000000 0.000000 0.000000 0.000000 0.000000 0.000000 1
16 24000.000000 0.000000 0.000000 0.000000 0.000000 0.000000 1
17 25500.000000 0.000000 0.000000 0.000000 0.000000 0.000000 1
18 27000.000000 0.000000 0.000000 0.000000 0.000000 0.000000 1
19 28500.000000 0.000000 0.000000 0.000000 0.000000 0.000000 1
20 30000.000000 0.000000 0.000000 0.000000 0.000000 0.000000 1
21 31500.000000 0.000000 0.000000 0.000000 0.000000 0.000000 1
22 33000.000000 0.000000 0.000000 0.000000 0.000000 0.000000 1
23 34500.000000 0.000000 0.000000 0.000000 0.000000 0.000000 1
24 36000.000000 0.000000 0.000000 0.000000 0.000000 0.000000 1
25 37500.000000 0.000000 0.000000 0.000000 0.000000 0.000000 1
26 39000.000000 0.000000 0.000000 0.000000 0.000000 0.000000 1
27 40500.000000 0.000000 0.000000 0.000000 0.000000 0.000000 1
28 42000.000000 0.000000 0.000000 0.000000 0.000000 0.000000 1
29 43500.000000 0.000000 0.000000 0.000000 0.000000 0.000000 1
30 45000.000000 0.000000 0.000000 0.000000 0.000000 0.000000 1
0 0.000000 0.000000 0.000000 0.000000 0.000000 0.000000 1
1 1500.000000 0.000000 0.000000 0.000000 0.000000 0.000000 1
2 3000.000000 0.000000 0.000000 0.000000 0.000000 0.000000 1
3 4500.000000 0.000000 0.000000 0.000000 0.000000 0.000000 1
4 6000.000000 0.000000 0.000000 0.000000 0.000000 0.000000 1
5 7500.000000 0.000000 0.000000 0.000000 0.000000 0.000000 1
6 9000.000000 0.000000 0.000000 0.000000 0.000000 0.000000 1
7 10500.000000 0.000000 0.000000 0.000000 0.000000 0.000000 1
8 12000.000000 0.000000 0.000000 0.000000 0.000000 0.000000 1
9 13500.000000 0.000000 0.000000 0.000000 0.000000 0.000000 1
10 15000.000000 0.000000 0.000000 0.000000 0.000000 0.000000 1
11 16500.000000 0.000000 0.000000 0.000000 0.000000 0.000000 1
12 18000.000000 0.000000 0.000000 0.000000 0.000000 0.000000 1
13 19500.000000 0.000000 0.000000 0.000000 0.000000 0.000000 1
14 21000.000000 0.000000 0.000000 0.000000 0.000000 0.000000 1
15 22500.000000 0.000000 0.000000 0.000000 0.000000 0.000000 1
16 24000.000000 0.000000 0.000000 0.000000 0.000000 0.000000 1
17 25500.000000 0.000000 0.000000 0.000000 0.000000 0.000000 1
18 27000.000000 0.000000 0.000000 0.000000 0.000000 0.000000 1
19 28500.000000 0.000000 0.000000 0.000000 0.000000 0.000000 1
20 30000.000000 0.000000 0.000000 0.000000 0.000000 0.000000 1
21 31500.000000 0.000000 0.000000 0.000000 0.000000 0.000000 1
22 33000.000000 0.000000 0.000000 0.000000 0.000000 0.000000 1
23 34500.000000 0.000000 0.000000 0.000000 0.000000 0.000000 1
24 36000.000000 0.000000 0.000000 0.000000 0.000000 0.000000 1
25 37500.000000 0.000000 0.000000 0.000000 0.000000 0.000000 1
26 39000.000000 0.000000 0.000000 0.000000 0.000000 0.000000 1
27 40500.000000 0.000000 0.000000 0.000000 0.000000 0.000000 1
28 42000.000000 0.000000 0.000000 0.000000 0.000000 0.000000 1
29 43500.000000 0.000000 0.000000 0.000000 0.000000 0.000000 1
30 45000.000000 0.000000 0.000000 0.000000 0.000000 0.000000 1
0 0.000000 0.000000 0.000000 0.000000 0.000000 0.000000 1
1 1500.000000 0.000000 0.000000 0.000000 0.000000 0.000000 1
2 3000.000000 0.000000 0.000000 0.000000 0.000000 0.000000 1
3 4500.000000 0.000000 0.000000 0.000000 0.000000 0.000000 1
4 6000.000000 0.000000 0.000000 0.000000 0.000000 0.000000 1
5 7500.000000 0.000000 0.000000 0.000000 0.000000 0.000000 1
6 9000.000000 0.000000 0.000000 0.000000 0.000000 0.000000 1
7 10500.000000 0.000000 0.000000 0.000000 0.000000 0.000000 1
8 12000.000000 0.000000 0.000000 0.000000 0.000000 0.000000 1
9 13500.000000 0.000000 0.000000 0.000000 0.000000 0.000000 1
10 15000.000000 0.000000 0.000000 0.000000 0.000000 0.000000 1
11 16500.000000 0.000000 0.000000 0.000000 0.000000 0.000000 1
12 18000.000000 0.000000 0.000000 0.000000 0.000000 0.000000 1
13 19500.000000 0.000000 0.000000 0.000000 0.000000 0.000000 1
14 21000.000000 0.000000 0.000000 0.000000 0.000000 0.000000 1
15 22500.000000 0.000000 0.000000 0.000000 0.000000 0.000000 1
16 24000.000000 0.000000 0.000000 0.000000 0.000000 0.000000 1
17 25500.000000 0.000000 0.000000 0.000000 0.000000 0.000000 1
18 27000.000000 0.000000 0.000000 0.000000 0.000000 0.000000 1
19 28500.000000 0.000000 0.000000 0.000000 0.000000 0.000000 1
20 30000.000000 0.000000 0.000000 0.000000 0.000000 0.000000 1
21 31500.000000 0.000000 0.000000 0.000000 0.000000 0.000000 1
22 33000.000000 0.000000 0.000000 0.000000 0.000000 0.000000 1
23 34500.000000 0.000000 0.000000 0.000000 0.000000 0.000000 1
24 36000.000000 0.000000 0.000000 0.000000 0.000000 0.000000 1
25 37500.000000 0.000000 0.000000 0.000000 0.000000 0.000000 1
26 39000.000000 0.000000 0.000000 0.000000 0.000000 0.000000 1
27 40500.000000 0.000000 0.000000 0.000000 0.000000 0.000000 1
28 42000.000000 0.000000 0.000000 0.000000 0.000000 0.000000 1
29 43500.000000 0.000000 0.000000 0.000000 0.000000 0.000000 1
30 45000.000000 0.000000 0.000000 0.000000 0.000000 0.000000 1
0 0.000000 0.000000 0.000000 0.000000 0.000000 0.000000 1
1 1500.000000 0.000000 0.000000 0.000000 0.000000 0.000000 1
2 3000.000000 0.000000 0.000000 0.000000 0.000000 0.000000 1
3 4500.000000 0.000000 0.000000 0.000000 0.000000 0.000000 1
4 6000.000000 0.000000 0.000000 0.000000 0.000000 0.000000 1
5 7500.000000 0.000000 0.000000 0.000000 0.000000 0.000000 1
6 9000.000000 0.000000 0.000000 0.000000 0.000000 0.000000 1
7 10500.000000 0.000000 0.000000 0.000000 0.000000 0.000000 1
8 12000.000000 0.000000 0.000000 0.000000 0.000000 0.000000 1
9 13500.000000 0.000000 0.000000 0.000000 0.000000 0.000000 1
10 15000.000000 0.000000 0.000000 0.000000 0.000000 0.000000 1
11 16500.000000 0.000000 0.000000 0.000000 0.000000 0.000000 1
12 18000.000000 0.000000 0.000000 0.000000 0.000000 0.000000 1
13 19500.000000 0.000000 0.000000 0.000000 0.000000 0.000000 1
14 21000.000000 0.000000 0.000000 0.000000 0.000000 0.000000 1
15 22500.000000 0.000000 0.000000 0.000000 0.000000 0.000000 1
16 24000.000000 0.000000 0.000000 0.000000 0.000000 0.000000 1
17 25500.000000 0.000000 0.000000 0.000000 0.000000 0.000000 1
18 27000.000000 0.000000 0.000000 0.000000 0.000000 0.000000 1
19 28500.000000 0.000000 0.000000 0.000000 0.000000 0.000000 1
20 30000.000000 0.000000 0.000000 0.000000 0.000000 0.000000 1
21 31500.000000 0.000000 0.000000 0.000000 0.000000 0.000000 1
22 33000.000000 0.000000 0.000000 0.000000 0.000000 0.000000 1
23 34500.000000 0.000000 0.000000 0.000000 0.000000 0.000000 1
24 36000.000000 0.000000 0.000000 0.000000 0.000000 0.000000 1
25 37500.000000 0.000000 0.000000 0.000000 0.000000 0.000000 1
26 39000.000000 0.000000 0.000000 0.000000 0.000000 0.000000 1
27 40500.000000 0.000000 0.000000 0.000000 0.000000 0.000000 1
28 42000.000000 0.000000 0.000000 0.000000 0.000000 0.000000 1
29 43500.000000 0.000000 0.000000 0.000000 0.000000 0.000000 1
30 45000.000000 0.000000 0.000000 0.000000 0.000000 0.000000 1
0 0.000000 0.000000 0.000000 0.000000 0.000000 0.000000 1
1 1500.000000 0.000000 0.000000 0.000000 0.000000 0.000000 1
2 3000.000000 0.000000 0.000000 0.000000 0.000000 0.000000 1
3 4500.000000 0.000000 0.000000 0.000000 0.000000 0.000000 1
4 6000.000000 0.000000 0.000000 0.000000 0.000000 0.000000 1
5 7500.000000 0.000000 0.000000 0.000000 0.000000 0.000000 1
6 9000.000000 0.000000 0.000000 0.000000 0.000000 0.000000 1
7 10500.000000 0.000000 0.000000 0.000000 0.000000 0.000000 1
8 12000.000000 0.000000 0.000000 0.000000 0.000000 0.000000 1
9 13500.000000 0.000000 0.000000 0.000000 0.000000 0.000000 1
10 15000.000000 0.000000 0.000000 0.000000 0.000000 0.000000 1
11 16500.000000 0.000000 0.000000 0.000000 0.000000 0.000000 1
12 18000.000000 0.000000 0.000000 0.000000 0.000000 0.000000 1
13 19500.000000 0.000000 0.000000 0.000000 0.000000 0.000000 1
14 21000.000000 0.000000 0.000000 0.000000 0.000000 0.000000 1
15 22500.000000 0.000000 0.000000 0.000000 0.000000 0.000000 1
16 24000.000000 0.000000 0.000000 0.000000 0.000000 0.000000 1
17 25500.000000 0.000000 0.000000 0.000000 0.000000 0.000000 1
18 27000.000000 0.000000 0.000000 0.000000 0.000000 0.000000 1
19 28500.000000 0.000000 0.000000 0.000000 0.000000 0.000000 1
20 30000.000000 0.000000 0.000000 0.000000 0.000000 0.000000 1
21 31500.000000 0.000000 0.000000 0.000000 0.000000 0.000000 1
22 33000.000000 16.473378 -43.098378 46.139380 -1.205704 -34.684954 0
23 34500.000000 -5.623709 -54.844220 55.131792 -1.672979 -53.379191 0
24 36000.000000 23.964291 -37.761166 44.723516 -1.005303 -27.076750 0
25 37500.000000 56.299330 -106.978709 120.888621 -1.086357 -80.738807 0
26 39000.000000 152.533767 -84.731353 174.487685 -0.507050 -26.428215 0
27 40500.000000 177.018361 -303.635572 351.468435 -1.042974 -223.172050 0
28 42000.000000 62.520992 -388.085712 393.089550 -1.411068 -342.154868 0
29 43500.000000 72.048280 -267.504699 277.037395 -1.307705 -225.781021 0
30 45000.000000 -101.301755 -512.445596 522.362455 -1.765963 -515.704052 0
0 0.000000 -53.007217 -602.944139 605.269692 -1.658485 -269.985051 0
1 1500.000000 -225.666857 -762.614489 795.302703 -1.858499 -489.100587 0
2 3000.000000 -140.221076 -503.943077 523.087541 -1.842180 -314.918169 0
3 4500.000000 98.026290 -531.988861 540.944823 -1.388576 -103.461828 0
4 6000.000000 252.158551 -408.034697 479.662641 -1.017259 85.340794 1
5 7500.000000 -118.157907 -682.675635 692.825601 -1.742179 -359.794951 0
6 9000.000000 92.973259 -397.238194 407.973295 -1.340886 -58.850632 0
7 10500.000000 -346.453416 -656.145824 741.995494 -2.056602 -562.544589 0
8 12000.000000 67.935843 113.722953 132.469576 1.032305 104.841445 1
9 13500.000000 112.170660 -446.478396 460.353359 -1.324656 -59.005032 0
10 15000.000000 287.595327 -139.138775 319.485009 -0.450604 216.725140 1
11 16500.000000 -168.650934 -555.197957 580.248145 -1.865706 -360.133202 0
12 18000.000000 248.785883 -251.175858 353.530377 -0.790178 139.606548 1
13 19500.000000 274.722581 -350.299541 445.176667 -0.905733 127.468452 1
14 21000.000000 213.053960 -224.741526 309.678451 -0.812088 116.027339 1
15 22500.000000 4.957846 -422.073697 422.102814 -1.559050 -149.849243 0
16 24000.000000 177.351615 -220.060915 282.631212 -0.892456 84.514608 1
17 25500.000000 294.029055 -747.411674 803.167041 -1.195996 0.107464 1
18 27000.000000 230.296913 -629.970520 670.745499 -1.220321 -16.224490 0
19 28500.000000 232.249002 -875.833172 906.103384 -1.311587 -104.384338 0
20 30000.000000 -213.639260 -598.077311 635.089130 -1.913880 -417.692905 0
21 31500.000000 -62.900197 -944.430784 946.523080 -1.637299 -404.163071 0
22 33000.000000 21.416713 -166.955582 168.323623 -1.443215 -41.168461 0
23 34500.000000 -170.995302 -38.236769 175.218274 -2.921599 -173.126511 0
24 36000.000000 505.076557 135.508552 522.938711 0.262120 519.630239 1
25 37500.000000 -143.467541 -189.448557 237.641939 -2.218947 -202.846213 0
26 39000.000000 -492.068170 -1051.561547 1160.996456 -2.008469 -842.765328 0
27 40500.000000 463.020569 411.927083 619.735403 0.727068 581.650520 1
28 42000.000000 -318.146282 -416.547753 524.146055 -2.223052 -448.517214 0
29 43500.000000 -542.561049 -1117.820846 1242.536090 -2.022675 -914.003916 0
30 45000.000000 -419.449794 300.034342 515.711873 2.520669 -280.551058 0
0 0.000000 -498.524152 -34.789972 499.736603 -3.071920 -389.066096 0
1 1500.000000 -610.207645 -127.925953 623.472870 -2.934942 -534.283434 0
2 3000.000000 -136.720853 172.645874 220.225315 2.240588 17.234353 1
3 4500.000000 -586.292851 -212.084379 623.473408 -2.794499 -574.005147 0
4 6000.000000 -682.894868 -704.177977 980.924066 -2.340852 -979.566802 0
5 7500.000000 -285.860301 195.640443 346.397597 2.541419 -76.436794 0
6 9000.000000 14.765579 362.874539 363.174824 1.530128 257.674894 1
7 10500.000000 -808.546758 357.155296 883.916153 2.725642 -349.672881 0
8 12000.000000 -29.115541 -481.010000 481.890376 -1.631253 -348.556764 0
9 13500.000000 -196.075542 244.192472 313.170212 2.247336 22.400514 1
10 15000.000000 -571.357775 -638.057482 856.485294 -2.301100 -852.834566 0
11 16500.000000 -790.988333 -907.830162 1204.083944 -2.287524 -1197.333524 0
12 18000.000000 59.491982 -253.653840 260.537073 -1.340420 -128.947430 0
13 19500.000000 376.502117 308.593924 486.810080 0.686599 485.888832 1
14 21000.000000 102.294024 -443.387898 455.035049 -1.344054 -226.645320 0
15 22500.000000 -165.484871 -583.959354 606.954504 -1.846940 -518.543630 0
16 24000.000000 -82.813431 -110.322143 137.945785 -2.214714 -135.747875 0
17 25500.000000 243.873588 -662.082224 705.568705 -1.217874 -271.643751 0
18 27000.000000 239.964457 -510.484433 564.072067 -1.131376 -171.381730 0
19 28500.000000 142.571949 -847.175546 859.088567 -1.404068 -471.807301 0
20 30000.000000 -331.740199 -553.661754 645.440080 -2.110609 -619.792052 0
21 31500.000000 -26.625693 -913.503742 913.891686 -1.599935 -640.943856 0
22 33000.000000 26.936567 -131.970449 134.691418 -1.369451 -70.031901 0
23 34500.000000 -189.253912 -52.684969 196.450373 -2.870085 -174.555987 0
24 36000.000000 571.733045 215.291946 610.924952 0.360138 565.515362 1
25 37500.000000 52.825427 126.937619 137.490672 1.176443 125.070781 1
26 39000.000000 -544.728012 -987.905338 1128.133664 -2.074711 -1071.306574 0
27 40500.000000 489.011301 387.522979 623.943997 0.670128 622.046840 1
28 42000.000000 -391.406547 -460.728192 604.540777 -2.275023 -600.305438 0
29 43500.000000 -563.060083 -1149.443565 1279.944205 -2.026295 -1194.632735 0
30 45000.000000 -402.259515 296.410071 499.671540 2.506553 -93.202616 0
0 0.000000 -490.399714 -37.598007 491.838886 -3.065074 -383.880856 0
1 1500.000000 -574.975328 -101.437386 583.854580 -2.966969 -489.258896 0
2 3000.000000 -99.002859 230.887712 251.218435 1.975875 85.379376 1
3 4500.000000 -642.382397 -96.970206 649.660192 -2.991770 -535.443888 0
4 6000.000000 -631.291220 -611.618899 878.980252 -2.372021 -878.842189 0
5 7500.000000 -267.045696 203.631379 335.826060 2.490118 -55.979650 0
6 9000.000000 -2.738603 376.894346 376.904295 1.578062 255.414495 1
7 10500.000000 -754.824202 398.819380 853.707487 2.655515 -278.955522 0
8 12000.000000 26.718230 -382.575350 383.507187 -1.501072 -241.779164 0
9 13500.000000 -221.404638 331.071465 398.281720 2.160241 64.398099 1
10 15000.000000 -573.879873 -564.969687 805.312893 -2.364018 -805.046399 0
11 16500.000000 -794.556138 -842.210935 1157.859541 -2.327088 -1155.587420 0
12 18000.000000 48.198104 -192.793743 198.727161 -1.325819 -96.470828 0
13 19500.000000 346.687345 356.564743 497.323366 0.799443 496.760183 1
14 21000.000000 134.264699 -345.012204 370.216734 -1.199670 -137.568951 0
15 22500.000000 -173.222508 -416.945747 451.497279 -1.964555 -411.296149 0
16 24000.000000 -145.413455 -16.929253 146.395603 -3.025693 -117.776599 0
17 25500.000000 201.894491 -547.783478 583.804869 -1.217678 -226.660874 0
18 27000.000000 229.690915 -394.388050 456.398785 -1.043420 -101.590126 0
19 28500.000000 52.922429 -741.724263 743.609888 -1.499566 -467.933782 0
20 30000.000000 -419.111823 -485.129155 641.096730 -2.283315 -637.469202 0
21 31500.000000 -14.070575 -848.559912 848.676561 -1.587377 -589.834984 0
22 33000.000000 39.127890 36.644356 53.607842 0.752634 53.607825 1
23 34500.000000 -183.334327 -22.533402 184.713913 -3.019297 -149.302650 0
24 36000.000000 653.017739 326.402327 730.048387 0.463517 699.911953 1
25 37500.000000 114.703908 253.969885 278.671292 1.146576 257.241720 1
26 39000.000000 -636.734124 -889.611806 1094.001604 -2.192011 -1072.684052 0
27 40500.000000 545.711602 372.623921 660.794778 0.599104 653.101376 1
28 42000.000000 -427.329640 -414.928607 595.631069 -2.370917 -595.525497 0
29 43500.000000 -591.973507 -1120.466531 1267.232370 -2.056848 -1197.660965 0
30 45000.000000 -324.404794 318.307266 454.486508 2.365681 -19.553939 0
0 0.000000 -461.264701 -19.865676 461.692289 -3.098551 -149.046365 0
1 1500.000000 -539.191155 -27.365518 539.885148 -3.090883 -178.202168 0
2 3000.000000 -17.393775 277.401043 277.945826 1.633417 261.256990 1
3 4500.000000 -816.304071 56.842251 818.280746 3.072071 -175.498415 0
4 6000.000000 -599.545745 -521.791548 794.809109 -2.425424 -669.598342 0
5 7500.000000 -202.798385 236.572453 311.598637 2.279476 169.835505 1
6 9000.000000 31.609966 392.106443 393.378510 1.490355 385.123044 1
7 10500.000000 -653.118533 484.485547 813.197432 2.503358 280.799653 1
8 12000.000000 83.463511 -331.378390 341.727662 -1.324061 -294.428104 0
9 13500.000000 -237.808082 424.858771 486.885674 2.081082 340.625167 1
10 15000.000000 -577.253874 -487.686540 755.685249 -2.440103 -630.593615 0
11 16500.000000 -805.920257 -747.443045 1099.171764 -2.393822 -944.261664 0
12 18000.000000 18.167295 -166.086427 167.077083 -1.461845 -154.235722 0
13 19500.000000 324.718743 394.172385 510.699649 0.881711 469.704207 1
14 21000.000000 173.419430 -287.611895 335.849521 -1.028201 -227.085514 0
15 22500.000000 -195.672781 -297.188831 355.821638 -2.153063 -340.285629 0
16 24000.000000 -214.758530 139.571702 256.127871 2.565287 73.395569 1
17 25500.000000 146.078105 -470.136616 492.308085 -1.269539 -409.917792 0
18 27000.000000 206.053119 -270.593737 340.115949 -0.919985 -201.560790 0
19 28500.000000 -8.104729 -525.849862 525.912316 -1.586208 -506.822299 0
20 30000.000000 -476.312148 -433.897344 644.313718 -2.402760 -550.538687 0
21 31500.000000 -23.838565 -812.476374 812.826018 -1.600129 -786.266332 0
22 33000.000000 33.342659 80.584924 87.210452 1.178486 86.715063 1
23 34500.000000 -193.892855 13.407077 194.355831 3.072556 -41.775879 0
24 36000.000000 692.419172 391.488867 795.429345 0.514584 570.748548 1
25 37500.000000 148.530816 339.016580 370.126526 1.157863 367.133446 1
26 39000.000000 -689.407013 -824.269658 1074.570844 -2.267333 -985.140881 0
27 40500.000000 580.643007 359.216662 682.775887 0.554022 508.285398 1
28 42000.000000 -133.286703 -68.155982 149.701647 -2.668907 -102.954375 0
29 43500.000000 -624.071281 -1097.591028 1262.604859 -2.087794 -1228.973349 0
30 45000.000000 -310.705641 297.156335 429.930091 2.378481 197.555467 1
0 0.000000 -471.875275 -19.418507 472.274659 -3.100464 -147.021887 0
1 1500.000000 -547.839172 -22.176415 548.287836 -3.101135 -170.335646 0
2 3000.000000 -34.086758 170.537094 173.910343 1.768075 154.838348 1
3 4500.000000 -867.800453 77.128714 871.221249 3.052947 -161.793194 0
4 6000.000000 -616.329876 -496.650040 791.532550 -2.463314 -645.551831 0
5 7500.000000 -198.356118 208.422140 287.723718 2.331454 146.619222 1
6 9000.000000 9.615857 354.978004 355.108220 1.543714 344.212703 1
7 10500.000000 -657.292875 478.315837 812.908337 2.512513 281.523101 1
8 12000.000000 65.074661 -376.408535 381.992273 -1.399605 -344.521945 0
9 13500.000000 -237.684922 400.271855 465.523018 2.106651 320.541162 1
10 15000.000000 -597.278773 -508.948606 784.710530 -2.435874 -652.205512 0
11 16500.000000 -807.967053 -768.349282 1114.975954 -2.381322 -959.128991 0
12 18000.000000 4.798971 -217.215256 217.268262 -1.548707 -207.722391 0
13 19500.000000 327.567125 364.353933 489.953069 0.838514 439.708033 1
14 21000.000000 181.081646 -352.627354 396.404608 -1.096390 -290.086893 0
15 22500.000000 -187.693219 -323.470077 373.980795 -2.096566 -362.323915 0
16 24000.000000 -212.832348 85.635409 229.414542 2.759053 24.523722 1
17 25500.000000 175.978418 -515.524891 544.733253 -1.241841 -448.232102 0
18 27000.000000 230.568629 -339.531778 410.418958 -0.974250 -264.026026 0
19 28500.000000 10.218323 -555.902499 555.996405 -1.552417 -532.169289 0
20 30000.000000 -464.815121 -471.037314 661.762230 -2.349546 -579.697268 0
21 31500.000000 -13.315348 -827.077414 827.184590 -1.586894 -799.522981 0
22 33000.000000 16.705871 63.125071 65.298244 1.312080 65.289115 1
23 34500.000000 -232.515180 24.287472 233.780217 3.037515 -39.864886 0
24 36000.000000 672.678910 345.393890 756.170520 0.474358 515.322297 1
25 37500.000000 136.962810 290.583293 321.243617 1.130340 316.879676 1
26 39000.000000 -710.694778 -824.593554 1088.596159 -2.282143 -986.798175 0
27 40500.000000 578.934734 305.844709 654.756758 0.486022 451.768391 1
28 42000.000000 -145.251616 -85.394976 168.494314 -2.610110 -121.680008 0
29 43500.000000 -638.317207 -1109.779974 1280.257961 -2.092762 -1241.550361 0
30 45000.000000 -304.615190 267.209663 405.205402 2.421516 174.291664 1
0 0.000000 -480.302275 -47.180741 482.614026 -3.043675 -251.254782 0
1 1500.000000 -582.954992 -40.935554 584.390487 -3.071487 -290.248476 0
2 3000.000000 -57.602133 237.352950 244.242561 1.808879 188.723002 1
3 4500.000000 -902.766955 63.116085 904.970616 3.071792 -335.546259 0
4 6000.000000 -635.105560 -504.818918 811.296008 -2.469995 -730.688658 0
5 7500.000000 -202.070055 185.175777 274.084614 2.399794 78.939169 1
6 9000.000000 -11.397241 321.448676 321.650662 1.606237 284.542528 1
7 10500.000000 -669.733177 480.761435 824.423487 2.518993 141.873078 1
8 12000.000000 56.184621 -424.118709 427.824019 -1.439089 -357.540177 0
9 13500.000000 -223.868431 358.444510 422.610389 2.129076 225.510128 1
10 15000.000000 -598.053662 -507.805491 784.560131 -2.437623 -717.273718 0
11 16500.000000 -820.760988 -764.154334 1121.418943 -2.391895 -1044.941182 0
12 18000.000000 27.420412 -257.199850 258.657384 -1.464586 -219.715614 0
13 19500.000000 342.350169 337.993126 481.085223 0.778994 453.199102 1
14 21000.000000 187.498215 -379.377856 423.182158 -1.111779 -260.171028 0
15 22500.000000 -175.263673 -348.883380 390.431771 -2.036327 -390.382544 0
16 24000.000000 -197.388311 -58.862183 205.977916 -2.851783 -138.806244 0
17 25500.000000 188.535454 -531.930343 564.354062 -1.230175 -397.108805 0
18 27000.000000 256.075826 -360.166972 441.922025 -0.952731 -213.062400 0
19 28500.000000 24.589857 -569.326795 569.857579 -1.527632 -502.047127 0
20 30000.000000 -450.343109 -468.093129 649.553765 -2.336871 -617.306269 0
21 31500.000000 5.876524 -838.682468 838.703056 -1.563790 -752.762340 0
22 33000.000000 17.475389 59.282836 61.804885 1.284135 60.985757 1
23 34500.000000 -224.764822 4.617315 224.812243 3.121053 -93.535900 0
24 36000.000000 680.797550 327.309194 755.391695 0.448148 590.683649 1
25 37500.000000 145.631577 273.224155 309.612653 1.081090 309.364303 1
26 39000.000000 -726.709279 -793.383748 1075.901551 -2.312360 -1030.385495 0
27 40500.000000 594.181199 272.250034 653.583490 0.429647 503.449543 1
28 42000.000000 -151.609453 -78.614423 170.779547 -2.663229 -136.697266 0
29 43500.000000 -636.599511 -1075.754898 1250.003015 -2.105142 -1245.522367 0
30 45000.000000 -292.067980 271.235203 398.587808 2.393161 117.326515 1
0 0.000000 -477.296017 -34.351956 478.530610 -3.069745 -167.571226 0
1 1500.000000 -590.109188 -30.455151 590.894551 -3.090029 -195.649789 0
2 3000.000000 -49.125735 229.375284 234.576978 1.781781 206.208506 1
3 4500.000000 -914.324126 72.679190 917.208195 3.062270 -188.141962 0
4 6000.000000 -623.805781 -485.024593 790.178783 -2.480707 -641.269280 0
5 7500.000000 -192.845552 188.626816 269.758193 2.367253 126.580342 1
6 9000.000000 -8.632996 315.545758 315.663830 1.598148 300.301171 1
7 10500.000000 -658.234357 509.915270 832.638008 2.482488 303.570312 1
8 12000.000000 62.589142 -421.230955 425.855514 -1.423289 -386.478529 0
9 13500.000000 -208.577726 358.205233 414.506522 2.098089 284.837601 1
10 15000.000000 -604.943637 -495.457043 781.942764 -2.455365 -645.958448 0
11 16500.000000 -777.455326 -695.860027 1043.387732 -2.411520 -886.880140 0
12 18000.000000 27.532278 -259.870536 261.324935 -1.465244 -241.555877 0
13 19500.000000 349.458824 351.695532 495.793522 0.788588 435.977568 1
14 21000.000000 199.667531 -381.307751 430.421565 -1.088417 -309.515237 0
15 22500.000000 -165.409190 -308.439570 349.993097 -2.063043 -342.569315 0
16 24000.000000 -221.185094 78.941023 234.850018 2.798784 13.354596 1
17 25500.000000 173.237617 -516.570577 544.845330 -1.247222 -446.741120 0
18 27000.000000 269.473718 -353.870064 444.792207 -0.919973 -263.503667 0
19 28500.000000 25.862637 -542.095351 542.711936 -1.523124 -512.794487 0
20 30000.000000 -433.162755 -448.585123 623.585267 -2.338706 -552.541236 0
21 31500.000000 11.970172 -834.998973 835.084768 -1.556462 -797.725645 0
22 33000.000000 39.550797 69.333590 79.821127 1.052394 77.673626 1
23 34500.000000 -207.416049 20.370117 208.413913 3.043698 -38.955244 0
24 36000.000000 712.747395 313.386144 778.601133 0.414245 501.683184 1
25 37500.000000 185.055186 275.424901 331.819677 0.979186 316.435742 1
26 39000.000000 -751.720774 -766.933307 1073.904474 -2.346178 -947.810130 0
27 40500.000000 631.443879 228.163782 671.401582 0.346738 396.990106 1
28 42000.000000 -124.636052 -109.259049 165.745845 -2.421843 -139.975238 0
29 43500.000000 -637.619443 -1081.315154 1255.309132 -2.103586 -1217.248960 0
30 45000.000000 -240.814554 255.065855 350.785177 2.327463 176.793345 1
0 0.000000 -440.415952 -49.801736 443.222769 -3.028992 -262.447528 0
1 1500.000000 -554.889657 -30.565288 555.730841 -3.086565 -302.753748 0
2 3000.000000 -28.824353 201.142920 203.197730 1.713130 160.095308 1
3 4500.000000 -898.124537 79.653492 901.649800 3.053135 -378.039844 0
4 6000.000000 -592.825796 -502.373803 777.059755 -2.438597 -730.825090 0
5 7500.000000 -158.908921 172.505351 234.542408 2.315192 70.497713 1
6 9000.000000 22.082037 281.657706 282.521998 1.492556 255.266507 1
7 10500.000000 -612.613737 486.674381 782.398584 2.470262 117.095327 1
8 12000.000000 58.078856 -424.099316 428.057687 -1.434697 -338.894640 0
9 13500.000000 -197.871069 383.222201 431.291335 2.047426 233.849216 1
10 15000.000000 -582.603882 -486.104916 758.765625 -2.446245 -711.626714 0
11 16500.000000 -765.345189 -693.829618 1033.030879 -2.405166 -982.755718 0
12 18000.000000 32.766035 -269.025708 271.013735 -1.449598 -217.005679 0
13 19500.000000 373.352632 328.916302 497.572228 0.722207 471.128463 1
14 21000.000000 227.167964 -400.358213 460.317263 -1.054683 -234.125642 0
15 22500.000000 -162.309070 -270.773362 315.693598 -2.110795 -315.637251 0
16 24000.000000 -204.949083 111.861380 233.488961 2.641979 -5.017534 0
17 25500.000000 178.098818 -515.853286 545.732354 -1.238359 -358.719536 0
18 27000.000000 305.729187 -355.265758 468.704699 -0.860201 -155.907522 0
19 28500.000000 27.172702 -527.305287 528.004944 -1.519311 -443.788332 0
20 30000.000000 -424.323874 -457.843309 624.236531 -2.318216 -608.318405 0
21 31500.000000 26.715066 -852.820803 853.239132 -1.539481 -726.325935 0
22 33000.000000 91.800162 72.074684 116.713451 0.665605 108.209845 1
23 34500.000000 -167.530129 -0.987785 167.533041 -3.135697 -84.259613 0
24 36000.000000 764.940216 297.475229 820.746640 0.370890 638.807918 1
25 37500.000000 251.283002 266.886194 366.567030 0.815501 356.560670 1
26 39000.000000 -772.647491 -752.484749 1078.525587 -2.369414 -1037.260909 0
27 40500.000000 672.087887 176.113760 694.779235 0.256278 487.329325 1
28 42000.000000 -445.949702 -422.086023 614.025852 -2.383679 -588.073359 0
29 43500.000000 -644.547823 -1096.266044 1271.707960 -2.102307 -1271.639104 0
30 45000.000000 -184.250357 251.222700 311.546207 2.203598 126.150950 1
0 0.000000 -396.872402 -58.309161 401.132973 -2.995715 -195.599337 0
1 1500.000000 -510.402865 -31.313606 511.362520 -3.080319 -210.730950 0
2 3000.000000 40.801243 202.949599 207.010340 1.372400 204.195949 1
3 4500.000000 -875.605403 96.673276 880.925959 3.031631 -220.946310 0
4 6000.000000 -558.178424 -500.399770 749.641970 -2.410722 -666.155034 0
5 7500.000000 -111.260865 171.336078 204.291536 2.146730 120.585347 1
6 9000.000000 44.541709 273.985742 277.582692 1.409637 271.920799 1
7 10500.000000 -558.085882 491.492029 743.656014 2.419558 260.964521 1
8 12000.000000 63.790102 -399.601550 404.661063 -1.412498 -350.814370 0
9 13500.000000 -164.387530 418.176219 449.326841 1.945345 332.410123 1
10 15000.000000 -570.322297 -463.406864 734.856071 -2.459255 -635.896559 0
11 16500.000000 -796.113983 -699.212749 1059.573472 -2.420907 -936.571669 0
12 18000.000000 26.333000 -266.593593 267.890968 -1.472340 -239.813574 0
13 19500.000000 386.254775 329.341745 507.600962 0.706033 445.149158 1
14 21000.000000 232.946835 -376.629102 442.847274 -1.016881 -269.202635 0
15 22500.000000 -175.215520 -203.831958 268.789779 -2.280842 -252.808884 0
16 24000.000000 -206.851216 158.291851 260.468301 2.488406 74.408185 1
17 25500.000000 160.504050 -486.131836 511.943075 -1.251899 -397.306558 0
18 27000.000000 319.979197 -321.424503 453.542057 -0.787652 -186.662261 0
19 28500.000000 10.740578 -464.517192 464.641347 -1.547678 -430.349419 0
20 30000.000000 -440.557204 -448.999638 629.040003 -2.346704 -576.295324 0
21 31500.000000 14.069149 -841.693842 841.811419 -1.554083 -781.699868 0
22 33000.000000 119.374570 88.858736 148.815869 0.639888 125.494327 1
23 34500.000000 -138.636804 6.537676 138.790867 3.094471 -43.178920 0
24 36000.000000 812.557370 294.158096 864.163448 0.347338 563.827327 1
25 37500.000000 304.535619 279.552526 413.390322 0.742651 369.559352 1
26 39000.000000 -796.882479 -728.627172 1079.777404 -2.400907 -964.337527 0
27 40500.000000 716.827685 149.184497 732.187097 0.205189 394.290847 1
28 42000.000000 -437.194846 -406.830787 597.202330 -2.392154 -535.686153 0
29 43500.000000 -685.409852 -1097.232573 1293.717892 -2.129159 -1269.228339 0
30 45000.000000 -160.255272 249.059978 296.163173 2.142546 175.812213 1
0 0.000000 -376.790927 -67.128277 382.723932 -2.965285 -212.385782 0
1 1500.000000 -470.529699 -14.262573 470.745811 -3.111290 -201.477934 0
2 3000.000000 101.521119 205.274336 229.006748 1.111508 228.750452 1
3 4500.000000 -857.867878 139.934488 869.205935 2.979898 -215.279432 0
4 6000.000000 -524.482021 -480.974926 711.630712 -2.399438 -650.745121 0
5 7500.000000 -66.872479 176.138292 188.405484 1.933645 134.624279 1
6 9000.000000 84.461504 259.879420 273.260056 1.256562 271.955882 1
7 10500.000000 -498.961169 499.730553 706.181899 2.355424 258.126186 1
8 12000.000000 74.938645 -365.353338 372.959599 -1.368489 -304.778333 0
9 13500.000000 -138.415866 445.759321 466.755101 1.871874 353.039510 1
10 15000.000000 -563.208773 -437.956029 713.449091 -2.480655 -626.832406 0
11 16500.000000 -810.925494 -656.949316 1043.639095 -2.460710 -926.693364 0
12 18000.000000 4.137224 -236.810428 236.846566 -1.553327 -215.340469 0
13 19500.000000 392.422051 331.855452 513.929087 0.701969 461.222880 1
14 21000.000000 233.222533 -348.421785 419.273765 -0.980926 -225.883645 0
15 22500.000000 -177.961190 -129.125477 219.871721 -2.513903 -189.580777 0
16 24000.000000 -205.998504 210.297140 294.381166 2.345869 110.216542 1
17 25500.000000 138.027541 -452.516318 473.098954 -1.274738 -359.386658 0
18 27000.000000 316.242736 -261.131989 410.121181 -0.690236 -112.654364 0
19 28500.000000 -14.801145 -458.001646 458.240746 -1.603102 -425.608436 0
20 30000.000000 -465.243882 -421.567750 627.830581 -2.405405 -572.588364 0
21 31500.000000 2.321988 -816.735448 816.738748 -1.567953 -747.471459 0
22 33000.000000 146.450034 105.489544 180.487274 0.624228 155.304762 1
23 34500.000000 -104.644010 5.263493 104.776300 3.091336 -37.078261 0
24 36000.000000 855.659089 300.234953 906.804005 0.337460 617.736552 1
25 37500.000000 347.932610 294.620913 455.915106 0.702619 409.289279 1
26 39000.000000 -809.508353 -707.938654 1075.398025 -2.423029 -972.849102 0
27 40500.000000 749.476539 123.002284 759.502893 0.162667 412.815069 1
28 42000.000000 -435.768664 -403.111140 593.626920 -2.395105 -543.873557 0
29 43500.000000 -706.026122 -1086.273157 1295.554807 -2.147138 -1278.093126 0
30 45000.000000 -142.801399 247.278347 285.550031 2.094502 169.408898 1
0 0.000000 -358.650943 -75.413946 366.493877 -2.934341 -224.644596 0
1 1500.000000 -430.169185 -13.324747 430.375506 -3.110627 -200.077183 0
2 3000.000000 154.073157 198.604650 251.360985 0.911000 245.981896 1
3 4500.000000 -826.315747 163.212425 842.280244 2.946585 -214.527861 0
4 6000.000000 -496.951672 -467.594722 682.353126 -2.386621 -637.820174 0
5 7500.000000 -39.296746 159.143286 163.923213 1.812881 125.940807 1
6 9000.000000 109.593265 235.052005 259.345578 1.134510 259.311301 1
7 10500.000000 -451.760036 478.231375 657.869576 2.327738 232.556930 1
8 12000.000000 76.580650 -362.823436 370.817261 -1.362781 -292.815409 0
9 13500.000000 -113.962206 455.713185 469.746624 1.815845 360.009357 1
10 15000.000000 -550.975095 -416.664845 690.784444 -2.494115 -615.639055 0
11 16500.000000 -828.905762 -632.465572 1042.639661 -2.489815 -931.243375 0
12 18000.000000 -21.247789 -238.169882 239.115791 -1.659774 -223.485801 0
13 19500.000000 391.305149 329.543895 511.584693 0.699928 467.471398 1
14 21000.000000 234.759874 -326.354745 402.019425 -0.947208 -190.853053 0
15 22500.000000 -183.698413 -88.043309 203.707465 -2.694657 -159.503741 0
16 24000.000000 -196.495354 226.871214 300.134922 2.284569 118.115151 1
17 25500.000000 124.067363 -412.617668 430.866627 -1.278713 -316.833412 0
18 27000.000000 316.749017 -224.889901 388.465452 -0.617402 -63.751735 0
19 28500.000000 -32.092455 -428.912667 430.111615 -1.645480 -399.769816 0
20 30000.000000 -494.071027 -386.715525 627.419379 -2.477482 -563.822907 0
21 31500.000000 -28.020323 -781.656588 782.158654 -1.606628 -715.225071 0
22 33000.000000 167.939980 135.202412 215.600392 0.677821 195.025232 1
23 34500.000000 -89.008950 22.658434 91.847689 2.892324 -18.542053 0
24 36000.000000 884.571403 328.633482 943.645343 0.355714 682.335894 1
25 37500.000000 399.246877 311.363777 506.305709 0.662350 454.593900 1
26 39000.000000 -836.672070 -672.982281 1073.743593 -2.464201 -971.077427 0
27 40500.000000 767.171227 133.557536 778.710028 0.172363 455.562947 1
28 42000.000000 -428.841506 -384.043102 575.668430 -2.411249 -532.897545 0
29 43500.000000 -748.057053 -1061.752286 1298.809944 -2.184569 -1281.965468 0
30 45000.000000 -135.116064 264.446361 296.965030 2.043157 178.746305 1
0 0.000000 -351.549275 -70.140515 358.478151 -2.944660 -172.550378 0
1 1500.000000 -416.974116 10.061343 417.095485 3.117468 -115.718516 0
2 3000.000000 188.576889 192.385138 269.394291 0.795394 240.165101 1
3 4500.000000 -797.076294 169.964219 814.995984 2.931505 -77.441234 0
4 6000.000000 -489.867581 -446.711010 662.963780 -2.402241 -573.281779 0
5 7500.000000 -16.906920 175.420518 176.233373 1.666879 162.229944 1
6 9000.000000 124.734169 215.007387 248.569486 1.045109 242.554669 1
7 10500.000000 -421.513697 483.349857 641.327436 2.287963 334.326152 1
8 12000.000000 52.538746 -350.586101 354.500964 -1.422044 -318.589276 0
9 13500.000000 -88.906865 462.196728 470.669997 1.760832 414.110438 1
10 15000.000000 -546.375412 -392.737162 672.880799 -2.518357 -538.785579 0
11 16500.000000 -790.702260 -560.708369 969.331697 -2.524767 -772.420112 0
12 18000.000000 -31.308077 -226.425234 228.579488 -1.708196 -225.367003 0
13 19500.000000 410.957919 324.959321 523.913134 0.669067 433.443516 1
14 21000.000000 214.403026 -307.242108 374.655002 -0.961528 -228.603367 0
15 22500.000000 -238.297471 -15.112289 238.776183 -3.078260 -86.030065 0
16 24000.000000 -196.487557 248.922415 317.127307 2.239011 178.363922 1
17 25500.000000 113.783288 -391.194315 407.405975 -1.287745 -338.914179 0
18 27000.000000 310.128213 -196.143886 366.949496 -0.563946 -93.872444 0
19 28500.000000 -47.331337 -374.692735 377.670361 -1.696451 -371.595806 0
20 30000.000000 -487.830227 -338.179795 593.585633 -2.535423 -469.155536 0
21 31500.000000 -46.925370 -734.421097 735.918703 -1.634604 -714.572360 0
22 33000.000000 204.101286 161.365827 260.185059 0.668993 215.245379 1
23 34500.000000 -37.230668 114.827505 120.712379 1.884333 98.330103 1
24 36000.000000 911.964807 329.525106 969.673453 0.346737 588.367639 1
25 37500.000000 416.773189 355.904130 548.058063 0.706784 464.705468 1
26 39000.000000 -1056.149685 -764.737226 1303.946005 -2.514888 -1046.792838 0
27 40500.000000 794.381764 129.271733 804.831391 0.161318 362.034077 1
28 42000.000000 -13.621182 -137.729207 138.401124 -1.669374 -135.455778 0
29 43500.000000 -794.047715 -1021.423807 1293.761326 -2.231600 -1212.842661 0
30 45000.000000 -112.904720 283.433404 305.093379 1.949877 236.398962 1
0 0.000000 -332.672449 -62.152507 338.428563 -2.956894 -178.769867 0
1 1500.000000 -393.471853 28.257769 394.485235 3.069899 -116.626857 0
2 3000.000000 229.477996 181.886002 292.818491 0.670217 252.829650 1
3 4500.000000 -760.192135 192.373136 784.155282 2.893737 -96.960477 0
4 6000.000000 -490.188639 -422.644295 647.234967 -2.430054 -571.855911 0
5 7500.000000 210.474432 306.627776 371.914076 0.969245 362.143178 1
6 9000.000000 126.169527 105.833944 164.680215 0.697970 144.441091 1
7 10500.000000 -375.965571 480.269613 609.925415 2.234975 310.857886 1
8 12000.000000 10.672670 -363.011103 363.167959 -1.541404 -334.327902 0
9 13500.000000 -57.335272 437.354069 441.096266 1.701149 386.637624 1
10 15000.000000 -557.798351 -418.222667 697.172288 -2.498236 -592.299956 0
11 16500.000000 -801.495748 -544.093938 968.727850 -2.545204 -798.108638 0
12 18000.000000 -58.790441 -248.939118 255.787021 -1.802711 -253.287704 0
13 19500.000000 410.530627 312.968464 516.221517 0.651359 440.733729 1
14 21000.000000 192.586804 -308.881377 364.001898 -1.013278 -217.805144 0
15 22500.000000 -213.932817 -7.898161 214.078563 -3.104691 -85.083163 0
16 24000.000000 -199.160566 230.882081 304.912227 2.282564 142.747445 1
17 25500.000000 94.476432 -392.151231 403.371274 -1.334383 -331.029746 0
18 27000.000000 292.857969 -193.384352 350.946289 -0.583606 -73.770509 0
19 28500.000000 -57.819322 -352.388886 357.100827 -1.733425 -349.315608 0
20 30000.000000 -561.591862 -349.599672 661.517460 -2.584782 -529.744418 0
21 31500.000000 -91.153199 -710.016398 715.843692 -1.698480 -694.615975 0
22 33000.000000 224.612679 189.331028 293.763670 0.700371 257.998298 1
23 34500.000000 -19.729404 136.243982 137.665071 1.714606 119.766046 1
24 36000.000000 937.529357 319.795409 990.570744 0.328728 638.559986 1
25 37500.000000 425.147571 361.107287 557.807252 0.704128 490.893612 1
26 39000.000000 -1096.317147 -725.943273 1314.878292 -2.556713 -1074.644275 0
27 40500.000000 817.097146 139.831450 828.975621 0.169490 427.138860 1
28 42000.000000 -1.363343 -131.390057 131.397130 -1.581172 -122.907088 0
29 43500.000000 -848.677283 -995.099858 1307.852002 -2.276946 -1235.437619 0
30 45000.000000 -114.803601 308.495519 329.164627 1.927057 245.705351 1
0 0.000000 -326.096893 -53.427823 330.444725 -2.979195 -112.878635 0
1 1500.000000 -379.690951 49.915228 382.957894 3.010879 -21.244772 0
2 3000.000000 243.296978 187.830759 307.365928 0.657447 229.628155 1
3 4500.000000 -740.161414 207.228572 768.623835 2.868605 66.610370 1
4 6000.000000 -511.482416 -407.535831 653.987550 -2.468822 -495.187487 0
5 7500.000000 32.609989 195.259218 197.963566 1.405315 197.921008 1
6 9000.000000 158.683958 112.892663 194.744324 0.618357 140.320125 1
7 10500.000000 -353.656406 489.738911 604.083649 2.196222 415.795185 1
8 12000.000000 -30.146006 -347.079629 348.386352 -1.657435 -346.660503 0
9 13500.000000 -53.897851 444.796773 448.050385 1.691383 427.128162 1
10 15000.000000 -580.049852 -423.337571 718.103425 -2.511126 -523.410807 0
11 16500.000000 -841.326480 -504.429673 980.958481 -2.601493 -651.474446 0
12 18000.000000 -86.198067 -236.135649 251.376514 -1.920803 -248.012200 0
13 19500.000000 431.205360 285.022442 516.890564 0.584062 359.929436 1
14 21000.000000 156.936672 -307.384898 345.129823 -1.098741 -273.015019 0
15 22500.000000 -249.824985 20.097876 250.632097 3.061318 -26.502881 0
16 24000.000000 -211.025535 246.532519 324.515115 2.278749 203.200515 1
17 25500.000000 63.952151 -384.162089 389.448827 -1.405837 -365.680272 0
18 27000.000000 275.071538 -170.769731 323.769443 -0.555587 -116.889886 0
19 28500.000000 -89.143540 -328.383909 340.268368 -1.835870 -339.210971 0
20 30000.000000 -587.723163 -321.061359 669.700614 -2.641610 -424.323444 0
21 31500.000000 -129.447882 -673.977616 686.296277 -1.760551 -686.291983 0
22 33000.000000 252.078093 201.677278 322.826718 0.674777 244.861051 1
23 34500.000000 15.009139 154.685506 155.411968 1.474069 154.790079 1
24 36000.000000 948.314026 291.787482 992.189210 0.298498 462.316467 1
25 37500.000000 464.304612 361.574983 588.485548 0.661646 441.286596 1
26 39000.000000 -1123.768507 -685.942291 1316.576046 -2.593565 -882.141115 0
27 40500.000000 839.015383 99.724425 844.921164 0.118304 253.338010 1
28 42000.000000 12.401181 -137.402406 137.960902 -1.480786 -132.730953 0
29 43500.000000 -878.130349 -951.040717 1294.446350 -2.316356 -1097.178283 0
30 45000.000000 -130.259834 106.673508 168.365263 2.455416 80.712627 1
0 0.000000 -299.615775 -44.467487 302.897623 -2.994253 -109.988868 0
1 1500.000000 -341.948472 68.145170 348.672514 2.944885 -9.611446 0
2 3000.000000 284.790623 177.255440 335.447746 0.556732 236.154022 1
3 4500.000000 -699.528018 237.843091 738.856403 2.813850 76.310104 1
4 6000.000000 -494.078075 -399.143895 635.160604 -2.462080 -499.031195 0
5 7500.000000 65.224856 192.519750 203.268631 1.244138 202.204235 1
6 9000.000000 182.042511 90.700400 203.386426 0.462237 128.915386 1
7 10500.000000 -313.044782 475.484269 569.282290 2.153033 393.954123 1
8 12000.000000 -42.624244 -336.029009 338.721598 -1.696969 -337.092906 0
9 13500.000000 -21.096887 435.594401 436.104988 1.619191 419.993005 1
10 15000.000000 -542.240171 -370.838643 656.921382 -2.541753 -482.146178 0
11 16500.000000 -836.946848 -468.534824 959.168863 -2.631246 -642.938841 0
12 18000.000000 -88.873464 -230.710712 247.236578 -1.938493 -244.698200 0
13 19500.000000 445.077554 282.841303 527.345457 0.566105 374.743588 1
14 21000.000000 159.515290 -271.636417 315.010271 -1.039813 -229.356839 0
15 22500.000000 -400.426019 69.247265 406.369512 2.970352 -21.542460 0
16 24000.000000 -195.139579 264.696663 328.852215 2.206068 214.667988 1
17 25500.000000 74.259838 -355.663552 363.333299 -1.364961 -330.240484 0
18 27000.000000 298.899325 -155.200559 336.790766 -0.478921 -84.837855 0
19 28500.000000 -81.080873 -297.751252 308.593448 -1.836661 -308.326631 0
20 30000.000000 -580.301097 -293.291812 650.207237 -2.673624 -415.006314 0
21 31500.000000 -111.768954 -662.235491 671.601179 -1.737996 -670.507486 0
22 33000.000000 300.745644 200.546536 361.478706 0.588116 262.410219 1
23 34500.000000 50.215996 130.560565 139.884622 1.203620 138.458815 1
24 36000.000000 986.641260 245.230092 1016.660599 0.243614 458.519045 1
25 37500.000000 504.174683 334.693761 605.154546 0.586046 438.440710 1
26 39000.000000 -1122.087558 -671.956694 1307.901482 -2.602023 -904.681818 0
27 40500.000000 867.709877 60.696812 869.830175 0.069837 252.156836 1
28 42000.000000 21.971947 -163.653536 165.121913 -1.437335 -154.668253 0
29 43500.000000 -896.223244 -957.314956 1311.361136 -2.323247 -1132.660703 0
30 45000.000000 -116.802527 73.658584 138.088440 2.578959 45.836731 1
0 0.000000 -280.197054 -62.086810 286.993312 -2.923533 -133.307374 0
1 1500.000000 -300.455533 35.051727 302.493225 3.025456 -44.865877 0
2 3000.000000 312.323026 139.177398 341.929847 0.419206 216.121082 1
3 4500.000000 -658.052275 234.549268 698.603003 2.799201 54.007219 1
4 6000.000000 -464.135464 -405.363296 616.231393 -2.423685 -512.776680 0
5 7500.000000 291.378384 285.293675 407.791422 0.774847 351.650829 1
6 9000.000000 194.315594 75.080348 208.316127 0.368713 123.353627 1
7 10500.000000 -302.484661 435.112326 529.924245 2.178285 340.697466 1
8 12000.000000 -24.034860 -340.099719 340.947933 -1.641349 -334.522212 0
9 13500.000000 2.853521 418.583287 418.593013 1.563979 404.718259 1
10 15000.000000 -524.538686 -352.535444 631.998475 -2.549847 -477.613549 0
11 16500.000000 -824.432705 -486.019780 957.029002 -2.608914 -684.984959 0
12 18000.000000 -63.477974 -233.743431 242.209506 -1.835972 -242.209502 0
13 19500.000000 452.674612 275.843166 530.097874 0.547276 384.776219 1
14 21000.000000 190.612097 -277.281921 336.479175 -0.968556 -217.677958 0
15 22500.000000 -365.924229 52.396731 369.656542 2.999369 -45.273641 0
16 24000.000000 -163.005217 175.357883 239.418228 2.319704 126.542678 1
17 25500.000000 109.608430 -332.593135 350.188808 -1.252448 -292.274422 0
18 27000.000000 329.899623 -152.125059 363.284729 -0.432067 -60.408655 0
19 28500.000000 -63.453048 -290.819350 297.661189 -1.785617 -297.286418 0
20 30000.000000 -545.166479 -274.456690 610.354785 -2.675200 -407.663202 0
21 31500.000000 -82.694513 -674.691148 679.740044 -1.692755 -672.797196 0
22 33000.000000 321.058702 170.223451 363.393331 0.487510 248.371351 1
23 34500.000000 61.257654 109.543114 125.507745 1.060909 121.763383 1
24 36000.000000 992.408107 208.995475 1014.176000 0.207561 461.626721 1
25 37500.000000 524.119729 293.060388 600.488036 0.509839 420.104988 1
26 39000.000000 -1120.713771 -665.956717 1303.647846 -2.605430 -936.241059 0
27 40500.000000 817.763028 22.267270 818.066135 0.027223 235.674788 1
28 42000.000000 -433.360439 -284.314941 518.301318 -2.560962 -387.893569 0
29 43500.000000 -919.009192 -934.741904 1310.847177 -2.347708 -1142.813604 0
30 45000.000000 -147.564951 52.503268 156.626971 2.799762 12.020865 1
0 0.000000 -271.096957 -62.878816 278.293560 -2.913680 -182.765663 0
1 1500.000000 -428.357122 -74.225874 434.740502 -2.970016 -266.597566 0
2 3000.000000 301.793639 112.451831 322.063371 0.356675 240.946793 1
3 4500.000000 -639.872045 266.265984 693.061187 2.747264 -65.219476 0
4 6000.000000 -451.731997 -409.406737 609.652092 -2.405305 -573.535054 0
5 7500.000000 271.397219 243.601054 364.688805 0.731477 342.485108 1
6 9000.000000 212.431046 73.732997 224.863301 0.334081 164.814231 1
7 10500.000000 -309.951088 422.074594 523.656987 2.204207 227.213515 1
8 12000.000000 -21.543957 -306.123469 306.880629 -1.641057 -280.420315 0
9 13500.000000 14.615578 432.861350 433.108027 1.537044 389.078470 1
10 15000.000000 -499.693212 -342.128343 605.594839 -2.541225 -536.639255 0
11 16500.000000 -820.617357 -454.796862 938.218008 -2.635521 -786.756572 0
12 18000.000000 -58.410135 -193.441244 202.067461 -1.864044 -198.225117 0
13 19500.000000 449.076611 271.767341 524.906934 0.544212 450.752531 1
14 21000.000000 219.152575 -232.084444 319.203760 -0.814049 -102.069033 0
15 22500.000000 -355.499450 89.161219 366.510003 2.895856 -88.129228 0
16 24000.000000 -126.617221 222.607698 256.097848 2.087952 137.133873 1
17 25500.000000 127.491054 -304.381781 330.003390 -1.174144 -208.930593 0
18 27000.000000 351.507548 -114.802839 369.780000 -0.315680 63.613909 1
19 28500.000000 -64.099169 -258.947147 266.762681 -1.813456 -258.737343 0
20 30000.000000 -540.950386 -226.497807 586.454241 -2.745067 -453.901664 0
21 31500.000000 -67.586025 -675.040148 678.415118 -1.670585 -627.785858 0
22 33000.000000 346.693311 136.034384 372.426644 0.373917 282.844619 1
23 34500.000000 69.547954 69.652999 98.429966 0.786153 94.147267 1
24 36000.000000 999.749836 159.869382 1012.451458 0.158567 610.412840 1
25 37500.000000 534.401281 272.552549 599.891341 0.471627 491.494279 1
26 39000.000000 -1151.580701 -644.112488 1319.476794 -2.631615 -1109.265663 0
27 40500.000000 771.390401 -33.388939 772.112668 -0.043257 332.581008 1
28 42000.000000 -445.757333 -257.162352 514.618378 -2.618323 -436.298310 0
29 43500.000000 -948.533585 -888.887067 1299.936991 -2.388645 -1230.099476 0
30 45000.000000 -150.180506 51.552689 158.782443 2.810925 -24.968214 0
0 0.000000 -235.646707 -57.632138 242.591908 -2.901731 -136.775111 0
1 1500.000000 -169.412275 39.313672 173.914012 2.913569 -22.735501 0
2 3000.000000 329.154794 96.603003 343.037926 0.285472 206.123858 1
3 4500.000000 -601.648960 295.829075 670.444861 2.684609 65.502675 1
4 6000.000000 -417.766628 -367.842178 556.629880 -2.419658 -491.202317 0
5 7500.000000 270.613906 203.713755 338.719914 0.645280 285.826777 1
6 9000.000000 246.808970 70.999509 256.818219 0.280107 153.212753 1
7 10500.000000 -297.967377 429.499373 522.737285 2.177319 297.376349 1
8 12000.000000 -14.142957 -256.204315 256.594377 -1.625942 -244.830158 0
9 13500.000000 45.144849 445.903546 448.183032 1.469897 433.323176 1
10 15000.000000 -471.450910 -285.445461 551.130721 -2.597167 -432.929890 0
11 16500.000000 -820.057258 -372.471035 900.682285 -2.715250 -636.923705 0
12 18000.000000 -46.810847 -157.122648 163.947497 -1.860349 -163.550856 0
13 19500.000000 453.938722 273.930040 530.186788 0.542954 415.994326 1
14 21000.000000 224.095033 -179.326340 287.013101 -0.674878 -89.126291 0
15 22500.000000 -339.145102 141.155166 367.347494 2.747192 12.955138 1
16 24000.000000 -122.613912 270.737661 297.208769 1.996050 210.372184 1
17 25500.000000 127.815332 -256.559653 286.634985 -1.108598 -195.270600 0
18 27000.000000 362.320193 -71.270013 369.263235 -0.194225 60.616672 1
19 28500.000000 -65.288532 -199.001937 209.438209 -1.887811 -209.252527 0
20 30000.000000 -476.974229 -150.403392 500.125580 -2.836133 -308.444167 0
21 31500.000000 -66.384930 -641.443127 644.869168 -1.673922 -623.853096 0
22 33000.000000 388.614429 120.755257 406.943493 0.301274 249.632799 1
23 34500.000000 105.685188 -25.649932 108.753290 -0.238098 13.130223 1
24 36000.000000 1019.074942 135.443371 1028.036305 0.132134 484.963592 1
25 37500.000000 565.119846 253.418679 619.339541 0.421550 435.866885 1
26 39000.000000 -1181.171980 -605.872017 1327.496948 -2.667646 -982.350923 0
27 40500.000000 767.217090 -77.982560 771.170113 -0.101296 196.636182 1
28 42000.000000 -281.218599 -188.920314 338.784275 -2.550050 -275.704190 0
29 43500.000000 -946.574694 -838.178979 1264.336843 -2.416854 -1117.386798 0
30 45000.000000 -125.317915 53.327141 136.192378 2.739269 5.881235 1
0 0.000000 -196.074914 -49.635762 202.259934 -2.893654 -83.476150 0
1 1500.000000 -138.615023 23.018134 140.513199 2.977036 -1.818256 0
2 3000.000000 371.272733 84.683910 380.808097 0.224254 148.907686 1
3 4500.000000 -531.490845 319.594180 620.179779 2.600206 220.729563 1
4 6000.000000 -413.086139 -345.602994 538.592228 -2.444908 -413.110242 0
5 7500.000000 290.383342 197.103539 350.959101 0.596335 245.278717 1
6 9000.000000 297.332754 71.001651 305.692658 0.234406 122.385081 1
7 10500.000000 -260.019854 445.367102 515.715212 2.099243 392.459072 1
8 12000.000000 8.382434 -207.462296 207.631572 -1.530414 -202.722747 0
9 13500.000000 74.530243 440.220567 446.485055 1.403085 446.463680 1
10 15000.000000 -454.101566 -231.336832 509.632183 -2.670423 -307.881289 0
11 16500.000000 -798.142171 -347.160625 870.374302 -2.731315 -482.631333 0
12 18000.000000 -7.211302 -103.853923 104.103987 -1.640122 -103.495520 0
13 19500.000000 475.138075 284.084561 553.588501 0.538873 363.514625 1
14 21000.000000 249.449660 -151.677375 291.943760 -0.546316 -105.249920 0
15 22500.000000 -314.671599 164.139393 354.908376 2.660798 106.000145 1
16 24000.000000 -83.518048 324.523884 335.098516 1.822686 304.678730 1
17 25500.000000 131.907791 -226.450505 262.067733 -1.043343 -199.602207 0
18 27000.000000 397.145554 -56.093115 401.087308 -0.140313 14.910714 1
19 28500.000000 -47.767671 -187.874874 193.852312 -1.819773 -193.357286 0
20 30000.000000 -353.684808 8.078595 353.777059 3.118755 -54.497161 0
21 31500.000000 -59.507890 -627.145480 629.962413 -1.665400 -627.799326 0
22 33000.000000 430.254948 112.828941 444.802979 0.256463 187.024796 1
23 34500.000000 90.143038 -20.833910 92.519290 -0.227132 -4.590357 0
24 36000.000000 1024.552194 123.066387 1031.916922 0.119545 302.034286 1
25 37500.000000 561.639713 235.453757 608.997240 0.396970 330.921149 1
26 39000.000000 -1218.592504 -566.921734 1344.011884 -2.706149 -773.177094 0
27 40500.000000 771.996287 -100.875592 778.559023 -0.129932 37.017845 1
28 42000.000000 -416.745043 -222.882755 472.602532 -2.650480 -292.964132 0
29 43500.000000 -943.002660 -810.375771 1243.367567 -2.431691 -964.146272 0
30 45000.000000 -115.032158 51.547462 126.053712 2.720309 30.426780 1
0 0.000000 -187.749920 -32.030786 190.462605 -2.972616 -63.630092 0
1 1500.000000 -131.235716 23.835401 133.382681 2.961928 1.068397 1
2 3000.000000 390.423798 91.880025 401.089368 0.231129 157.219003 1
3 4500.000000 -528.691503 331.003850 623.761376 2.582216 235.832115 1
4 6000.000000 -422.691328 -337.245347 540.742437 -2.468163 -404.490024 0
5 7500.000000 290.973626 175.667916 339.889493 0.543154 222.788170 1
6 9000.000000 314.765014 64.333860 321.272251 0.201610 117.154198 1
7 10500.000000 -241.350650 455.674868 515.644957 2.057886 407.752338 1
8 12000.000000 3.873955 -211.574599 211.610062 -1.552488 -207.803481 0
9 13500.000000 90.262788 434.042894 443.329002 1.365760 443.082018 1
10 15000.000000 -451.182158 -199.072099 493.148091 -2.726061 -273.214024 0
11 16500.000000 -785.798983 -324.372559 850.116227 -2.750106 -453.829768 0
12 18000.000000 8.600264 -106.823625 107.169265 -1.490461 -103.784663 0
13 19500.000000 487.723927 290.201552 567.531118 0.536744 369.245990 1
14 21000.000000 251.161803 -153.095974 294.143891 -0.547413 -107.944414 0
15 22500.000000 -302.060072 181.063452 352.170784 2.601593 126.806806 1
16 24000.000000 -62.648636 334.699829 340.512595 1.755834 319.079753 1
17 25500.000000 139.354151 -204.263580 247.271490 -0.972098 -177.458190 0
18 27000.000000 413.726504 -71.770496 419.905494 -0.171764 -0.046039 0
19 28500.000000 -50.795701 -166.759580 174.324297 -1.866472 -172.985348 0
20 30000.000000 -339.920911 19.466000 340.477828 3.084389 -38.882843 0
21 31500.000000 -60.052006 -619.406092 622.310332 -1.667445 -620.560653 0
22 33000.000000 429.228275 93.171728 439.224183 0.213752 165.120015 1
23 34500.000000 69.489975 38.423934 79.405638 0.505099 49.728999 1
24 36000.000000 1003.732943 92.541423 1007.989948 0.091937 262.631587 1
25 37500.000000 546.801236 219.686283 589.282321 0.382028 309.858193 1
26 39000.000000 -1256.054811 -544.272565 1368.906977 -2.732697 -750.823626 0
27 40500.000000 721.060992 -140.459995 734.614160 -0.192387 -15.229455 0
28 42000.000000 -290.663928 -172.673556 338.085309 -2.605548 -219.784917 0
29 43500.000000 -979.463587 -798.945226 1263.986705 -2.457354 -954.508245 0
30 45000.000000 -128.651188 55.131766 139.966567 2.736730 32.346285 1
0 0.000000 -183.224469 -31.262424 185.872390 -2.972596 -64.613233 0
1 1500.000000 -124.137951 21.901121 126.055107 2.966964 -1.438047 0
2 3000.000000 384.164993 81.826914 392.782874 0.209863 151.472337 1
3 4500.000000 -517.605786 352.948626 626.489012 2.543127 251.119172 1
4 6000.000000 -437.210698 -340.677597 554.269267 -2.479660 -415.668181 0
5 7500.000000 272.273464 152.466072 312.055672 0.510469 200.196519 1
6 9000.000000 311.937595 60.103378 317.675116 0.190345 116.764049 1
7 10500.000000 -236.529425 453.816334 511.757202 2.051260 402.235891 1
8 12000.000000 -4.987539 -198.190817 198.253564 -1.595956 -195.693554 0
9 13500.000000 94.334553 440.885835 450.865088 1.360009 450.726997 1
10 15000.000000 -479.892986 -135.092577 498.545166 -2.867188 -221.525295 0
11 16500.000000 -768.890795 -292.779788 822.747263 -2.777762 -429.946292 0
12 18000.000000 13.136035 -95.732031 96.629070 -1.434431 -91.650456 0
13 19500.000000 484.021285 289.441725 563.961982 0.538943 373.974738 1
14 21000.000000 262.022321 -142.758046 298.388265 -0.498867 -91.829610 0
15 22500.000000 -291.240496 201.106489 353.927742 2.537260 143.766890 1
16 24000.000000 -37.147967 357.191392 359.117894 1.674424 344.156946 1
17 25500.000000 134.424605 -182.819678 226.920711 -0.936779 -154.801178 0
18 27000.000000 413.112260 -60.461912 417.513332 -0.145325 16.992959 1
19 28500.000000 -55.099485 -150.245213 160.029926 -1.922297 -157.844243 0
20 30000.000000 -343.607278 41.776084 346.137549 3.020606 -22.500324 0
21 31500.000000 -49.725307 -601.690687 603.741906 -1.653252 -600.505976 0
22 33000.000000 431.514324 93.883950 441.609339 0.214230 172.079331 1
23 34500.000000 65.031052 41.578210 77.186690 0.568859 52.889291 1
24 36000.000000 976.570954 102.801393 981.966881 0.104881 281.659685 1
25 37500.000000 535.351971 221.896698 579.516935 0.392933 317.089618 1
26 39000.000000 -1271.579352 -493.635121 1364.034340 -2.771294 -720.316003 0
27 40500.000000 666.288857 -141.055966 681.056258 -0.208624 -15.381456 0
28 42000.000000 -300.725192 -153.868541 337.803447 -2.668662 -206.837382 0
29 43500.000000 -995.678016 -761.994023 1253.798071 -2.488370 -933.012082 0
30 45000.000000 -144.185970 56.230743 154.762690 2.769747 28.591021 1
0 0.000000 -173.480416 -19.252049 174.545398 -3.031070 -51.035313 0
1 1500.000000 -111.827337 3.075690 111.869626 3.114096 -17.679822 0
2 3000.000000 381.428555 70.779277 387.940007 0.183477 140.168843 1
3 4500.000000 -501.345132 369.896130 623.032975 2.505941 270.689360 1
4 6000.000000 -424.779168 -322.747256 533.482083 -2.491849 -395.806821 0
5 7500.000000 254.779109 145.464962 293.381065 0.518782 190.117213 1
6 9000.000000 305.194034 53.360087 309.823656 0.173090 108.937625 1
7 10500.000000 -221.205620 465.862647 515.713033 2.014106 416.858651 1
8 12000.000000 5.108925 -183.074602 183.145874 -1.542897 -178.964255 0
9 13500.000000 100.284974 453.678120 464.629866 1.353246 464.401582 1
10 15000.000000 -470.670603 -102.905328 481.788671 -2.926344 -188.260760 0
11 16500.000000 -751.432940 -254.435954 793.340480 -2.815109 -389.149006 0
12 18000.000000 2.340070 -74.379545 74.416347 -1.539345 -72.660643 0
13 19500.000000 476.682729 306.541227 566.739754 0.571489 389.489714 1
14 21000.000000 262.517643 -121.328457 289.199079 -0.432930 -70.631919 0
15 22500.000000 -267.219704 249.074414 365.300470 2.391325 195.299235 1
16 24000.000000 -23.788122 379.351318 380.096431 1.633422 368.390182 1
17 25500.000000 145.165025 -146.885806 206.514707 -0.791290 -117.472725 0
18 27000.000000 406.893882 -26.317421 407.744083 -0.064589 49.464853 1
19 28500.000000 94.074345 -51.959175 107.469709 -0.504623 -33.645258 0
20 30000.000000 -318.306750 71.049613 326.139901 2.921982 10.894058 1
21 31500.000000 -40.146150 -570.355387 571.766544 -1.641068 -567.928652 0
22 33000.000000 439.909716 110.031740 453.461732 0.245095 189.569293 1
23 34500.000000 114.798206 38.569326 121.104175 0.324126 59.154972 1
24 36000.000000 984.623256 105.295223 990.237366 0.106535 285.756261 1
25 37500.000000 550.536531 236.937728 599.357955 0.406415 334.761739 1
26 39000.000000 -1264.091186 -453.394189 1342.941851 -2.797213 -679.575426 0
27 40500.000000 655.093226 -129.904529 667.849026 -0.195760 -6.383100 0
28 42000.000000 -304.348891 -124.195917 328.713969 -2.754148 -178.392560 0
29 43500.000000 -1018.797664 -720.986872 1248.106866 -2.525728 -897.131978 0
30 45000.000000 -79.789183 315.395116 325.331204 1.818579 295.172145 1
0 0.000000 -171.160222 -26.986267 173.274580 -2.985213 -61.288843 0
1 1500.000000 -96.827597 6.968434 97.078024 3.069749 -12.903263 0
2 3000.000000 396.786616 49.245978 399.830945 0.123481 129.046011 1
3 4500.000000 -482.727997 387.845910 619.234018 2.464754 281.372006 1
4 6000.000000 -417.838964 -323.336969 528.333413 -2.483013 -401.677934 0
5 7500.000000 258.981212 151.532341 300.055526 0.529399 201.113880 1
6 9000.000000 290.108968 29.017215 291.556533 0.099690 87.509252 1
7 10500.000000 -207.475622 467.548228 511.514887 1.988443 415.476910 1
8 12000.000000 -8.932733 -197.163516 197.365767 -1.616072 -194.848665 0
9 13500.000000 106.129137 451.246488 463.558828 1.339803 463.404094 1
10 15000.000000 -464.211275 -84.146537 471.776163 -2.962272 -176.950335 0
11 16500.000000 -746.826840 -230.928710 781.715037 -2.841705 -378.228414 0
12 18000.000000 -12.257996 -72.635748 73.662815 -1.737981 -73.609721 0
13 19500.000000 472.808919 303.756344 561.975258 0.571050 393.706317 1
14 21000.000000 245.157036 -127.764745 276.452170 -0.480428 -75.142451 0
15 22500.000000 -260.167221 269.695395 374.730021 2.338214 211.038896 1
16 24000.000000 -6.958766 390.419458 390.481469 1.588618 380.814546 1
17 25500.000000 151.585093 -140.402620 206.617850 -0.747119 -106.577633 0
18 27000.000000 398.278058 -23.671759 398.980906 -0.059365 57.961228 1
19 28500.000000 89.253612 -42.835825 99.000581 -0.447466 -23.754931 0
20 30000.000000 -329.042111 76.880261 337.904254 2.912062 8.236104 1
21 31500.000000 -48.282231 -565.672431 567.729225 -1.655944 -563.645989 0
22 33000.000000 458.069744 107.233104 470.453854 0.229957 198.301623 1
23 34500.000000 88.106650 36.589574 95.402194 0.393615 53.771221 1
24 36000.000000 985.007005 104.086681 990.491210 0.105280 302.568012 1
25 37500.000000 563.489642 244.691283 614.324345 0.409673 354.353213 1
26 39000.000000 -1256.900401 -439.144853 1331.407833 -2.805464 -685.989549 0
27 40500.000000 670.280893 -121.447524 681.194522 -0.179244 17.647858 1
28 42000.000000 -288.524761 -113.747977 310.137292 -2.766062 -170.140438 0
29 43500.000000 -1032.125562 -701.222362 1247.796448 -2.544829 -896.780389 0
30 45000.000000 -69.729870 315.072162 322.696021 1.788600 294.259688 1
0 0.000000 -162.253367 -26.577605 164.415706 -2.979231 -55.034792 0
1 1500.000000 -91.712559 5.530665 91.879169 3.081361 -10.882798 0
2 3000.000000 415.556994 57.184565 419.473110 0.136751 130.241836 1
3 4500.000000 -472.897753 402.226820 620.820989 2.436775 311.625855 1
4 6000.000000 -425.549672 -306.126229 524.219220 -2.517987 -376.986604 0
5 7500.000000 270.804445 165.894327 317.578298 0.549631 211.449060 1
6 9000.000000 305.304924 28.068912 306.592499 0.091680 81.965932 1
7 10500.000000 -206.095641 492.651229 534.023077 1.967012 448.097832 1
8 12000.000000 -26.287518 -182.373104 184.257924 -1.713952 -184.139850 0
9 13500.000000 127.865315 467.383016 484.557966 1.303753 482.679306 1
10 15000.000000 -479.346660 -81.191864 486.174186 -2.973805 -165.220507 0
11 16500.000000 -748.101651 -188.227879 771.418055 -2.895102 -318.386419 0
12 18000.000000 -30.853326 -62.288039 69.510629 -2.030703 -66.785286 0
13 19500.000000 476.113455 324.914913 576.414541 0.598838 404.475751 1
14 21000.000000 227.548618 -107.441558 251.638753 -0.441137 -65.221301 0
15 22500.000000 -257.523534 299.725396 395.162857 2.280606 249.098711 1
16 24000.000000 -32.957517 353.223023 354.757244 1.663832 341.715466 1
17 25500.000000 139.126383 -111.517955 178.304248 -0.675691 -84.972046 0
18 27000.000000 384.779809 -10.649541 384.927154 -0.027670 58.012607 1
19 28500.000000 71.978062 -2.099818 72.008685 -0.029165 10.746049 1
20 30000.000000 -353.681914 92.920697 365.684498 2.884675 28.480197 1
21 31500.000000 -62.623961 -545.078179 548.663815 -1.685185 -547.520492 0
22 33000.000000 463.631468 119.851777 478.872203 0.252969 200.465660 1
23 34500.000000 84.561154 46.267257 96.391119 0.500649 60.580528 1
24 36000.000000 1013.176948 134.059924 1022.007628 0.131552 312.267809 1
25 37500.000000 587.675345 271.966247 647.555365 0.433433 372.231065 1
26 39000.000000 -1243.960647 -426.552260 1315.060805 -2.811258 -641.169269 0
27 40500.000000 693.166984 -100.372173 700.396346 -0.143803 24.616790 1
28 42000.000000 -259.845071 -87.984261 274.336821 -2.815107 -132.832422 0
29 43500.000000 -1019.821476 -687.355966 1229.834975 -2.548533 -857.910401 0
30 45000.000000 -108.882436 94.433056 144.128370 2.427144 73.543517 1
0 0.000000 -147.661829 -20.350915 149.057624 -3.004634 -49.783828 0
1 1500.000000 -77.018791 19.646624 79.485118 2.891830 3.669838 1
2 3000.000000 439.193331 69.660257 444.683408 0.157299 157.014581 1
3 4500.000000 -456.141509 413.116075 615.410405 2.405651 312.365929 1
4 6000.000000 -427.003122 -289.241383 515.744359 -2.546213 -369.596816 0
5 7500.000000 267.780420 179.652839 322.461619 0.590925 230.080832 1
6 9000.000000 316.799112 36.051852 318.843870 0.113313 99.355446 1
7 10500.000000 -192.717435 505.832211 541.300504 1.934809 456.424574 1
8 12000.000000 -19.501143 -182.070407 183.111790 -1.677497 -182.253235 0
9 13500.000000 143.283925 477.394882 498.433703 1.279214 496.504712 1
10 15000.000000 -478.035540 -48.531614 480.492763 -3.040416 -144.175072 0
11 16500.000000 -749.650961 -163.108356 767.190262 -2.927353 -311.298965 0
12 18000.000000 -27.544562 -52.947802 59.683939 -2.050490 -57.423179 0
13 19500.000000 481.633071 337.739795 588.250444 0.611557 428.138406 1
14 21000.000000 225.353995 -98.500425 245.940556 -0.412068 -50.906004 0
15 22500.000000 -263.832624 325.790136 419.221738 2.251499 265.722845 1
16 24000.000000 -29.065479 364.100388 365.258668 1.650456 350.705448 1
17 25500.000000 139.249971 -98.508086 170.570799 -0.615688 -68.321373 0
18 27000.000000 378.426302 15.707363 378.752145 0.041483 91.890396 1
19 28500.000000 64.920297 26.621878 70.166725 0.389157 39.197233 1
20 30000.000000 -360.323491 99.595397 373.834538 2.871920 24.691244 1
21 31500.000000 -69.562167 -534.342414 538.851288 -1.700251 -537.371762 0
22 33000.000000 478.063718 121.923508 493.366254 0.249713 216.057116 1
23 34500.000000 100.926584 30.548418 105.448476 0.293913 50.322171 1
24 36000.000000 1013.435529 132.073138 1022.005326 0.129592 334.234612 1
25 37500.000000 604.478083 270.426406 662.211593 0.420666 387.050926 1
26 39000.000000 -1225.367180 -428.337301 1298.074562 -2.805311 -667.227650 0
27 40500.000000 717.656336 -95.744324 724.014911 -0.132629 51.323178 1
28 42000.000000 -249.339105 -87.392699 264.211039 -2.804475 -135.997544 0
29 43500.000000 -1018.812211 -678.379982 1224.000703 -2.554153 -870.347197 0
30 45000.000000 -35.798139 334.741756 336.650486 1.677334 320.591915 1
0 0.000000 -143.004008 -41.749569 148.973732 -2.857540 -54.577238 0
1 1500.000000 -68.282218 0.453831 68.283726 3.134946 -5.755612 0
2 3000.000000 448.163169 57.694559 451.861581 0.128031 98.198342 1
3 4500.000000 -452.655484 408.503828 609.731388 2.407420 365.661155 1
4 6000.000000 -442.851625 -303.463204 536.849586 -2.540836 -342.466404 0
5 7500.000000 264.183742 181.798579 320.692646 0.602730 205.062814 1
6 9000.000000 316.767671 24.575677 317.719564 0.077428 53.271386 1
7 10500.000000 -191.942736 505.138620 540.376756 1.933926 485.597289 1
8 12000.000000 -47.610918 -195.778499 201.484541 -1.809353 -199.296123 0
9 13500.000000 137.428252 474.760483 494.250990 1.289029 485.288193 1
10 15000.000000 -484.341298 -64.962707 488.678469 -3.008262 -108.725361 0
11 16500.000000 -757.620910 -155.851717 773.485100 -2.938711 -224.081965 0
12 18000.000000 -58.184319 -62.832717 85.635070 -2.317802 -67.862091 0
13 19500.000000 472.827987 330.572115 576.926536 0.610147 372.188222 1
14 21000.000000 190.663897 -115.507399 222.923038 -0.544686 -97.695761 0
15 22500.000000 -280.765534 337.193334 438.780844 2.265134 310.272536 1
16 24000.000000 -44.247436 387.041991 389.563010 1.684624 381.416728 1
17 25500.000000 134.021361 -87.176890 159.879753 -0.576706 -74.631962 0
18 27000.000000 352.957533 17.538550 353.393012 0.049649 49.553433 1
19 28500.000000 86.915358 122.214585 149.968944 0.952613 129.610013 1
20 30000.000000 -363.326878 107.429702 378.876710 2.854101 73.954652 1
21 31500.000000 -76.042593 -516.996188 522.558642 -1.716835 -521.768408 0
22 33000.000000 480.602584 122.178791 495.889605 0.248946 165.364630 1
23 34500.000000 93.051003 34.421792 99.213653 0.354313 42.738558 1
24 36000.000000 1020.391749 148.449662 1031.133659 0.144469 240.599163 1
25 37500.000000 622.486628 288.655843 686.157269 0.434200 344.051048 1
26 39000.000000 -1211.805265 -390.402509 1273.140259 -2.829926 -498.951580 0
27 40500.000000 718.117559 -78.751976 722.422800 -0.109228 -13.141518 0
28 42000.000000 125.138927 -68.355799 142.591256 -0.499951 -56.696313 0
29 43500.000000 -1022.983682 -635.078873 1204.085042 -2.586012 -725.448913 0
30 45000.000000 -95.630991 98.380819 137.200845 2.342022 89.279580 1
0 0.000000 -124.287897 -41.107350 130.909494 -2.822175 -56.012277 0
1 1500.000000 -52.732866 3.008972 52.818643 3.084594 -3.468681 0
2 3000.000000 449.957196 55.431066 453.358667 0.122574 110.093419 1
3 4500.000000 -429.926508 420.288879 601.231689 2.367530 364.500891 1
4 6000.000000 -429.302576 -289.348133 517.709420 -2.548533 -339.723013 0
5 7500.000000 274.547434 190.512763 334.172719 0.606631 222.687360 1
6 9000.000000 307.937809 13.165055 308.219099 0.042726 50.760684 1
7 10500.000000 -173.607311 504.584353 533.614906 1.902170 479.538438 1
8 12000.000000 -55.260000 -202.441254 209.847871 -1.837272 -207.683192 0
9 13500.000000 159.871379 467.685062 494.255172 1.241413 483.737737 1
10 15000.000000 -483.895969 -57.729814 487.327447 -3.022852 -116.529321 0
11 16500.000000 -763.505801 -139.963573 776.228646 -2.960289 -232.371662 0
12 18000.000000 -76.636701 -62.993789 99.203838 -2.453593 -71.901144 0
13 19500.000000 478.201416 329.675478 580.829162 0.603581 385.732784 1
14 21000.000000 175.495098 -121.948881 213.705542 -0.607285 -99.549443 0
15 22500.000000 -288.024069 341.550948 446.782849 2.271378 303.725361 1
16 24000.000000 -43.275411 318.549033 321.475112 1.705821 310.856088 1
17 25500.000000 130.806505 -89.421347 158.450368 -0.599645 -72.736855 0
18 27000.000000 336.503803 33.787314 338.195790 0.100072 74.724617 1
19 28500.000000 71.760939 124.730647 143.900544 1.048716 132.576875 1
20 30000.000000 -367.899159 104.833024 382.543794 2.863999 59.010143 1
21 31500.000000 -75.434574 -516.780982 522.257560 -1.715743 -522.128537 0
22 33000.000000 485.815321 111.758342 498.504216 0.226109 170.386482 1
23 34500.000000 101.365454 29.518190 105.575939 0.283369 41.704338 1
24 36000.000000 1020.765448 147.186337 1031.322412 0.143205 271.031236 1
25 37500.000000 636.826327 290.472459 699.944298 0.427936 366.241845 1
26 39000.000000 -1187.226415 -373.418585 1244.567394 -2.836859 -515.938604 0
27 40500.000000 722.133565 -70.900374 725.605781 -0.097868 18.029119 1
28 42000.000000 147.129166 -67.306378 161.793510 -0.429044 -48.790143 0
29 43500.000000 -1020.546833 -620.690673 1194.475931 -2.595170 -740.947884 0
30 45000.000000 -37.292699 339.339678 341.382722 1.680255 332.222723 1
0 0.000000 -92.678795 -41.117637 101.390429 -2.724026 -70.399342 0
1 1500.000000 -46.497975 -7.730203 47.136162 -2.976851 -23.202896 0
2 3000.000000 450.494300 43.373784 452.577506 0.095985 195.190795 1
3 4500.000000 -394.249298 424.262150 579.163950 2.319543 263.387000 1
4 6000.000000 -421.744698 -305.567464 520.807129 -2.514591 -431.637899 0
5 7500.000000 254.755037 185.078505 314.887571 0.628288 261.201073 1
6 9000.000000 312.956328 -11.392967 313.163636 -0.036388 96.590199 1
7 10500.000000 -145.762028 493.725080 514.792213 1.857870 413.830532 1
8 12000.000000 -72.074382 -213.660822 225.489830 -1.896140 -225.421658 0
9 13500.000000 171.617319 446.750907 478.580063 1.204032 478.512285 1
10 15000.000000 -399.195287 -33.110166 400.566050 -3.058840 -167.962052 0
11 16500.000000 -745.075944 -131.044727 756.512315 -2.967492 -378.541659 0
12 18000.000000 -90.741722 -77.838042 119.552586 -2.432589 -104.230218 0
13 19500.000000 478.848323 306.604647 568.596629 0.569523 452.189403 1
14 21000.000000 160.839433 -131.103054 207.502612 -0.683891 -68.016040 0
15 22500.000000 -283.052717 341.928629 443.885151 2.262267 224.165472 1
16 24000.000000 -34.006826 358.250538 359.860962 1.665437 324.880095 1
17 25500.000000 137.408790 -89.032674 163.731465 -0.574926 -36.528191 0
18 27000.000000 338.118619 22.485235 338.865440 0.066403 137.041761 1
19 28500.000000 82.622590 150.153596 171.384348 1.067758 169.379576 1
20 30000.000000 -343.457198 103.095509 358.596613 2.849980 -20.902062 0
21 31500.000000 -71.427531 -524.374036 529.216422 -1.706178 -517.082418 0
22 33000.000000 495.052712 86.179548 502.497863 0.172354 250.678555 1
23 34500.000000 113.627600 -12.059773 114.265785 -0.105738 27.626739 1
24 36000.000000 1033.860104 116.258510 1040.376257 0.111980 463.657166 1
25 37500.000000 660.440702 256.856100 708.630353 0.370915 467.712260 1
26 39000.000000 -1159.387468 -354.147960 1212.270629 -2.845133 -730.164690 0
27 40500.000000 700.358150 -84.448964 705.431192 -0.120000 160.777036 1
28 42000.000000 161.028684 -94.075600 186.495189 -0.528733 -33.167742 0
29 43500.000000 -1034.896985 -599.381383 1195.938883 -2.616630 -917.855988 0
30 45000.000000 -41.615574 325.780063 328.427322 1.697850 291.768933 1
0 0.000000 -70.984479 -78.410210 105.768413 -2.306530 -93.062023 0
1 1500.000000 -27.800193 -41.762188 50.169025 -2.158115 -47.182204 0
2 3000.000000 472.959761 1.620693 472.962538 0.003427 114.235425 1
3 4500.000000 -355.094153 421.557185 551.182653 2.270826 324.837411 1
4 6000.000000 -405.535765 -305.544447 507.756503 -2.495897 -393.349969 0
5 7500.000000 95.320554 25.327034 98.627920 0.259703 47.303826 1
6 9000.000000 307.811261 -43.424887 310.859282 -0.140151 31.147288 1
7 10500.000000 -130.685273 450.602239 469.170564 1.853075 406.501720 1
8 12000.000000 -87.466754 -253.280624 267.958033 -1.903310 -266.824933 0
9 13500.000000 186.448492 411.723442 451.972602 1.145576 444.284905 1
10 15000.000000 -383.594293 -51.870169 387.085386 -3.007186 -141.751163 0
11 16500.000000 -728.833168 -138.917213 741.954028 -2.953250 -308.530178 0
12 18000.000000 -118.136325 -99.198188 154.261051 -2.443113 -124.483423 0
13 19500.000000 471.044595 283.806373 549.935512 0.542259 387.842159 1
14 21000.000000 139.832593 -149.254691 204.524123 -0.817979 -111.649555 0
15 22500.000000 -276.656182 321.320433 424.011160 2.281641 246.170303 1
16 24000.000000 -26.016978 324.648772 325.689589 1.650764 309.106349 1
17 25500.000000 147.674536 -98.137124 177.309514 -0.586536 -60.135422 0
18 27000.000000 319.663724 0.890760 319.664965 0.002787 77.010619 1
19 28500.000000 64.415776 136.379459 150.826884 1.129531 147.797922 1
20 30000.000000 -352.014425 87.193008 362.652417 2.898782 0.831549 1
21 31500.000000 -82.079809 -533.756247 540.030394 -1.723379 -537.943839 0
22 33000.000000 465.977709 62.445916 470.143295 0.133217 171.646628 1
23 34500.000000 103.392509 -96.401583 141.362216 -0.750422 -68.998040 0
24 36000.000000 987.693934 111.647262 993.984113 0.112561 343.707126 1
25 37500.000000 640.878912 260.928864 691.960730 0.386648 406.078566 1
26 39000.000000 -1156.778116 -332.305278 1203.562382 -2.861857 -598.290178 0
27 40500.000000 625.565065 -82.386185 630.966825 -0.130945 68.998042 1
28 42000.000000 -120.763635 18.357354 122.150923 2.990737 -10.937567 0
29 43500.000000 -1062.796267 -573.001676 1207.421561 -2.647121 -809.671157 0
30 45000.000000 -79.231068 327.412511 336.862753 1.808224 299.114670 1
0 0.000000 -66.013968 -82.778390 105.877787 -2.243998 -96.242044 0
1 1500.000000 -25.646600 -45.285103 52.043142 -2.086095 -50.129313 0
2 3000.000000 435.265569 17.584393 435.620623 0.040377 121.909854 1
3 4500.000000 -351.952260 460.029666 579.221622 2.223869 361.709614 1
4 6000.000000 -409.905381 -305.927085 511.481967 -2.500441 -395.654301 0
5 7500.000000 200.614722 155.193223 253.635966 0.658428 198.946288 1
6 9000.000000 275.489264 -13.533490 275.821482 -0.049086 53.222571 1
7 10500.000000 -140.776890 461.364129 482.363962 1.866955 413.870976 1
8 12000.000000 -103.459181 -235.465433 257.192092 -1.984785 -253.453010 0
9 13500.000000 177.764235 428.890997 464.271053 1.177875 459.081525 1
10 15000.000000 -382.252406 -63.912645 387.558677 -2.975925 -154.104684 0
11 16500.000000 -728.563069 -143.906221 742.639311 -2.946582 -315.159475 0
12 18000.000000 -129.159891 -116.922691 174.221678 -2.405882 -144.591104 0
13 19500.000000 462.582205 274.515826 537.904485 0.535584 377.856247 1
14 21000.000000 143.941620 -175.251189 226.786616 -0.883175 -135.419782 0
15 22500.000000 -283.116787 301.299595 413.444750 2.325092 224.233565 1
16 24000.000000 -30.171657 261.764929 263.498021 1.685552 246.790268 1
17 25500.000000 132.375319 -124.510977 181.731143 -0.754794 -88.959512 0
18 27000.000000 316.526565 -27.203414 317.693393 -0.085733 49.839860 1
19 28500.000000 51.740067 92.515994 106.001150 1.060875 102.254763 1
20 30000.000000 -351.262260 76.415841 359.478172 2.927384 -10.443245 0
21 31500.000000 -89.329516 -564.313683 571.340263 -1.727791 -569.215524 0
22 33000.000000 434.584867 39.154708 436.345159 0.089854 142.681111 1
23 34500.000000 76.172494 -123.741886 145.307616 -1.019003 -101.750741 0
24 36000.000000 966.958485 89.434370 971.085587 0.092228 319.714175 1
25 37500.000000 619.073009 234.498927 661.997838 0.362090 376.711788 1
26 39000.000000 -1185.496133 -313.784361 1226.320393 -2.882840 -590.098171 0
27 40500.000000 559.751945 -107.818970 570.041376 -0.190289 30.184006 1
28 42000.000000 -137.324170 17.337938 138.414348 3.016002 -16.250063 0
29 43500.000000 -1078.576146 -542.225824 1207.201453 -2.675768 -786.059610 0
30 45000.000000 -78.793053 324.727715 334.150317 1.808839 296.187714 1
0 0.000000 -64.177015 -90.210617 110.709731 -2.189141 -104.052178 0
1 1500.000000 -29.448758 -47.290701 55.710320 -2.127753 -53.428882 0
2 3000.000000 422.085485 2.140523 422.090912 0.005071 114.558142 1
3 4500.000000 -361.465943 474.452504 596.458553 2.221844 360.952405 1
4 6000.000000 -420.385133 -283.186925 506.871280 -2.548780 -384.985592 0
5 7500.000000 191.484351 149.136377 242.709530 0.661707 194.776724 1
6 9000.000000 274.409727 -32.276242 276.301382 -0.117083 42.027440 1
7 10500.000000 -130.115650 465.785902 483.618226 1.843199 414.259214 1
8 12000.000000 -81.947115 -227.959333 242.241175 -1.915893 -241.554486 0
9 13500.000000 176.845691 407.050592 443.806920 1.160943 439.460361 1
10 15000.000000 -373.524043 -65.217720 379.174843 -2.968734 -162.411074 0
11 16500.000000 -744.334042 -135.664690 756.596375 -2.961308 -329.138899 0
12 18000.000000 -101.321999 -127.722414 163.031170 -2.241438 -150.107083 0
13 19500.000000 470.240945 242.845772 529.245326 0.476704 359.391292 1
14 21000.000000 146.214423 -176.260667 229.011965 -0.878304 -130.915764 0
15 22500.000000 -265.123542 289.782906 392.765356 2.311785 208.639883 1
16 24000.000000 -12.785162 317.102380 317.360016 1.611093 302.224896 1
17 25500.000000 143.254255 -129.089135 192.836164 -0.733433 -86.239430 0
18 27000.000000 340.565518 -59.984390 345.807749 -0.174344 32.953498 1
19 28500.000000 79.531633 81.216912 113.672632 0.795882 99.476128 1
20 30000.000000 -340.500282 74.404468 348.534742 2.926459 -19.037625 0
21 31500.000000 -88.048670 -556.219543 563.145406 -1.727792 -559.567345 0
22 33000.000000 443.875414 12.533290 444.052324 0.028229 130.382485 1
23 34500.000000 83.464803 -140.760559 163.645679 -1.035572 -113.423887 0
24 36000.000000 961.004194 28.134149 961.415930 0.029267 283.245211 1
25 37500.000000 618.544194 199.580118 649.945492 0.312115 357.216677 1
26 39000.000000 -1049.180164 -129.020274 1057.083368 -3.019234 -403.983000 0
27 40500.000000 573.851606 -154.746077 594.350077 -0.263397 3.795312 1
28 42000.000000 -143.007609 5.253006 143.104054 3.104877 -33.051667 0
29 43500.000000 -1092.315433 -524.187298 1211.579683 -2.694165 -796.352874 0
30 45000.000000 -55.426815 316.927151 321.737394 1.743934 290.691069 1
