0.000000 0.000000
0.000000 0.000000
0.000000 0.000000
0.000000 0.000000
0.000000 0.000000
0.000000 0.000000
0.000000 0.000000
0.000000 0.000000
0.000000 0.000000
0.000000 0.000000
0.000000 0.000000
0.000000 0.000000
0.000000 0.000000
0.000000 0.000000
0.000000 0.000000
0.000000 0.000000
0.000000 0.000000
0.000000 0.000000
0.000000 0.000000
0.000000 0.000000
0.000000 0.000000
0.000000 0.000000
0.000000 0.000000
0.000000 0.000000
0.000000 0.000000
0.000000 0.000000
0.000000 0.000000
0.000000 0.000000
0.000000 0.000000
0.000000 0.000000
0.000000 0.000000
0.000000 0.000000
0.000000 0.000000
0.000000 0.000000
0.000000 0.000000
0.000000 0.000000
0.000000 0.000000
0.000000 0.000000
0.000000 0.000000
0.000000 0.000000
0.000000 0.000000
0.000000 0.000000
0.000000 0.000000
0.000000 0.000000
0.000000 0.000000
0.000000 0.000000
0.000000 0.000000
0.000000 0.000000
0.000000 0.000000
0.000000 0.000000
0.000000 0.000000
0.000000 0.000000
0.000000 0.000000
0.000000 0.000000
0.000000 0.000000
0.000000 0.000000
0.000000 0.000000
0.000000 0.000000
0.000000 0.000000
0.000000 0.000000
0.000000 0.000000
0.000000 0.000000
0.000000 0.000000
0.000000 0.000000
0.000000 0.000000
0.000000 0.000000
0.000000 0.000000
0.000000 0.000000
0.000000 0.000000
0.000000 0.000000
0.000000 0.000000
0.000000 0.000000
0.000000 0.000000
0.000000 0.000000
0.000000 0.000000
0.000000 0.000000
0.000000 0.000000
0.000000 0.000000
0.000000 0.000000
0.000000 0.000000
0.000000 0.000000
0.000000 0.000000
0.000000 0.000000
0.000000 0.000000
0.000000 0.000000
0.000000 0.000000
0.000000 0.000000
0.000000 0.000000
0.000000 0.000000
0.000000 0.000000
0.000000 0.000000
0.000000 0.000000
0.000000 0.000000
0.000000 0.000000
0.000000 0.000000
0.000000 0.000000
0.000000 0.000000
0.000000 0.000000
0.000000 0.000000
0.000000 0.000000
0.000000 0.000000
0.000000 0.000000
0.000000 0.000000
0.000000 0.000000
0.000000 0.000000
0.000000 0.000000
0.000000 0.000000
0.000000 0.000000
0.000000 0.000000
0.000000 0.000000
0.000000 0.000000
0.000000 0.000000
0.000000 0.000000
0.000000 0.000000
0.000000 0.000000
0.000000 0.000000
-34.684954 34.684954
-18.694237 18.694237
-8.382513 -60.987395
-141.726202 -34.402088
-60.830303 -100.081579
-323.253629 176.992423
-234.532353 57.586783
-205.582712 -346.222700
-739.951962 -283.377760
-484.558635 -759.934327
-979.501848 -109.980628
-602.755353 -730.657217
-788.380729 -893.168333
30.879067 -952.312135
-637.775904 -636.268592
1269.796460 -706.329842
-10.367045 -903.419583
1852.510026 -2703.758248
183.722840 -997.834000
2140.080060 -1714.218548
88.917926 664.418958
3116.701022 -1379.154464
1105.242102 -1810.214918
3417.301887 -1953.498113
596.216506 -195.129590
3232.813648 -281.335120
64.238838 811.812572
1903.184460 -229.158602
2108.934460 1987.506880
2188.867927 -183.196199
-669.393464 565.616110
1338.294913 -2105.627563
-1329.273901 169.425393
-460.897794 -997.426572
-2545.211240 2037.168898
-2351.922647 -517.212269
-352.547817 -1968.288727
-1425.695391 -3304.658291
-1725.484842 -1252.117878
-689.069826 -1587.011342
-2464.782009 -482.047789
-3355.950430 -4033.353242
438.880214 1022.910442
-112.479607 -3343.578845
-2237.590793 -1168.180279
-894.127974 -3908.280084
1565.838688 -3762.296558
-493.027628 448.103918
398.110457 842.949079
4102.446473 -294.964107
696.943657 -1938.292705
1034.485737 -2728.574353
7951.110907 -2886.174651
132.023895 -4604.922149
-5313.151168 -456.412130
4030.466943 1511.806983
3082.802778 -221.540552
217.513845 -3069.740451
3465.623979 -4868.911815
2237.514962 -2061.654058
559.558807 -287.337877
1629.709900 2225.737942
2746.537812 -1876.505222
317.007682 -1206.250688
1321.371375 -2859.088129
565.653077 -3013.896883
38.813709 -1562.283731
463.157205 -3098.109025
-464.324781 -2307.217125
-914.850306 -974.106126
-203.532068 -406.837526
-328.156882 -2756.950688
-898.649838 -4566.591988
2106.461769 -587.632779
331.508386 -1817.066340
-2439.185677 -2954.227893
-1979.720805 -1929.477637
1286.159956 -4987.654090
-2004.448235 342.937369
-1339.525809 -471.030661
2513.360488 -1894.021636
510.247593 -1520.022081
270.456359 -4525.521673
7257.225805 -3267.315153
-1242.142084 -6316.794562
-7944.064837 -1111.160875
2749.516578 1892.843416
1134.843374 -853.334212
-1252.473219 -2689.619541
3836.430813 -6003.776771
1698.501130 -2197.425422
575.097324 -683.760684
1546.684542 2616.058412
1725.526156 -1442.158860
-306.174269 -901.388577
1103.710146 -2135.480158
-211.126401 -3537.757655
-536.395463 -1701.697435
227.177751 -3310.456159
-411.077418 -2270.215760
-1119.570344 -557.561120
-455.687125 -81.073713
-208.902868 -2265.849272
-1028.087172 -4245.447378
2085.272328 263.668208
1255.391177 -1646.988239
-2169.180742 -2425.304478
-1710.491541 -1597.048875
1628.269952 -4183.292882
-1041.568879 1026.541063
-2427.410915 1007.123403
3379.316037 -742.168809
645.029967 -448.317497
380.250541 -4321.749549
5911.848331 -2112.626315
-846.093529 -5378.155087
-10047.188100 341.635078
1542.563886 2667.023992
-718.046772 725.375508
-2118.936158 -1510.575140
1987.523664 -4156.735886
1226.214805 -2485.741299
-472.086118 -869.517598
-214.877140 2743.995418
678.677590 -740.952150
-1511.338227 -851.559049
-1116.421138 -2022.546620
-623.146856 -4142.748364
555.518437 -2032.259927
-625.049467 -4175.494377
637.859391 -2543.757985
-534.862141 -440.796197
1086.964947 1155.675417
1242.779021 -900.814649
1451.029637 -2814.857705
2648.062107 -258.055911
3401.061890 88.966258
-667.691551 -2360.860543
-643.368750 335.901556
1254.415073 -2429.813589
-37.563457 1345.094601
-2265.367584 2781.651988
3377.921415 -1596.550947
595.169880 849.969592
10.432965 -5090.731829
4251.538816 -1038.438764
-81.656080 -4936.807878
-10829.327263 78.683053
840.443963 2118.014817
-691.188256 -250.913552
-2984.147590 -2556.201584
1507.878376 -4153.324766
1026.580528 -3308.712392
-1144.300893 -283.339889
158.911314 1669.622462
1054.086650 258.782328
-494.010841 -2004.837471
-327.759972 -1178.306874
374.887742 -4222.581624
1286.605112 -1562.481290
132.179065 -3837.077001
955.922168 -2347.793118
-44.391224 -451.619300
1168.633331 1010.404259
1291.161426 -1049.901576
1620.585428 -2847.845260
2878.623440 -790.698908
3113.032793 122.795157
-589.624022 -2608.716624
-596.193753 372.370033
1139.594402 -2786.808184
-400.428649 1089.391895
-1768.825003 2413.125629
3099.263701 -2028.890503
505.113603 288.213297
-68.663442 -5301.685228
4583.250701 -1761.190061
-375.683010 -5120.523554
-10377.870511 -651.807941
1080.110232 1922.659424
-284.994774 -635.196278
-2525.350177 -3224.261691
2210.831351 -4805.663207
1031.905037 -3607.838601
-924.012778 5.903978
1048.959269 1707.699803
1142.956873 -65.145705
-9.901595 -2088.830181
437.869455 -1619.079097
454.945412 -4099.386854
958.695192 -1506.178154
455.133206 -3552.689056
910.281106 -2423.290246
-263.637270 -481.865238
903.249859 762.562253
1162.230067 -1537.470337
901.623426 -3406.998684
2514.962224 -502.576016
3110.962487 -135.894757
-1190.558341 -2375.253389
-1041.876546 -41.112372
1330.935897 -3098.457657
-74.491599 985.922449
-2467.944607 2065.119885
3010.930404 -1554.561260
281.042504 221.668662
-235.032290 -4926.927902
4201.003375 -1551.549177
-193.617129 -5000.555723
-10856.730226 -324.729698
767.656367 1729.985193
-791.625697 -232.523825
-2637.739212 -2524.311808
1418.749621 -3850.736261
938.989571 -3467.086387
-1120.615510 -403.321970
405.275253 1571.129835
876.006516 36.994606
-523.391902 -1993.716120
-657.597247 -1385.276673
107.364352 -4117.227972
1345.603411 -1631.633789
-36.496774 -3757.256856
816.550944 -2476.948692
-69.815233 -629.518635
1140.884263 890.499531
1124.360903 -1055.809503
1618.022930 -2563.649378
2547.313540 -960.504102
2882.011488 176.734386
-570.397134 -2820.980078
-619.218033 328.980287
897.789143 -2925.106911
-499.770746 1108.213400
-1646.504009 2263.443103
3005.569256 -2079.277634
556.187032 183.284344
74.006648 -5398.152628
4447.148254 -1803.887178
-273.532357 -5131.300251
-9938.150382 -614.540876
1303.708972 1797.036476
-137.865698 -650.869762
-2287.466074 -3074.224168
2551.451499 -4555.860607
1354.468596 -3440.249716
-787.935241 122.857073
1165.671699 1664.299655
1161.170926 283.921868
-200.851841 -1864.200149
369.674907 -1272.319843
351.034549 -3730.933045
723.805820 -1344.877270
231.631813 -3229.400361
192.905648 -2004.715840
-322.683650 -784.260300
-44.474183 418.545313
103.473676 -1747.659654
65.485238 -2764.602872
2330.023593 -162.328829
2315.218613 -767.478303
-873.788321 -3150.971149
-1004.623123 -632.830227
1377.558095 -3667.508699
-745.645451 1450.133793
-2176.311261 1686.349037
3623.498020 -1244.789786
944.828465 -146.029673
442.604698 -5408.147160
5239.481549 -1955.231939
-282.518954 -5502.293486
-10073.743405 172.539285
1690.691680 2487.600562
-986.294393 566.797471
-1942.730061 -1805.076065
2588.160024 -4131.886272
1886.783153 -3039.050031
-399.540656 -665.545596
346.785975 2297.765953
526.551167 -135.280887
-1106.964134 -1209.304436
-1032.590079 -1466.887395
-287.942067 -4311.078523
549.325307 -1919.256565
-747.947263 -4173.250005
336.873127 -2060.332405
-78.654778 -908.795290
134.880629 763.544049
305.575830 -1279.531032
771.968636 -2181.918368
2518.677177 -314.256411
2738.685433 -420.360993
-271.173150 -3221.927350
-454.092374 -243.383830
1219.798357 -3228.960947
-564.733588 1500.750742
-1801.962967 2097.817931
3600.006812 -1348.483038
1008.098677 136.174301
647.898772 -5499.475454
4961.531803 -1807.023893
-152.343357 -5286.384153
-9863.248367 220.287497
1572.558594 2628.762892
-1018.640513 694.652961
-2094.629643 -1794.386503
2782.692226 -4001.401752
1821.367483 -3039.343923
-564.346729 -407.777747
376.115538 2114.300176
344.912667 175.357211
-1362.276434 -1193.090970
-932.974555 -1141.223757
-423.656910 -4182.376280
255.401441 -1757.738799
-717.469507 -3971.646803
313.039533 -1978.929261
-365.963872 -680.870814
-136.860039 905.098869
146.478465 -1011.042819
494.796416 -2091.656080
2329.862014 -189.562568
2703.339565 -505.472305
-466.567688 -3246.698230
-712.497250 -205.977956
1196.856085 -3241.451011
-723.783369 1621.126069
-1863.464417 2126.104321
3624.171510 -1331.046022
1113.026681 205.586305
743.456144 -5437.747032
5290.005834 -1689.976800
16.393240 -5353.506680
-9675.497402 281.947172
1712.620054 2778.871198
-939.889809 893.979935
-1874.151335 -1540.998435
3080.176858 -3936.781464
2014.297454 -2917.222850
-225.658833 -314.367257
661.846425 2269.903031
398.326201 221.820147
-1325.393027 -974.762457
-817.116939 -940.384525
-483.023782 -3966.427318
118.971851 -1595.161793
-660.698575 -3897.598759
306.269087 -1930.398135
-502.025603 -532.126171
-259.325378 1100.221394
-1.460536 -801.423382
195.044919 -2007.661381
2100.978354 175.616264
2852.647461 -542.492665
-737.999046 -3133.042728
-939.822081 -196.297907
1092.824077 -3046.459973
-542.885275 1766.154645
-2457.936486 2225.690662
3669.951753 -1116.660365
994.021251 421.958523
752.233686 -5404.161732
4876.882940 -1210.092196
374.206902 -5146.528520
-9886.825914 692.563332
1689.490318 2597.109146
-1452.308331 1218.539853
-1855.969500 -949.965576
2612.232903 -3123.535869
2110.589753 -2767.663761
-264.013294 -467.474454
509.904161 2239.952665
283.186350 548.247426
-1439.412762 -948.984006
-1570.277315 -377.046395
-477.618021 -3945.684625
214.885278 -1093.153228
-739.509978 -4267.525260
406.278789 -2307.462813
-759.342356 -432.112332
2.375249 1800.610363
501.005326 136.021422
652.235815 -1798.169731
1864.920086 -639.135698
3214.927429 119.737345
-530.461455 -3101.249859
-828.140653 686.549439
292.454331 -2250.148147
175.019269 1824.709495
-1996.502887 2899.386417
3454.979957 -2026.357791
389.602424 620.330384
580.619022 -5096.247100
3700.646043 -559.934031
739.588404 -4198.959362
-10258.009029 583.496327
1701.172595 2230.579035
-1025.607064 852.076822
-1899.344681 -1606.106915
2552.921666 -2819.869602
1702.764008 -2863.073436
-1012.957950 215.500016
1272.187399 1932.444157
291.376258 581.155254
-1148.546197 -1871.810515
-705.730534 -289.260668
-170.014506 -3728.870900
462.120081 -347.488845
-30.903348 -4051.825804
546.155098 -1806.273208
-326.568576 -510.749566
162.928983 2376.392959
767.548565 -223.957465
675.021952 -1502.088446
1950.111793 -250.892795
3615.670532 260.804136
-685.076244 -2918.678266
-1483.722674 872.046642
521.070030 -2307.005398
283.656675 1801.386287
-2943.650444 2615.621078
3241.716470 -1607.546286
474.258893 930.226421
255.734193 -5228.655373
3414.613627 -347.248147
990.206918 -4197.468850
-10529.018429 668.792617
1257.915503 2202.076075
-1465.714291 751.963733
-1933.597731 -836.605755
2169.017728 -2322.280774
1798.540141 -2929.748541
-851.408069 -305.526873
799.785505 1647.138361
396.164590 1006.360498
-1200.450867 -1658.013831
-1650.890294 366.634958
-28.635072 -3772.229904
976.822134 -584.154670
-349.361962 -3982.327878
784.289453 -1740.321325
-144.082983 -472.184765
-59.302347 2266.706337
917.630148 9.939498
1001.410148 -1078.835516
1614.065223 -903.554579
3113.288871 591.871225
8.569073 -2833.050619
-711.571888 966.671076
476.833231 -2017.072605
429.512601 1318.940155
-2084.353860 2624.260806
2902.278143 -1411.579083
581.762674 804.468046
679.194439 -4847.367239
2768.727841 -458.300729
1208.791605 -4002.272681
-9387.530505 537.660591
823.027980 1939.868782
-1090.072445 1121.710979
-1632.671887 -824.795147
1803.983084 -2000.554918
2090.458186 -2637.094264
-865.893166 -327.293800
656.498043 1465.598775
453.810601 839.829341
-1568.793601 -1459.646537
-1705.031483 151.970747
-200.962763 -3301.594499
614.836858 -651.966142
-456.798162 -3971.983780
599.900982 -1656.199420
-394.836030 -596.516144
-195.802760 2310.422114
682.106774 23.640628
717.535895 -1170.842611
1437.699179 -825.705585
2927.355724 449.112704
-110.411405 -2862.220203
-682.605163 575.467465
357.389002 -2019.455844
651.861581 1414.581543
-1826.627917 2608.503171
3125.311287 -1672.480619
621.403080 512.843142
899.227762 -4594.194472
3037.588368 -343.209804
1257.754985 -3938.522813
-9261.226176 608.098276
1278.006669 1863.943927
-901.236135 1449.564811
-1564.602665 -1026.682373
1818.870061 -1953.236617
2042.107468 -2359.298574
-808.189714 -38.416908
1028.747032 1821.663788
312.565012 425.865584
-1616.519620 -1701.511316
-1394.999078 -145.345084
-474.527180 -3494.554932
147.696733 -400.468239
-677.905849 -4236.653507
146.057499 -1337.063887
-74.574108 -1146.610592
-352.730692 2043.147836
459.067225 -405.748303
213.763672 -885.819952
2039.550049 -571.552411
2476.764876 183.314134
-88.679032 -3076.897734
-661.512199 260.145111
738.377835 -2566.891167
16.767184 1488.669292
-982.758673 1974.305031
3263.819750 -1698.829140
949.366830 -255.703594
947.053383 -4541.117491
4125.577870 -1198.360052
942.291348 -4287.210472
-8618.237335 404.301929
1839.109944 2290.056012
-204.625535 1515.269181
-1305.044174 -1113.605930
2936.365142 -2606.539422
2396.528433 -1796.739125
-498.773033 339.180877
1261.286081 2566.499049
435.676535 -61.460085
-1802.392847 -1152.391953
-868.050124 -773.067190
-1087.750861 -3167.480725
-951.912363 -659.432315
-905.014063 -3874.973373
-290.066350 -1651.546760
-951.026412 -1117.989638
-1017.448513 1983.247851
-89.425119 -601.827275
-479.729338 -1538.121272
1616.648645 185.581651
2744.313644 -69.899676
-435.303725 -2913.657975
-1375.167018 -238.619284
863.549544 -2960.176070
449.433678 1700.226286
-2008.174123 1846.623403
3190.938893 -1374.331949
1195.226904 164.592352
1101.591035 -4782.874877
4540.740700 -664.145028
1372.582853 -4529.612903
-8882.728051 988.749699
1864.467289 2733.073199
-563.421924 2045.762698
-875.852181 208.926839
2813.749982 -2200.640144
2321.722382 -1615.671708
18.091887 -293.104401
735.019075 2847.649065
58.076737 463.135141
-2418.359865 -862.776529
-1954.670645 -240.525241
-1627.044365 -3581.855001
-989.710431 -534.939173
-1591.983959 -4024.311893
-236.230429 -1506.787829
-1163.269955 -928.860911
-687.308960 1974.398984
100.805763 -30.868869
-118.034272 -1352.759880
1142.930756 35.948724
3080.542972 -113.574220
-197.081523 -2671.320593
-729.667783 119.938287
818.567917 -2307.283471
1109.238394 1109.498428
-1857.652791 1861.396431
3295.844903 -1115.922451
1443.806012 868.951018
1153.904442 -4159.134404
3717.342228 115.937116
2336.065639 -3712.906605
-7732.555912 1549.940638
1632.707409 2232.505987
-581.835787 2259.702815
-1136.007874 420.737018
2087.448500 -948.882584
2117.438021 -1535.082565
-581.389749 -685.771769
-332.592225 2313.066747
-30.679802 960.676674
-2498.180796 -682.949544
-2460.206492 56.114162
-2014.493992 -3568.512238
-603.144401 -351.441347
-2182.186648 -3555.010476
-521.557672 -1006.512648
-1196.300284 -955.857088
-642.522237 1392.947651
-188.608799 191.292899
275.739632 -1035.433952
924.578203 -112.630225
2744.720813 -77.417637
266.229197 -2386.943245
494.760066 276.336050
674.562897 -1926.157233
1058.731529 544.867289
-922.782549 1924.103939
3336.302219 -950.530761
1443.081680 1293.453018
1492.514935 -3826.529559
2985.910464 490.924962
2734.396535 -3226.298281
-6418.438635 1960.919657
1643.089842 1963.781900
-405.470479 2611.543691
-949.236968 311.454240
1722.658371 -490.626087
2274.685431 -1510.283837
-1081.619747 -699.829135
-891.545302 1699.489840
-292.876243 943.625781
-2495.435163 -743.497851
-2661.457074 -2.405154
-1814.295850 -3307.476850
-529.481182 -286.061432
-2067.715276 -3386.946078
-446.115603 -936.274057
-1170.244914 -839.509786
-705.888853 1463.277689
-262.738884 347.560232
324.130554 -969.241830
810.717002 -375.578654
2723.792727 -3.992311
204.642626 -2427.454532
564.757367 367.818533
542.743880 -1801.926436
1127.981037 402.923187
-805.680362 1990.611386
3302.771661 -987.755649
1444.630676 1273.362100
1585.332662 -3658.463504
2899.815731 524.289911
2997.153871 -2889.331723
-6180.800903 1842.658475
1510.526401 1982.110421
-90.638308 2580.442088
-949.191916 413.464886
1697.792850 -321.555514
2280.823773 -1467.400873
-1154.449608 -587.056502
-941.065321 1569.021905
-267.708321 1141.959711
-2608.308873 -746.354113
-2716.588587 204.448273
-1877.278638 -3115.602446
-515.767205 -148.002289
-2049.656718 -3218.885424
-525.501559 -927.571887
-1285.328556 -844.589276
-857.607622 1467.927572
-459.498886 456.480460
125.277683 -909.485941
604.356035 -325.391725
2620.612677 -119.107145
131.974551 -2387.581381
494.823875 343.047259
536.651899 -1617.844115
1128.932269 407.567831
-828.369736 2015.674692
3342.654919 -870.759215
1523.136448 1338.020814
1610.736814 -3513.052884
2902.845367 580.711925
3163.142579 -2773.816923
-5921.574376 1924.571998
1562.536459 1945.258269
-70.864399 2713.178385
-842.650042 520.672646
1696.981924 -51.447076
2500.758339 -1421.400181
-1212.837769 -370.734375
-802.162991 1784.137011
-180.265845 1382.968603
-2495.319128 -584.659130
-2871.339874 334.209154
-1874.003507 -2818.369269
-769.301002 95.735502
-2292.181720 -2961.157850
-751.465690 -669.455572
-1370.917596 -870.702508
-898.244412 1355.801042
-995.033464 754.945332
134.306929 -453.056333
505.588151 68.995221
2625.035807 -262.383353
-213.635806 -2460.472610
614.003875 587.043207
1.470240 -1371.635508
929.469803 597.186647
-1239.825763 2189.849373
3504.781525 -953.140951
1096.398212 1567.264094
1324.790680 -3503.881086
2684.429946 913.552606
3205.473951 -2321.013919
-5849.238345 2171.569683
2090.320152 2194.486382
-159.710416 2624.955318
-856.963178 375.533710
2065.521429 -8.667331
2380.335692 -1575.315984
-1381.469050 -31.826488
-900.293957 1506.367245
-302.674711 1684.364333
-2107.848698 -783.966904
-2500.731303 761.454119
-1522.785507 -2949.427397
-468.626204 613.402082
-1939.524808 -2680.342134
-470.729960 -276.853984
-1096.279947 -694.818623
-956.278466 1459.599936
-987.765355 763.409931
5.244100 -392.414464
390.957117 109.480367
2602.079212 -280.632358
-254.564218 -2491.505696
486.438364 614.091732
7.201336 -1373.165532
961.210242 641.481962
-1357.628029 2164.236907
3540.402435 -842.259955
1134.092313 1676.423455
1337.153514 -3469.693908
2634.755655 1033.042723
3350.100379 -2263.653181
-5850.816843 2284.473245
2153.545944 2173.181448
-398.809314 2756.925704
-762.774579 481.608865
1893.463072 175.704896
2340.797714 -1545.784956
-1531.441443 93.094649
-793.067254 1620.142136
-470.280967 1786.267279
-2042.763870 -753.035332
-2625.884325 845.222201
-1581.328061 -2930.301163
-643.743657 802.613571
-1963.837257 -2647.027131
-514.453435 -102.717397
-1089.903453 -795.696679
-1147.877002 1763.189516
-727.232248 514.086362
-286.610982 -442.111642
123.310613 -101.774151
2305.826457 212.132801
-20.875375 -2089.257693
345.879411 601.889035
184.410811 -1622.725863
1203.164657 571.824753
-1023.389860 2020.180440
3215.399444 -338.426936
1254.141865 1474.577083
1459.594905 -2952.764555
2792.033142 835.207922
3559.280129 -2355.505327
-5603.815886 2014.483688
1811.529676 1928.867256
-173.342508 3102.184066
-550.633221 740.775125
1609.476804 535.268530
2529.664990 -1269.242422
-1347.416293 32.485389
-470.276631 1929.997691
-182.768517 1642.386033
-2253.296094 -427.913504
-2793.487127 712.967841
-1764.598466 -2484.292830
-933.784873 774.640745
-2179.686765 -2736.250733
-767.242757 -237.384293
-1360.438283 -984.995685
-973.605241 1631.151945
-990.456541 820.117093
-177.307531 -161.135261
240.726794 317.413626
2685.323036 -108.195158
-384.741736 -2350.496362
407.058934 907.602548
16.765350 -1301.288774
1175.785467 822.070017
-1527.059113 2073.080429
3578.357616 -547.894620
1143.767281 1794.239765
1248.924055 -3238.642595
2485.649829 1320.179673
3695.803247 -2048.093153
-5639.705446 2373.537282
2277.384113 1860.032219
-575.622643 2760.890693
-657.145666 760.102214
1774.779215 730.683223
2511.614005 -1470.723587
-1563.541403 125.266039
-583.266141 1640.767789
-347.872075 2115.422281
-1771.244866 -719.806676
-2954.128237 1140.619881
-1510.634323 -2803.351809
-601.726163 1063.823901
-2283.636085 -2408.747885
-642.119656 147.823270
-874.249946 -977.917938
-1235.687091 1819.178899
-753.647386 503.107592
-122.436121 45.529229
-257.156590 -210.051708
2120.925054 357.048564
159.930525 -1845.339573
482.346879 699.925167
-155.709683 -1319.867329
1318.863296 233.006740
-1122.479857 1849.018637
3035.239449 -71.242309
932.093311 1571.367971
1420.573766 -2464.470742
2198.974727 1062.959195
3941.018573 -1860.630825
-4793.516779 1978.271869
1843.028116 1444.081552
-405.942464 3075.636438
-399.855379 627.891773
1112.217181 1092.006209
2537.797769 -1390.804993
-1701.044200 104.088960
-362.565795 1578.852779
-0.526617 1754.857323
-1760.291279 -611.792361
-2774.937246 811.927902
-1375.115263 -2276.147923
-793.930211 1154.582841
-2145.761046 -2453.354312
-584.909148 126.713636
-990.383379 -1264.818791
-884.815880 1580.687664
-898.955573 715.365157
-14.671830 275.681236
113.909232 87.359736
2251.332909 415.119487
-170.091451 -1975.872767
723.129422 885.975848
-403.510747 -1514.950719
732.011541 643.825667
-1191.556721 2328.673697
3145.820241 -249.625347
398.801096 1545.883588
960.194259 -2663.911917
2420.671961 954.025491
3335.025070 -1937.975020
-5564.792971 1915.892363
2080.577584 1961.836072
-210.322515 2899.136487
-701.621327 74.074975
1764.864371 272.383117
2410.537448 -1774.722234
-1775.339559 575.219885
-151.401504 1581.440692
69.634685 1799.029507
-1455.149398 -782.334412
-1882.075090 797.791480
-929.582405 -2222.685569
-564.974291 1578.546773
-1415.896462 -2098.912272
-261.534171 197.301859
-1017.002339 -831.193753
-1000.396281 2180.591389
-1005.582978 841.227630
-578.261228 -128.203342
-155.063820 584.326458
2499.013431 167.382107
-719.685223 -2079.213205
-599.428006 921.485748
-180.434561 -1900.711361
784.114431 632.322401
-2482.549728 1738.576978
2986.490282 -418.815784
760.412923 1574.170593
345.495182 -3389.260394
3129.022207 877.352131
3980.560663 -2568.575425
-5958.617120 1617.604980
2351.891135 1871.205671
-69.145173 2550.199099
-302.809338 736.163500
2298.908568 439.277838
2864.417462 -1766.063474
-941.880753 140.062413
232.866924 1685.671078
398.801139 2023.811195
-1086.986220 -655.427720
-2397.403876 1235.334494
-1133.354486 -2505.112962
-411.288252 1256.219472
-1684.193846 -2133.658032
-161.457767 -119.925435
-973.344020 -1105.421146
-919.457531 1516.214843
-999.700080 799.446122
-322.613009 -154.042303
-380.898964 119.182248
2303.205805 -141.653715
-599.265345 -2190.175145
187.040067 653.788077
-363.538566 -1718.495572
961.269090 373.142386
-2006.345347 1828.101975
3197.651275 -281.933081
480.547820 1618.030746
539.266853 -2800.411699
2521.740318 1112.663458
3844.954774 -2279.995670
-5673.341353 1821.293897
2149.194933 1440.572693
-608.509470 2759.578846
-811.904996 200.351278
1457.007201 603.688045
2366.974370 -1905.769084
-1735.028120 117.910400
-125.882835 1277.471505
95.675150 1659.302176
-1282.357079 -1002.351823
-2108.880048 876.486470
-1102.790658 -2761.935574
-511.701339 1296.158741
-1624.640123 -2312.327999
9.273733 18.607197
-681.293970 -1416.238786
-522.708090 1487.035366
-630.180474 612.538470
179.907169 -64.419417
75.621073 224.131275
2749.766800 -7.497950
-230.728051 -2012.473107
509.879681 769.501313
-198.131068 -1655.600258
1144.801420 398.863848
-1779.106050 1742.147642
3159.120354 -266.927448
466.744516 1601.630066
510.420404 -2772.770686
2328.320839 1045.092167
3672.393896 -2376.672442
-5636.193012 1779.567742
1865.625116 1253.963838
-705.864594 2614.836286
-978.036626 48.805642
1363.551584 580.938516
2277.357465 -1977.553083
-1796.180313 -44.500875
-345.300222 1031.251562
56.343848 1626.398622
-1314.104874 -982.445694
-2164.348730 811.791084
-1177.276871 -2781.060035
-299.990460 889.072812
-1845.911102 -2092.024786
116.986102 181.782974
-535.863782 -1178.977124
