0 0.000000 32.836924 13.601499 35.542430 0.392699 -0.000000 0
1 1500.000000 32.836924 13.601499 35.542430 0.392699 -0.000000 0
2 3000.000000 32.836924 13.601499 35.542430 0.392699 -0.000000 0
3 4500.000000 32.836924 13.601499 35.542430 0.392699 -0.000000 0
4 6000.000000 32.836924 13.601499 35.542430 0.392699 -0.000000 0
5 7500.000000 32.836924 13.601499 35.542430 0.392699 -0.000000 0
6 9000.000000 32.836924 13.601499 35.542430 0.392699 -0.000000 0
7 10500.000000 32.836924 13.601499 35.542430 0.392699 -0.000000 0
8 12000.000000 32.836924 13.601499 35.542430 0.392699 -0.000000 0
9 13500.000000 32.836924 13.601499 35.542430 0.392699 -0.000000 0
10 15000.000000 32.836924 13.601499 35.542430 0.392699 -0.000000 0
11 16500.000000 32.836924 13.601499 35.542430 0.392699 -0.000000 0
12 18000.000000 32.836924 13.601499 35.542430 0.392699 -0.000000 0
13 19500.000000 32.836924 13.601499 35.542430 0.392699 -0.000000 0
14 21000.000000 32.836924 13.601499 35.542430 0.392699 -0.000000 0
15 22500.000000 32.836924 13.601499 35.542430 0.392699 -0.000000 0
16 24000.000000 32.836924 13.601499 35.542430 0.392699 -0.000000 0
17 25500.000000 32.836924 13.601499 35.542430 0.392699 -0.000000 0
18 27000.000000 32.836924 13.601499 35.542430 0.392699 -0.000000 0
19 28500.000000 32.836924 13.601499 35.542430 0.392699 -0.000000 0
20 30000.000000 32.836924 13.601499 35.542430 0.392699 -0.000000 0
21 31500.000000 32.836924 13.601499 35.542430 0.392699 -0.000000 0
22 33000.000000 32.836924 13.601499 35.542430 0.392699 -0.000000 0
23 34500.000000 32.836924 13.601499 35.542430 0.392699 -0.000000 0
24 36000.000000 32.836924 13.601499 35.542430 0.392699 -0.000000 0
25 37500.000000 32.836924 13.601499 35.542430 0.392699 -0.000000 0
26 39000.000000 32.836924 13.601499 35.542430 0.392699 -0.000000 0
27 40500.000000 32.836924 13.601499 35.542430 0.392699 -0.000000 0
28 42000.000000 32.836924 13.601499 35.542430 0.392699 -0.000000 0
29 43500.000000 32.836924 13.601499 35.542430 0.392699 -0.000000 0
30 45000.000000 32.836924 13.601499 35.542430 0.392699 -0.000000 0
0 0.000000 32.836924 13.601499 35.542430 0.392699 -0.000000 0
1 1500.000000 32.836924 13.601499 35.542430 0.392699 -0.000000 0
2 3000.000000 32.836924 13.601499 35.542430 0.392699 -0.000000 0
3 4500.000000 32.836924 13.601499 35.542430 0.392699 -0.000000 0
4 6000.000000 32.836924 13.601499 35.542430 0.392699 -0.000000 0
5 7500.000000 32.836924 13.601499 35.542430 0.392699 -0.000000 0
6 9000.000000 32.836924 13.601499 35.542430 0.392699 -0.000000 0
7 10500.000000 32.836924 13.601499 35.542430 0.392699 -0.000000 0
8 12000.000000 32.836924 13.601499 35.542430 0.392699 -0.000000 0
9 13500.000000 32.836924 13.601499 35.542430 0.392699 -0.000000 0
10 15000.000000 32.836924 13.601499 35.542430 0.392699 -0.000000 0
11 16500.000000 32.836924 13.601499 35.542430 0.392699 -0.000000 0
12 18000.000000 32.836924 13.601499 35.542430 0.392699 -0.000000 0
13 19500.000000 32.836924 13.601499 35.542430 0.392699 -0.000000 0
14 21000.000000 32.836924 13.601499 35.542430 0.392699 -0.000000 0
15 22500.000000 32.836924 13.601499 35.542430 0.392699 -0.000000 0
16 24000.000000 32.836924 13.601499 35.542430 0.392699 -0.000000 0
17 25500.000000 32.836924 13.601499 35.542430 0.392699 -0.000000 0
18 27000.000000 32.836924 13.601499 35.542430 0.392699 -0.000000 0
19 28500.000000 32.836924 13.601499 35.542430 0.392699 -0.000000 0
20 30000.000000 32.836924 13.601499 35.542430 0.392699 -0.000000 0
21 31500.000000 32.836924 13.601499 35.542430 0.392699 -0.000000 0
22 33000.000000 32.836924 13.601499 35.542430 0.392699 -0.000000 0
23 34500.000000 32.836924 13.601499 35.542430 0.392699 -0.000000 0
24 36000.000000 32.836924 13.601499 35.542430 0.392699 -0.000000 0
25 37500.000000 32.836924 13.601499 35.542430 0.392699 -0.000000 0
26 39000.000000 32.836924 13.601499 35.542430 0.392699 -0.000000 0
27 40500.000000 32.836924 13.601499 35.542430 0.392699 -0.000000 0
28 42000.000000 32.836924 13.601499 35.542430 0.392699 -0.000000 0
29 43500.000000 32.836924 13.601499 35.542430 0.392699 -0.000000 0
30 45000.000000 32.836924 13.601499 35.542430 0.392699 -0.000000 0
0 0.000000 32.836924 13.601499 35.542430 0.392699 -0.000000 0
1 1500.000000 32.836924 13.601499 35.542430 0.392699 -0.000000 0
2 3000.000000 32.836924 13.601499 35.542430 0.392699 -0.000000 0
3 4500.000000 32.836924 13.601499 35.542430 0.392699 -0.000000 0
4 6000.000000 32.836924 13.601499 35.542430 0.392699 -0.000000 0
5 7500.000000 32.836924 13.601499 35.542430 0.392699 -0.000000 0
6 9000.000000 32.836924 13.601499 35.542430 0.392699 -0.000000 0
7 10500.000000 32.836924 13.601499 35.542430 0.392699 -0.000000 0
8 12000.000000 32.836924 13.601499 35.542430 0.392699 -0.000000 0
9 13500.000000 32.836924 13.601499 35.542430 0.392699 -0.000000 0
10 15000.000000 32.836924 13.601499 35.542430 0.392699 -0.000000 0
11 16500.000000 32.836924 13.601499 35.542430 0.392699 -0.000000 0
12 18000.000000 32.836924 13.601499 35.542430 0.392699 -0.000000 0
13 19500.000000 32.836924 13.601499 35.542430 0.392699 -0.000000 0
14 21000.000000 32.836924 13.601499 35.542430 0.392699 -0.000000 0
15 22500.000000 32.836924 13.601499 35.542430 0.392699 -0.000000 0
16 24000.000000 32.836924 13.601499 35.542430 0.392699 -0.000000 0
17 25500.000000 32.836924 13.601499 35.542430 0.392699 -0.000000 0
18 27000.000000 32.836924 13.601499 35.542430 0.392699 -0.000000 0
19 28500.000000 32.836924 13.601499 35.542430 0.392699 -0.000000 0
20 30000.000000 32.836924 13.601499 35.542430 0.392699 -0.000000 0
21 31500.000000 32.836924 13.601499 35.542430 0.392699 -0.000000 0
22 33000.000000 32.836924 13.601499 35.542430 0.392699 -0.000000 0
23 34500.000000 32.836924 13.601499 35.542430 0.392699 -0.000000 0
24 36000.000000 32.836924 13.601499 35.542430 0.392699 -0.000000 0
25 37500.000000 32.836924 13.601499 35.542430 0.392699 -0.000000 0
26 39000.000000 32.836924 13.601499 35.542430 0.392699 -0.000000 0
27 40500.000000 32.836924 13.601499 35.542430 0.392699 -0.000000 0
28 42000.000000 32.836924 13.601499 35.542430 0.392699 -0.000000 0
29 43500.000000 32.836924 13.601499 35.542430 0.392699 -0.000000 0
30 45000.000000 32.836924 13.601499 35.542430 0.392699 -0.000000 0
0 0.000000 32.836924 13.601499 35.542430 0.392699 -26.845308 0
1 1500.000000 32.836924 13.601499 35.542430 0.392699 -26.845308 0
2 3000.000000 32.836924 13.601499 35.542430 0.392699 -26.845308 0
3 4500.000000 32.836924 13.601499 35.542430 0.392699 -26.845308 0
4 6000.000000 32.836924 13.601499 35.542430 0.392699 -26.845308 0
5 7500.000000 32.836924 13.601499 35.542430 0.392699 -26.845308 0
6 9000.000000 32.836924 13.601499 35.542430 0.392699 -26.845308 0
7 10500.000000 32.836924 13.601499 35.542430 0.392699 -26.845308 0
8 12000.000000 32.836924 13.601499 35.542430 0.392699 -26.845308 0
9 13500.000000 32.836924 13.601499 35.542430 0.392699 -26.845308 0
10 15000.000000 32.836924 13.601499 35.542430 0.392699 -26.845308 0
11 16500.000000 32.836924 13.601499 35.542430 0.392699 -26.845308 0
12 18000.000000 32.836924 13.601499 35.542430 0.392699 -26.845308 0
13 19500.000000 32.836924 13.601499 35.542430 0.392699 -26.845308 0
14 21000.000000 32.836924 13.601499 35.542430 0.392699 -26.845308 0
15 22500.000000 32.836924 13.601499 35.542430 0.392699 -26.845308 0
16 24000.000000 32.836924 13.601499 35.542430 0.392699 -26.845308 0
17 25500.000000 21.751491 25.491527 33.510376 0.864399 -12.566997 0
18 27000.000000 17.181537 32.541830 36.799129 1.085014 -6.000850 0
19 28500.000000 -19.952990 64.925911 67.922718 1.868955 39.473169 1
20 30000.000000 -153.226217 148.890221 213.650583 2.370546 192.467730 1
21 31500.000000 -228.529825 173.695697 287.047167 2.491686 271.751119 1
22 33000.000000 -36.170842 62.036602 71.811348 2.098664 53.943282 1
23 34500.000000 -129.244790 170.857085 214.234356 2.218412 176.670026 1
24 36000.000000 -338.616297 214.981242 401.095912 2.575919 389.244951 1
25 37500.000000 -409.600398 288.155334 500.805334 2.528519 479.736872 1
26 39000.000000 -426.997642 186.065346 465.776018 2.730650 463.934098 1
27 40500.000000 -423.253299 314.361418 527.225242 2.502763 500.980971 1
28 42000.000000 -503.987264 139.692984 522.988807 2.871205 522.292906 1
29 43500.000000 -535.226282 120.848042 548.699756 2.919528 545.963156 1
30 45000.000000 -561.104554 131.647140 576.341296 2.911140 573.928889 1
0 0.000000 -171.483112 325.509366 367.916845 2.055665 24.378097 1
1 1500.000000 -19.489112 306.716232 307.334789 1.634252 -106.856657 0
2 3000.000000 158.173278 399.997188 430.135486 1.194231 -307.095968 0
3 4500.000000 197.131018 478.305820 517.336540 1.179865 -374.518862 0
4 6000.000000 -296.375643 366.222150 471.123323 2.251169 121.941775 1
5 7500.000000 -43.811313 482.373727 484.359209 1.661372 -156.029232 0
6 9000.000000 236.990639 582.604716 628.961699 1.184461 -453.329402 0
7 10500.000000 -284.223000 564.666526 632.163744 2.037118 30.181422 1
8 12000.000000 -171.963372 536.376950 563.268705 1.881045 -60.889241 0
9 13500.000000 232.036089 582.413966 626.934426 1.191667 -448.725023 0
10 15000.000000 350.432626 830.486412 901.393757 1.171503 -657.728874 0
11 16500.000000 367.520047 783.750644 865.641991 1.132317 -654.345692 0
12 18000.000000 448.305240 843.014520 954.804205 1.082043 -752.244637 0
13 19500.000000 -359.595796 733.455352 816.863447 2.026635 30.444243 1
14 21000.000000 -146.933808 811.308589 824.506622 1.749961 -195.502805 0
15 22500.000000 145.996456 922.657234 934.136680 1.413863 -508.403032 0
16 24000.000000 278.742620 914.718287 956.246304 1.275005 -626.463151 0
17 25500.000000 -532.928118 741.196525 912.899046 2.194167 185.667309 1
18 27000.000000 -355.043820 781.560542 858.424717 1.997200 6.733087 1
19 28500.000000 -581.379981 790.493355 981.265727 2.204930 209.900104 1
20 30000.000000 -1053.913194 851.202133 1354.724361 2.462199 616.967144 1
21 31500.000000 -1139.244772 804.516854 1394.677748 2.526728 713.907495 1
22 33000.000000 -418.319113 643.185272 767.253657 2.147443 120.788127 1
23 34500.000000 -715.153992 837.679057 1101.431539 2.277453 312.947682 1
24 36000.000000 -1296.203880 670.449282 1459.330921 2.664248 911.808261 1
25 37500.000000 -1449.978099 753.532045 1634.089052 2.662321 1018.539339 1
26 39000.000000 -1509.540617 524.366711 1598.021690 2.807264 1166.103305 1
27 40500.000000 -1527.663436 815.287302 1731.603003 2.651363 1064.418363 1
28 42000.000000 -1523.839171 329.515449 1559.059412 2.928631 1258.363919 1
29 43500.000000 -1611.505917 248.595037 1630.567635 2.988537 1371.352564 1
30 45000.000000 -1700.257712 181.246440 1709.890803 3.035394 1479.816392 1
0 0.000000 -518.082369 662.919422 841.350997 2.234165 26.759773 1
1 1500.000000 -75.310403 535.291644 540.563411 1.710569 -255.253749 0
2 3000.000000 96.626757 857.140076 862.569325 1.458539 -584.045868 0
3 4500.000000 113.965458 1003.412354 1009.863594 1.457703 -684.399591 0
4 6000.000000 -820.810405 702.113517 1080.135691 2.433977 247.954027 1
5 7500.000000 -390.833711 917.340034 997.127739 1.973557 -226.154305 0
6 9000.000000 222.377716 892.692373 919.973653 1.326656 -706.530766 0
7 10500.000000 -729.656890 874.562308 1138.972523 2.266111 72.569023 1
8 12000.000000 -716.822320 881.498639 1136.166400 2.253526 58.114899 1
9 13500.000000 83.424392 976.597041 980.153769 1.485580 -643.917795 0
10 15000.000000 214.405025 1825.593251 1838.140428 1.453888 -1250.882829 0
11 16500.000000 291.638412 1746.531768 1770.713467 1.405341 -1266.540509 0
12 18000.000000 426.981827 1822.525612 1871.874218 1.340667 -1420.644350 0
13 19500.000000 -1138.184244 1310.184263 1735.524755 2.286059 145.102916 1
14 21000.000000 -829.838633 1472.689742 1690.398543 2.083934 -199.709241 0
15 22500.000000 -113.015545 1696.440993 1700.201328 1.637317 -910.366921 0
16 24000.000000 -32.333166 1795.630405 1795.921486 1.588801 -1034.048064 0
17 25500.000000 -1441.182798 1420.296820 2023.425540 2.363493 324.645079 1
18 27000.000000 -1075.691543 1494.685563 1841.520358 2.194607 -14.265515 0
19 28500.000000 -1386.874785 1339.643249 1928.228644 2.373516 328.430649 1
20 30000.000000 -2386.001645 1355.489190 2744.149193 2.624959 1125.479510 1
21 31500.000000 -2351.877467 1051.131925 2576.083451 2.721292 1277.630829 1
22 33000.000000 -1278.344867 913.241690 1571.042960 2.521272 492.583662 1
23 34500.000000 -1801.739745 1315.825154 2231.067445 2.510814 677.334177 1
24 36000.000000 -2615.845624 1005.794510 2802.547221 2.774519 1517.449237 1
25 37500.000000 -2746.354412 1065.433564 2945.778545 2.771522 1587.573023 1
26 39000.000000 -2757.443956 496.725221 2801.826746 2.963364 1932.290251 1
27 40500.000000 -2792.485371 1083.868162 2995.454012 2.771354 1613.921908 1
28 42000.000000 -2771.121429 169.816747 2776.319813 3.080388 2136.337003 1
29 43500.000000 -2870.121783 203.899751 2877.355411 3.070670 2196.118399 1
30 45000.000000 -2912.978551 19.779645 2913.045704 3.134803 2339.413433 1
0 0.000000 -1337.734490 1304.780384 1868.685478 2.368665 487.859656 1
1 1500.000000 -479.750038 1448.124533 1525.524422 1.890707 -323.716364 0
2 3000.000000 -319.042574 1935.035991 1961.160995 1.734203 -709.789433 0
3 4500.000000 -400.168991 2023.993253 2063.173263 1.765992 -685.204076 0
4 6000.000000 -1788.824001 1212.995776 2161.307489 2.545719 922.903815 1
5 7500.000000 -1062.582366 1695.960220 2001.340139 2.130500 51.963635 1
6 9000.000000 -178.351263 1764.916816 1773.905449 1.671508 -744.363489 0
7 10500.000000 -1603.699202 1343.797746 2092.281891 2.444144 696.981642 1
8 12000.000000 -1504.072504 1450.905376 2089.823080 2.374185 556.720400 1
9 13500.000000 -244.790964 1796.281327 1812.884227 1.706239 -703.121566 0
10 15000.000000 -75.698775 2775.119554 2776.151805 1.598067 -1346.682788 0
11 16500.000000 113.091133 2746.293932 2748.621466 1.529640 -1494.549143 0
12 18000.000000 330.208683 2799.914003 2819.318392 1.453403 -1708.747671 0
13 19500.000000 -1876.414395 1786.493167 2590.847123 2.380739 706.542429 1
14 21000.000000 -1380.955520 2085.099055 2500.935068 2.155768 128.079029 1
15 22500.000000 -330.378372 2444.333370 2466.559444 1.705143 -959.137313 0
16 24000.000000 -314.067922 2560.710580 2579.898706 1.692836 -1032.386531 0
17 25500.000000 -2109.647597 1926.219994 2856.735278 2.401613 836.249134 1
18 27000.000000 -1560.327668 2001.108714 2537.530003 2.233056 325.233077 1
19 28500.000000 -1876.285933 1706.955432 2536.561797 2.403416 746.896964 1
20 30000.000000 -3103.282415 1583.929926 3484.134865 2.669656 1865.822690 1
21 31500.000000 -2985.000037 1125.532813 3190.148795 2.781015 1997.203267 1
22 33000.000000 -1622.549414 1051.876856 1933.678236 2.566423 861.725895 1
23 34500.000000 -2307.079709 1527.225516 2766.773312 2.556846 1209.210794 1
24 36000.000000 -3198.406416 1096.057341 3380.997678 2.811446 2195.923145 1
25 37500.000000 -3278.263908 1128.613044 3467.099891 2.810030 2248.110581 1
26 39000.000000 -3312.708054 514.831328 3352.474601 2.987415 2590.027775 1
27 40500.000000 -3363.689416 1191.084339 3568.345329 2.801269 2289.871915 1
28 42000.000000 -3244.536585 115.857977 3246.604491 3.105899 2734.317368 1
29 43500.000000 -3411.128573 168.321900 3415.278964 3.092288 2851.047190 1
30 45000.000000 -3477.513273 -49.691327 3477.868283 -3.127304 3019.113647 1
0 0.000000 -1462.352597 1407.522317 2029.678347 2.375298 542.342408 1
1 1500.000000 -436.826272 1449.211090 1513.614870 1.863559 -361.622640 0
2 3000.000000 -427.009104 2147.406354 2189.449891 1.767085 -725.446057 0
3 4500.000000 -530.683470 2218.006308 2280.608894 1.805643 -672.140438 0
4 6000.000000 -2016.360900 1329.141373 2415.021340 2.558792 1059.113081 1
5 7500.000000 -1231.082250 1813.542966 2191.917333 2.167171 136.611339 1
6 9000.000000 -116.500187 1739.770189 1743.666426 1.637659 -785.241985 0
7 10500.000000 -1731.787040 1359.784332 2201.840090 2.475947 798.562522 1
8 12000.000000 -1662.160768 1498.852847 2238.155105 2.407812 667.845852 1
9 13500.000000 -226.274920 1815.023215 1829.073430 1.694824 -729.053687 0
10 15000.000000 -151.524799 2989.554548 2993.392083 1.621438 -1391.219050 0
11 16500.000000 74.766052 2933.512131 2934.464752 1.545315 -1557.479312 0
12 18000.000000 297.804738 2911.929086 2927.117808 1.468880 -1738.479608 0
13 19500.000000 -2033.509314 1860.446913 2756.160889 2.400609 803.445802 1
14 21000.000000 -1445.877033 2177.030072 2613.430758 2.157055 136.490413 1
15 22500.000000 -250.842211 2421.985375 2434.940446 1.673997 -1016.843309 0
16 24000.000000 -287.792067 2543.129327 2559.361453 1.683481 -1046.698675 0
17 25500.000000 -2209.356147 1982.228439 2968.245976 2.410328 892.824766 1
18 27000.000000 -1568.731855 2000.030788 2541.858136 2.235924 332.331121 1
19 28500.000000 -1813.334499 1711.990484 2493.811024 2.384934 689.487691 1
20 30000.000000 -3214.001196 1625.845256 3601.829602 2.673265 1938.991463 1
21 31500.000000 -2876.292811 1151.160060 3098.101002 2.760894 1889.910111 1
22 33000.000000 -1527.902172 1087.988587 1875.687664 2.522805 761.404606 1
23 34500.000000 -2251.562662 1532.600901 2723.673979 2.543949 1158.010071 1
24 36000.000000 -3144.179291 1082.101973 3325.177904 2.810130 2155.649456 1
25 37500.000000 -3192.007243 1117.501553 3381.969834 2.804834 2178.800529 1
26 39000.000000 -3241.482142 556.110804 3288.839567 2.971686 2507.128407 1
27 40500.000000 -3338.238918 1234.156284 3559.070217 2.787474 2245.297025 1
28 42000.000000 -3160.333489 157.893080 3164.275270 3.091673 2639.965861 1
29 43500.000000 -3400.778348 192.028171 3406.195560 3.085187 2829.560088 1
30 45000.000000 -3471.745502 -10.077472 3471.760128 -3.138690 2993.516100 1
0 0.000000 -1380.071273 1422.823369 1982.176344 2.340943 86.405854 1
1 1500.000000 -391.089526 1400.203475 1453.795305 1.843164 -637.808582 0
2 3000.000000 -462.224217 2058.490258 2109.747229 1.791678 -1021.929288 0
3 4500.000000 -551.585697 2127.927523 2198.254382 1.824427 -1001.260049 0
4 6000.000000 -2027.808225 1271.018273 2393.218262 2.581704 671.416324 1
5 7500.000000 -1207.592924 1762.959443 2136.891825 2.171371 -268.466066 0
6 9000.000000 -56.978769 1694.570017 1695.527683 1.604408 -1083.092758 0
7 10500.000000 -1732.416328 1310.316847 2172.141011 2.494039 424.512253 1
8 12000.000000 -1643.945311 1434.203870 2181.627128 2.424228 276.085550 1
9 13500.000000 -174.099074 1756.931482 1765.536383 1.669567 -1036.974079 0
10 15000.000000 -121.368297 2865.397804 2867.967022 1.613128 -1812.730308 0
11 16500.000000 103.648647 2833.628560 2835.523560 1.534235 -1959.821238 0
12 18000.000000 309.728097 2793.204188 2810.324026 1.460361 -2087.007337 0
13 19500.000000 -1991.474177 1796.667328 2682.160115 2.407575 295.074958 1
14 21000.000000 -1369.253429 2111.411826 2516.528333 2.146117 -379.101489 0
15 22500.000000 -171.888903 2341.810302 2348.110152 1.644065 -1427.154290 0
16 24000.000000 -246.831030 2462.327721 2474.668334 1.670706 -1451.195127 0
17 25500.000000 -2163.725188 1927.446093 2897.715502 2.413884 336.953729 1
18 27000.000000 -1496.939375 1931.871906 2443.963288 2.230022 -164.392981 0
19 28500.000000 -1729.405119 1691.027054 2418.763023 2.367414 169.360107 1
20 30000.000000 -3142.366155 1600.703644 3526.573012 2.670458 1285.515995 1
21 31500.000000 -2764.767415 1175.537859 3004.301602 2.739565 1285.702486 1
22 33000.000000 -1433.916715 1113.135757 1815.265369 2.481477 332.375913 1
23 34500.000000 -2157.864222 1529.657950 2645.039025 2.524935 596.818806 1
24 36000.000000 -3086.924771 1077.992591 3269.735856 2.805620 1591.305705 1
25 37500.000000 -3091.801299 1130.843162 3292.118091 2.790951 1559.842779 1
26 39000.000000 -3138.256741 621.945328 3199.292322 2.945946 1932.622007 1
27 40500.000000 -3237.313252 1281.349873 3481.674108 2.764707 1568.629690 1
28 42000.000000 -3069.112336 216.080430 3076.709489 3.071304 2150.549498 1
29 43500.000000 -3327.946641 248.887837 3337.240477 3.066944 2322.228470 1
30 45000.000000 -3377.937947 64.413116 3378.552030 3.122526 2482.140193 1
0 0.000000 -1281.588774 1427.332501 1918.266888 2.302445 50.365140 1
1 1500.000000 -317.209743 1342.656771 1379.619232 1.802798 -628.975375 0
2 3000.000000 -430.644528 1963.717686 2010.383510 1.786679 -945.263752 0
3 4500.000000 -508.698888 2022.231766 2085.232810 1.817236 -923.772865 0
4 6000.000000 -1994.471956 1235.734147 2346.264535 2.586901 717.344101 1
5 7500.000000 -1139.499939 1718.230351 2061.740927 2.156383 -246.413483 0
6 9000.000000 28.962822 1664.113449 1664.365470 1.553394 -1100.947160 0
7 10500.000000 -1704.100455 1271.114524 2125.956372 2.500711 473.329032 1
8 12000.000000 -1583.043307 1393.689944 2109.122512 2.419720 301.691690 1
9 13500.000000 -91.041284 1711.445332 1713.865117 1.623942 -1040.267704 0
10 15000.000000 -57.664650 2748.241378 2748.846283 1.591776 -1737.866142 0
11 16500.000000 180.536905 2722.814500 2728.793209 1.504588 -1902.737949 0
12 18000.000000 365.017934 2689.173430 2713.833419 1.435885 -2021.383649 0
13 19500.000000 -1918.700397 1739.277133 2589.690360 2.405205 333.192318 1
14 21000.000000 -1270.460646 2076.368074 2434.209242 2.119896 -378.897132 0
15 22500.000000 -69.004361 2274.881430 2275.927750 1.601120 -1422.338704 0
16 24000.000000 -183.303116 2370.836352 2377.911907 1.647959 -1397.526882 0
17 25500.000000 -2100.722086 1877.415034 2817.396048 2.412269 382.217061 1
18 27000.000000 -1395.920353 1877.033136 2339.197945 2.210243 -154.142302 0
19 28500.000000 -1632.327534 1683.450584 2344.887854 2.340778 151.353909 1
20 30000.000000 -3056.974430 1596.969559 3448.971504 2.660184 1292.089587 1
21 31500.000000 -2654.052017 1228.614290 2924.634197 2.708046 1224.137167 1
22 33000.000000 -1329.858252 1131.902663 1746.346647 2.436434 278.651802 1
23 34500.000000 -2062.448500 1534.359182 2570.593690 2.501975 575.490818 1
24 36000.000000 -3022.658915 1088.111746 3212.546356 2.796050 1595.871381 1
25 37500.000000 -3001.251390 1154.432959 3215.622081 2.774388 1536.574487 1
26 39000.000000 -3047.107507 689.805585 3124.211245 2.918965 1872.719696 1
27 40500.000000 -3138.956971 1328.304708 3408.437217 2.741275 1528.691418 1
28 42000.000000 -2978.036688 278.281087 2991.010344 3.048419 2086.936046 1
29 43500.000000 -3260.134396 290.118702 3273.017742 3.052837 2294.038910 1
30 45000.000000 -3287.515034 126.022305 3289.929592 3.103278 2421.274152 1
0 0.000000 -1183.288552 1434.565958 1859.610520 2.260502 17.099403 1
1 1500.000000 -233.316419 1290.411837 1311.334915 1.749672 -630.567988 0
2 3000.000000 -363.242699 1874.630054 1909.498128 1.762192 -897.166526 0
3 4500.000000 -440.224787 1921.887344 1971.661438 1.795970 -867.065843 0
4 6000.000000 -1956.104508 1215.291391 2302.884715 2.585672 755.737343 1
5 7500.000000 -1063.786006 1690.981179 1997.763252 2.132334 -237.117952 0
6 9000.000000 119.019274 1640.236149 1644.548635 1.498361 -1124.527374 0
7 10500.000000 -1673.947780 1242.676420 2084.789163 2.502997 519.200113 1
8 12000.000000 -1519.324256 1339.854493 2025.723638 2.418882 337.875258 1
9 13500.000000 -11.638925 1681.327205 1681.367490 1.577719 -1048.827102 0
10 15000.000000 -2.850537 2651.004956 2651.006488 1.571872 -1665.768984 0
11 16500.000000 253.426417 2643.920613 2656.038621 1.475236 -1860.503341 0
12 18000.000000 447.134506 2620.325472 2658.201431 1.401783 -1996.217508 0
13 19500.000000 -1840.843623 1705.805902 2509.677075 2.394251 357.524004 1
14 21000.000000 -1172.925677 2056.080773 2367.112754 2.089217 -382.005777 0
15 22500.000000 27.590510 2230.863984 2231.034592 1.558429 -1425.081044 0
16 24000.000000 -117.276583 2299.364853 2302.353692 1.621756 -1355.582849 0
17 25500.000000 -2028.536171 1845.158102 2742.182966 2.403498 415.729450 1
18 27000.000000 -1286.862899 1851.186511 2254.530466 2.178264 -164.530529 0
19 28500.000000 -1535.188122 1697.994856 2289.102248 2.305882 124.867310 1
20 30000.000000 -2958.789766 1600.827744 3364.087743 2.645653 1292.500938 1
21 31500.000000 -2547.048890 1286.244784 2853.398621 2.673958 1170.406860 1
22 33000.000000 -1250.838070 1165.931758 1709.968638 2.391312 238.624222 1
23 34500.000000 -1967.348765 1542.923744 2500.214960 2.476520 558.334116 1
24 36000.000000 -2944.564388 1105.824744 3145.362904 2.782342 1592.894942 1
25 37500.000000 -2915.905424 1168.871090 3141.458907 2.760345 1530.951606 1
26 39000.000000 -2966.417332 743.056283 3058.065471 2.896153 1838.130302 1
27 40500.000000 -3049.422064 1355.795022 3337.237640 2.723232 1517.117088 1
28 42000.000000 -2900.022596 329.400211 2918.670169 3.028492 2046.792938 1
29 43500.000000 -3207.691116 328.081246 3224.425468 3.039668 2286.758762 1
30 45000.000000 -3228.253735 172.097755 3232.837734 3.088333 2400.884276 1
0 0.000000 -1121.229022 1440.750239 1825.627501 2.232119 -0.669258 0
1 1500.000000 -175.784100 1256.971049 1269.203005 1.709743 -633.660207 0
2 3000.000000 -308.688524 1829.385320 1855.246413 1.737961 -880.524553 0
3 4500.000000 -394.815386 1874.133878 1915.269428 1.778426 -840.070038 0
4 6000.000000 -1911.089096 1227.297061 2271.237462 2.570722 753.651641 1
5 7500.000000 -1018.378074 1686.684224 1970.278552 2.113987 -232.928269 0
6 9000.000000 166.818410 1648.254405 1656.674671 1.469931 -1144.382510 0
7 10500.000000 -1654.592337 1237.220007 2066.008022 2.499534 545.189921 1
8 12000.000000 -1499.759523 1320.889214 1998.506178 2.419524 371.623142 1
9 13500.000000 20.786385 1672.548044 1672.677205 1.558369 -1044.096950 0
10 15000.000000 44.851566 2595.373875 2595.761394 1.553517 -1630.113791 0
11 16500.000000 313.556250 2616.986648 2635.704201 1.451549 -1855.389839 0
12 18000.000000 507.245529 2599.073445 2648.108910 1.378055 -1997.195317 0
13 19500.000000 -1783.147187 1708.836613 2469.764455 2.377472 356.829096 1
14 21000.000000 -1116.577944 2056.370427 2339.958469 2.068238 -382.606675 0
15 22500.000000 75.488616 2206.109154 2207.400310 1.536592 -1415.101294 0
16 24000.000000 -78.581415 2262.277759 2263.642131 1.605518 -1328.059683 0
17 25500.000000 -1964.043537 1854.649107 2701.331214 2.384834 409.953780 1
18 27000.000000 -1231.515232 1850.483630 2222.817903 2.157998 -165.419078 0
19 28500.000000 -1479.982433 1716.533016 2266.458382 2.282326 112.916498 1
20 30000.000000 -2898.035188 1600.714097 3310.724026 2.636951 1302.862168 1
21 31500.000000 -2500.800870 1323.274977 2829.321766 2.654905 1159.934425 1
22 33000.000000 -1239.330801 1189.589602 1717.866193 2.376670 246.833501 1
23 34500.000000 -1915.993584 1561.006875 2471.391081 2.457938 552.473016 1
24 36000.000000 -2906.915894 1132.538132 3119.744002 2.770083 1597.539448 1
25 37500.000000 -2880.678387 1190.816229 3117.106232 2.749605 1541.030233 1
26 39000.000000 -2939.411401 807.163719 3048.221228 2.873598 1823.103322 1
27 40500.000000 -3016.804964 1396.356464 3324.292942 2.708096 1522.133832 1
28 42000.000000 -2864.060249 391.596367 2890.707323 3.005708 2019.000032 1
29 43500.000000 -3201.611525 382.002118 3224.320390 3.022838 2291.208202 1
30 45000.000000 -3197.456845 247.837571 3207.047511 3.064236 2370.367771 1
0 0.000000 -1087.040026 1460.214479 1820.407192 2.210729 -9.527350 0
1 1500.000000 -119.577880 1228.353428 1234.160044 1.667839 -643.104335 0
2 3000.000000 -258.113675 1807.905622 1826.238048 1.712607 -880.916968 0
3 4500.000000 -339.438022 1845.523517 1876.479476 1.752689 -838.559625 0
4 6000.000000 -1852.446837 1267.052083 2244.321783 2.541694 718.187223 1
5 7500.000000 -966.102300 1701.703275 1956.820812 2.087147 -251.371302 0
6 9000.000000 225.002757 1648.268625 1663.555140 1.435126 -1170.932304 0
7 10500.000000 -1617.702712 1250.134668 2044.455613 2.483669 540.799639 1
8 12000.000000 -1467.580362 1309.844836 1967.100814 2.412926 384.946306 1
9 13500.000000 64.227791 1642.204950 1643.460467 1.531706 -1038.826833 0
10 15000.000000 107.650279 2527.791083 2530.082280 1.528235 -1606.051840 0
11 16500.000000 385.851918 2572.901252 2601.673030 1.421938 -1855.461090 0
12 18000.000000 557.414817 2559.459561 2619.455005 1.356359 -1984.456936 0
13 19500.000000 -1715.375205 1698.653326 2414.111683 2.361092 349.131763 1
14 21000.000000 -1063.360132 2041.195226 2301.567449 2.051063 -377.809348 0
15 22500.000000 124.120462 2150.691881 2154.270516 1.513148 -1392.450057 0
16 24000.000000 -39.075616 2206.612953 2206.958910 1.588503 -1295.683471 0
17 25500.000000 -1915.106290 1842.522252 2657.540282 2.375509 422.204043 1
18 27000.000000 -1190.920507 1839.099490 2191.022270 2.145452 -154.362169 0
19 28500.000000 -1440.175309 1703.747894 2230.888121 2.272555 126.183529 1
20 30000.000000 -2856.073837 1598.858162 3273.149123 2.631249 1320.559877 1
21 31500.000000 -2470.036546 1344.809018 2812.399658 2.643021 1164.883728 1
22 33000.000000 -1234.617487 1198.728277 1720.822426 2.370942 265.626811 1
23 34500.000000 -1883.125584 1562.215799 2446.769333 2.449070 565.208433 1
24 36000.000000 -2889.208686 1133.045743 3103.436722 2.767859 1627.142092 1
25 37500.000000 -2846.938853 1169.518869 3077.797137 2.751812 1571.436073 1
26 39000.000000 -2919.538688 831.850699 3035.734134 2.864023 1832.493695 1
27 40500.000000 -2977.681284 1396.895876 3289.058211 2.702951 1539.170418 1
28 42000.000000 -2848.378361 415.252616 2878.488149 2.996827 2026.149959 1
29 43500.000000 -3193.300725 406.065871 3219.015223 3.015110 2307.267195 1
30 45000.000000 -3165.177371 284.389431 3177.927805 3.051984 2357.964458 1
0 0.000000 -1054.140215 1441.225091 1785.592718 2.202300 18.606518 1
1 1500.000000 -91.273730 1193.836686 1197.320729 1.647102 -620.484357 0
2 3000.000000 -233.725396 1792.779339 1807.950586 1.700436 -853.169981 0
3 4500.000000 -302.944383 1820.074812 1845.114528 1.735730 -812.761385 0
4 6000.000000 -1813.249115 1296.345957 2228.987482 2.520917 720.258496 1
5 7500.000000 -907.470156 1703.673012 1930.285942 2.060225 -253.395384 0
6 9000.000000 273.757851 1638.427071 1661.140159 1.405240 -1176.060138 0
7 10500.000000 -1572.877906 1260.431482 2015.597288 2.466027 545.676075 1
8 12000.000000 -1411.552060 1294.210964 1915.061680 2.399534 394.821184 1
9 13500.000000 108.823044 1603.641294 1607.329417 1.503040 -1021.684685 0
10 15000.000000 177.561639 2460.029314 2466.429070 1.498743 -1575.932129 0
11 16500.000000 464.442560 2523.437531 2565.822259 1.388782 -1846.135984 0
12 18000.000000 608.504097 2500.760430 2573.728806 1.332107 -1950.097707 0
13 19500.000000 -1636.279029 1711.085892 2367.535425 2.333850 334.993977 1
14 21000.000000 -978.704493 2025.740475 2249.774868 2.020860 -382.880332 0
15 22500.000000 198.974232 2087.483345 2096.944792 1.475766 -1376.555452 0
16 24000.000000 18.136504 2154.380944 2154.457283 1.562378 -1268.418145 0
17 25500.000000 -1833.297753 1851.176443 2605.347362 2.351342 413.698315 1
18 27000.000000 -1103.595600 1802.522331 2113.530222 2.120175 -151.418573 0
19 28500.000000 -1361.623209 1691.850858 2171.722148 2.248465 122.823599 1
20 30000.000000 -2769.227805 1635.782585 3216.272267 2.608040 1300.183549 1
21 31500.000000 -2406.932724 1389.447677 2779.188728 2.618055 1148.893677 1
22 33000.000000 -1166.851250 1184.421264 1662.647157 2.348722 259.706892 1
23 34500.000000 -1799.125654 1566.146926 2385.302772 2.425314 551.771117 1
24 36000.000000 -2823.517915 1175.099501 3058.285836 2.747214 1612.413761 1
25 37500.000000 -2776.950011 1212.733292 3030.210125 2.729842 1552.642760 1
26 39000.000000 -2864.602335 923.162719 3009.680372 2.829836 1792.431656 1
27 40500.000000 -2925.854494 1453.745810 3267.109028 2.680459 1533.490141 1
28 42000.000000 -2826.542697 487.708732 2868.310204 2.970729 2014.877320 1
29 43500.000000 -3188.574515 475.115535 3223.777630 2.993675 2316.627490 1
30 45000.000000 -3140.487205 373.103031 3162.572648 3.023343 2336.883241 1
0 0.000000 -1020.878009 1446.008502 1770.065675 2.185536 7.237265 1
1 1500.000000 -39.918573 1156.345967 1157.034782 1.605304 -630.345487 0
2 3000.000000 -200.506328 1783.344432 1794.580773 1.682759 -858.301420 0
3 4500.000000 -264.155966 1818.878891 1837.960499 1.715018 -826.530355 0
4 6000.000000 -1791.385681 1363.338375 2251.167293 2.491055 685.898025 1
5 7500.000000 -885.130453 1730.980798 1944.158029 2.043480 -267.380668 0
6 9000.000000 289.440775 1628.483409 1654.005494 1.394897 -1170.905368 0
7 10500.000000 -1572.990972 1308.278737 2045.945711 2.447811 538.543953 1
8 12000.000000 -1402.344358 1315.580527 1922.842121 2.388106 394.550604 1
9 13500.000000 103.380603 1567.838952 1571.243625 1.504953 -983.697344 0
10 15000.000000 203.897960 2414.751605 2423.344732 1.486558 -1551.669142 0
11 16500.000000 491.647215 2515.114190 2562.716600 1.377753 -1844.962893 0
12 18000.000000 615.594380 2486.052683 2561.135370 1.328060 -1929.845808 0
13 19500.000000 -1600.565242 1755.036850 2375.281759 2.310193 304.963376 1
14 21000.000000 -955.861592 2030.824374 2244.530913 2.010711 -381.362982 0
15 22500.000000 203.335525 2038.844086 2048.958405 1.471394 -1335.662658 0
16 24000.000000 31.712618 2145.770936 2146.005265 1.556018 -1256.368256 0
17 25500.000000 -1795.938047 1891.132564 2608.021443 2.330382 386.990023 1
18 27000.000000 -1078.908239 1806.894362 2104.497618 2.109085 -152.152284 0
19 28500.000000 -1348.191409 1670.004981 2146.284397 2.249971 146.957162 1
20 30000.000000 -2732.592889 1665.046237 3199.912947 2.594342 1284.005971 1
21 31500.000000 -2398.244477 1384.720653 2769.300969 2.617965 1170.821621 1
22 33000.000000 -1186.473337 1170.094379 1666.385261 2.363145 301.114766 1
23 34500.000000 -1789.550985 1566.796113 2378.516930 2.422466 567.732063 1
24 36000.000000 -2811.440708 1208.169888 3060.044662 2.735720 1610.577306 1
25 37500.000000 -2763.378822 1190.943859 3009.087867 2.734673 1581.078827 1
26 39000.000000 -2861.024302 944.570550 3012.917785 2.822709 1802.347990 1
27 40500.000000 -2934.670833 1453.127155 3274.732268 2.681826 1571.077954 1
28 42000.000000 -2852.373621 506.924870 2897.068880 2.965709 2046.207114 1
29 43500.000000 -3208.047486 491.183450 3245.432152 2.989663 2346.627948 1
30 45000.000000 -3146.347335 424.118806 3174.803665 3.007603 2334.533483 1
0 0.000000 -1028.897999 1426.594594 1758.921041 2.195627 48.395950 1
1 1500.000000 -66.168933 1136.164828 1138.089998 1.628969 -584.292584 0
2 3000.000000 -191.899399 1813.012451 1823.140019 1.676249 -861.006489 0
3 4500.000000 -249.998506 1861.828316 1878.537710 1.704274 -840.422361 0
4 6000.000000 -1783.580608 1455.810984 2302.291338 2.457034 655.973451 1
5 7500.000000 -863.183789 1773.979073 1972.837551 2.023651 -284.001634 0
6 9000.000000 291.389738 1642.455236 1668.102869 1.395212 -1164.689025 0
7 10500.000000 -1552.367638 1388.554442 2082.769484 2.411838 502.621542 1
8 12000.000000 -1370.640870 1362.388155 1932.552167 2.359214 367.077233 1
9 13500.000000 102.228534 1549.603130 1552.971518 1.504921 -956.058960 0
10 15000.000000 269.727894 2390.175872 2405.346926 1.458423 -1567.312647 0
11 16500.000000 538.562375 2522.819136 2579.663897 1.360477 -1864.200008 0
12 18000.000000 639.059029 2487.741313 2568.511881 1.319350 -1927.567136 0
13 19500.000000 -1545.124819 1821.729121 2388.746051 2.274223 253.005737 1
14 21000.000000 -901.119876 2056.018147 2244.822410 1.983865 -411.259224 0
15 22500.000000 222.740357 1999.497395 2011.865577 1.459856 -1308.734726 0
16 24000.000000 71.158789 2136.730666 2137.915226 1.537506 -1260.582525 0
17 25500.000000 -1729.822794 1958.462025 2613.017490 2.294283 328.821664 1
18 27000.000000 -1022.541930 1798.609769 2068.958458 2.087746 -166.089177 0
19 28500.000000 -1305.533565 1667.908666 2118.097544 2.234922 141.411714 1
20 30000.000000 -2630.962610 1687.124876 3125.436705 2.571388 1226.535328 1
21 31500.000000 -2353.970972 1395.865450 2736.716955 2.606348 1161.315526 1
22 33000.000000 -1189.300146 1157.419026 1659.534163 2.369779 332.414823 1
23 34500.000000 -1796.351651 1581.617572 2393.406234 2.419678 595.776766 1
24 36000.000000 -2787.185365 1229.755921 3046.424443 2.726066 1612.942618 1
25 37500.000000 -2739.779381 1161.208569 2975.700992 2.740711 1612.297527 1
26 39000.000000 -2846.617582 986.175703 3012.602559 2.808095 1799.079091 1
27 40500.000000 -2895.736915 1449.733470 3238.366782 2.677430 1578.978218 1
28 42000.000000 -2841.801749 541.059089 2892.850172 2.953451 2045.440606 1
29 43500.000000 -3226.799390 514.762433 3267.600750 2.983398 2378.565797 1
30 45000.000000 -3136.284770 487.508264 3173.948089 2.987385 2319.052119 1
0 0.000000 -1038.381019 1403.515267 1745.878073 2.207765 73.609270 1
1 1500.000000 -129.295603 1114.042914 1121.520828 1.686339 -517.150509 0
2 3000.000000 -250.428640 1827.815025 1844.890856 1.706958 -816.774557 0
3 4500.000000 -264.523219 1912.008185 1930.219633 1.708272 -852.277214 0
4 6000.000000 -1791.275108 1523.472529 2351.517607 2.436811 629.987326 1
5 7500.000000 -858.653185 1801.843581 1995.977350 2.015502 -298.451514 0
6 9000.000000 283.219967 1676.977712 1700.725667 1.403488 -1174.256278 0
7 10500.000000 -1567.275167 1446.686744 2132.898024 2.396183 487.482380 1
8 12000.000000 -1367.962608 1381.084606 1943.892072 2.351421 359.158463 1
9 13500.000000 70.165040 1546.589345 1548.180136 1.525460 -924.728995 0
10 15000.000000 277.399357 2351.407770 2367.713856 1.453367 -1547.344534 0
11 16500.000000 536.073802 2504.912529 2561.632663 1.359968 -1847.609811 0
12 18000.000000 626.838340 2467.583861 2545.956877 1.322029 -1901.870075 0
13 19500.000000 -1526.021098 1849.787630 2398.010565 2.260579 227.440114 1
14 21000.000000 -863.420503 2046.370453 2221.064383 1.970062 -431.520786 0
15 22500.000000 228.186533 1976.186732 1989.317243 1.455837 -1296.332479 0
16 24000.000000 76.006153 2148.410327 2149.754374 1.535433 -1266.790557 0
17 25500.000000 -1696.710545 1975.751159 2604.307838 2.280358 298.233728 1
18 27000.000000 -979.710264 1782.074412 2033.622731 2.073454 -187.106915 0
19 28500.000000 -1281.652145 1630.696560 2074.078951 2.236914 147.803415 1
20 30000.000000 -2577.077862 1670.591045 3071.189467 2.566449 1198.402928 1
21 31500.000000 -2305.154247 1367.143463 2680.077863 2.606276 1143.211923 1
22 33000.000000 -1166.068495 1152.550255 1639.538907 2.362025 319.993562 1
23 34500.000000 -1741.658445 1599.135976 2364.447083 2.398830 546.494494 1
24 36000.000000 -2739.680165 1219.099052 2998.674692 2.722922 1586.068926 1
25 37500.000000 -2702.319539 1115.488227 2923.498738 2.750110 1613.181634 1
26 39000.000000 -2806.173332 1015.698057 2984.334316 2.794311 1755.116241 1
27 40500.000000 -2820.939760 1441.053948 3167.702260 2.669309 1529.003372 1
28 42000.000000 -2801.551909 573.034806 2859.556257 2.939834 1999.329831 1
29 43500.000000 -3197.238082 544.784752 3243.319562 2.972821 2342.891874 1
30 45000.000000 -3086.479908 553.229456 3135.669155 2.964233 2246.423018 1
0 0.000000 -1006.033768 1392.059860 1717.537364 2.196592 77.868180 1
1 1500.000000 -127.026593 1103.462958 1110.750312 1.685408 -498.910384 0
2 3000.000000 -244.243402 1826.947631 1843.201694 1.703698 -797.646059 0
3 4500.000000 -255.740846 1905.491468 1922.576686 1.704212 -831.104642 0
4 6000.000000 -1787.640385 1564.026372 2375.255068 2.422813 637.157863 1
5 7500.000000 -804.499668 1802.963884 1974.309621 1.990494 -315.996007 0
6 9000.000000 337.608318 1703.293107 1736.429320 1.375123 -1216.390706 0
7 10500.000000 -1554.744987 1453.918095 2128.640364 2.389694 502.788796 1
8 12000.000000 -1341.093986 1381.824789 1925.609729 2.341237 363.665095 1
9 13500.000000 95.777654 1507.957690 1510.996278 1.507367 -907.046275 0
10 15000.000000 326.217057 2278.041268 2301.279989 1.428563 -1522.053600 0
11 16500.000000 564.882260 2440.462763 2504.985123 1.343337 -1810.701209 0
12 18000.000000 634.397439 2418.042295 2499.877727 1.314219 -1856.535941 0
13 19500.000000 -1467.737757 1851.498533 2362.689345 2.241088 212.000847 1
14 21000.000000 -780.912607 2030.178549 2175.189519 1.938002 -460.323159 0
15 22500.000000 293.684578 1909.959776 1932.407042 1.418226 -1292.995575 0
16 24000.000000 107.365094 2095.825544 2098.573795 1.519613 -1239.119180 0
17 25500.000000 -1627.162285 1945.709682 2536.423321 2.267272 293.649992 1
18 27000.000000 -905.511155 1735.511904 1957.537233 2.051696 -194.537913 0
19 28500.000000 -1213.031816 1571.019366 1984.829472 2.228311 152.823756 1
20 30000.000000 -2465.695113 1642.065239 2962.436605 2.554076 1161.364748 1
21 31500.000000 -2212.963174 1354.326042 2594.495141 2.592399 1107.819715 1
22 33000.000000 -1104.063768 1142.396115 1588.718253 2.339133 296.756951 1
23 34500.000000 -1674.612544 1579.651887 2302.091930 2.385367 534.072779 1
24 36000.000000 -2685.427919 1198.448371 2940.714472 2.721838 1588.386588 1
25 37500.000000 -2632.713004 1058.876465 2837.674599 2.759191 1620.845729 1
26 39000.000000 -2725.447703 1040.454765 2917.295203 2.776913 1708.494692 1
27 40500.000000 -2723.023368 1427.677770 3074.592669 2.658696 1494.116608 1
28 42000.000000 -2746.878559 606.208801 2812.975458 2.924384 1964.553522 1
29 43500.000000 -3134.602870 558.786947 3184.019159 2.965182 2314.782219 1
30 45000.000000 -2983.243391 596.441122 3042.282554 2.944264 2167.563065 1
0 0.000000 -944.646477 1350.927806 1648.442569 2.181024 77.736201 1
1 1500.000000 -108.978973 1058.613131 1064.207770 1.673380 -472.900179 0
2 3000.000000 -222.848987 1772.103025 1786.060134 1.695894 -757.447887 0
3 4500.000000 -236.101453 1860.930862 1875.848494 1.696995 -793.654851 0
4 6000.000000 -1778.054350 1587.503499 2383.620069 2.412752 656.213571 1
5 7500.000000 -740.684403 1787.121051 1934.532253 1.963703 -327.567083 0
6 9000.000000 391.329932 1690.762169 1735.458391 1.343350 -1233.398469 0
7 10500.000000 -1544.664797 1454.649942 2121.790703 2.386197 529.765702 1
8 12000.000000 -1275.739237 1346.040271 1854.544422 2.329387 360.326873 1
9 13500.000000 120.463075 1443.495033 1448.512776 1.487537 -872.361624 0
10 15000.000000 354.711851 2179.134527 2207.815161 1.409435 -1463.111693 0
11 16500.000000 600.824191 2371.315028 2446.247059 1.322647 -1773.811786 0
12 18000.000000 645.836737 2353.125125 2440.144042 1.302933 -1802.166503 0
13 19500.000000 -1415.728856 1834.974121 2317.632028 2.227932 217.727977 1
14 21000.000000 -700.381739 2011.232970 2129.693086 1.905898 -481.272450 0
15 22500.000000 360.925101 1857.369776 1892.112421 1.378868 -1296.617400 0
16 24000.000000 129.769054 2047.915723 2052.023103 1.507515 -1202.852723 0
17 25500.000000 -1560.727048 1922.013392 2475.884569 2.252828 293.883786 1
18 27000.000000 -836.888015 1709.847845 1903.670455 2.025970 -204.968331 0
19 28500.000000 -1162.394119 1535.661885 1925.984816 2.218720 163.264535 1
20 30000.000000 -2378.056228 1639.002342 2888.162063 2.538139 1136.104401 1
21 31500.000000 -2136.117902 1370.156661 2537.780323 2.571270 1075.015966 1
22 33000.000000 -1059.511543 1166.879216 1576.125570 2.308007 273.109138 1
23 34500.000000 -1626.352150 1572.646118 2262.352123 2.372981 535.860121 1
24 36000.000000 -2629.621933 1197.452400 2889.429660 2.714282 1584.521971 1
25 37500.000000 -2556.415043 1042.653463 2760.866551 2.754331 1605.243098 1
26 39000.000000 -2663.428802 1088.307840 2877.197757 2.753685 1671.368164 1
27 40500.000000 -2641.587308 1445.113154 3011.035624 2.641008 1462.446344 1
28 42000.000000 -2684.289962 660.574308 2764.375339 2.900298 1917.320346 1
29 43500.000000 -3084.677190 596.246988 3141.773995 2.950654 2290.235653 1
30 45000.000000 -2897.319283 647.565179 2968.804420 2.921702 2104.408138 1
0 0.000000 -885.406982 1339.197590 1605.426956 2.154968 68.852917 1
1 1500.000000 -101.923585 1032.953582 1037.969903 1.669150 -444.850242 0
2 3000.000000 -217.552328 1739.137612 1752.691829 1.695242 -709.594322 0
3 4500.000000 -206.115112 1810.783390 1822.476316 1.684135 -756.310391 0
4 6000.000000 -1771.117751 1596.007773 2384.134833 2.408153 695.640084 1
5 7500.000000 -699.187741 1773.925082 1906.744265 1.946247 -314.729929 0
6 9000.000000 422.486307 1682.272834 1734.513352 1.324745 -1228.844110 0
7 10500.000000 -1526.765522 1444.030705 2101.484627 2.384037 564.519411 1
8 12000.000000 -1226.051135 1323.891203 1804.408297 2.317844 368.689763 1
9 13500.000000 143.679597 1408.392233 1415.702126 1.469131 -848.781222 0
10 15000.000000 391.575085 2082.684915 2119.176138 1.384951 -1408.654133 0
11 16500.000000 620.397395 2313.319094 2395.065377 1.308777 -1723.595994 0
12 18000.000000 662.367030 2289.568963 2383.454660 1.289187 -1747.329579 0
13 19500.000000 -1358.360855 1812.506883 2265.022167 2.213937 230.339011 1
14 21000.000000 -605.501343 1972.056218 2062.919679 1.868700 -497.106545 0
15 22500.000000 439.728521 1805.039634 1857.829178 1.331839 -1306.874246 0
16 24000.000000 192.113315 1977.959273 1987.267071 1.473973 -1183.747177 0
17 25500.000000 -1473.837914 1911.900773 2414.034540 2.227525 278.098849 1
18 27000.000000 -733.785961 1678.208505 1831.618308 1.982992 -235.761721 0
19 28500.000000 -1088.234597 1496.758481 1850.551401 2.199454 161.507803 1
20 30000.000000 -2258.732741 1626.823493 2783.599876 2.517413 1097.675648 1
21 31500.000000 -2027.417867 1389.295269 2457.755999 2.540832 1021.806860 1
22 33000.000000 -966.300070 1175.707585 1521.848925 2.258742 222.416966 1
23 34500.000000 -1538.472865 1565.232931 2194.732987 2.347573 512.106731 1
24 36000.000000 -2534.539080 1204.167124 2806.048255 2.698060 1551.820165 1
25 37500.000000 -2446.152100 1037.744295 2657.173935 2.740370 1561.813038 1
26 39000.000000 -2560.167375 1146.279748 2805.069384 2.720623 1603.610078 1
27 40500.000000 -2528.205566 1455.082506 2917.034193 2.619353 1417.113927 1
28 42000.000000 -2601.391360 719.057365 2698.940626 2.871914 1859.057263 1
29 43500.000000 -3007.282224 640.031703 3074.636069 2.931894 2247.643909 1
30 45000.000000 -2795.598167 711.644503 2884.754237 2.892328 2029.322377 1
0 0.000000 -801.661749 1331.543893 1554.242805 2.112725 32.169006 1
1 1500.000000 -46.879705 1003.895156 1004.989149 1.617460 -459.232013 0
2 3000.000000 -172.312004 1684.101674 1692.893935 1.672758 -689.162881 0
3 4500.000000 -159.487941 1764.039522 1771.234552 1.660962 -740.088806 0
4 6000.000000 -1743.628958 1598.966804 2365.784602 2.399446 715.887672 1
5 7500.000000 -646.330585 1751.361111 1866.817872 1.924336 -311.582019 0
6 9000.000000 473.890213 1665.052491 1731.176401 1.293518 -1240.068836 0
7 10500.000000 -1503.167525 1425.222408 2071.417756 2.382805 593.873181 1
8 12000.000000 -1166.636199 1287.276572 1737.274012 2.307072 370.720375 1
9 13500.000000 176.013261 1372.432114 1383.672857 1.443243 -836.038297 0
10 15000.000000 429.144944 1995.156402 2040.787703 1.358931 -1365.639608 0
11 16500.000000 647.010424 2252.707868 2343.782248 1.291110 -1682.821141 0
12 18000.000000 685.117642 2242.115043 2344.454318 1.274240 -1710.593343 0
13 19500.000000 -1306.338901 1785.636857 2212.469278 2.202405 243.714669 1
14 21000.000000 -540.816816 1935.536535 2009.672737 1.843262 -494.793930 0
15 22500.000000 513.737179 1753.419975 1827.130947 1.285782 -1318.626737 0
16 24000.000000 223.027165 1929.999091 1942.842661 1.455748 -1154.447837 0
17 25500.000000 -1413.749271 1881.304119 2353.293902 2.215239 289.224539 1
18 27000.000000 -669.579929 1656.278989 1786.504232 1.954976 -244.074168 0
19 28500.000000 -1032.461937 1477.296400 1802.326914 2.180774 159.743665 1
20 30000.000000 -2194.533340 1611.258877 2722.523049 2.508271 1100.794553 1
21 31500.000000 -1970.772311 1391.582381 2412.559849 2.526778 1016.134525 1
22 33000.000000 -914.776190 1183.176809 1495.567732 2.228951 204.141627 1
23 34500.000000 -1487.547740 1561.445953 2156.597260 2.331962 512.495499 1
24 36000.000000 -2492.385065 1200.630548 2766.495441 2.692676 1563.564905 1
25 37500.000000 -2386.217829 1037.273322 2601.916885 2.731540 1552.839096 1
26 39000.000000 -2514.323564 1179.964984 2777.434130 2.702808 1592.880489 1
27 40500.000000 -2474.050940 1461.159897 2873.311034 2.608118 1417.935640 1
28 42000.000000 -2566.768537 760.528933 2677.070224 2.853535 1847.218033 1
29 43500.000000 -2968.031056 674.659536 3043.743393 2.918082 2237.954312 1
30 45000.000000 -2748.990385 755.782730 2850.992050 2.873291 2007.605550 1
0 0.000000 -753.781236 1325.144056 1524.530393 2.087981 30.198309 1
1 1500.000000 4.717575 976.857314 976.868705 1.565967 -470.224523 0
2 3000.000000 -139.870630 1649.371987 1655.292042 1.655396 -664.025383 0
3 4500.000000 -102.792412 1720.435875 1723.503954 1.630473 -730.517158 0
4 6000.000000 -1707.773866 1620.999488 2354.597825 2.382257 727.444575 1
5 7500.000000 -596.802817 1742.576874 1841.941303 1.900759 -306.925990 0
6 9000.000000 522.834233 1654.528912 1735.171909 1.264724 -1248.896038 0
7 10500.000000 -1468.080515 1428.536225 2048.408197 2.369846 608.621109 1
8 12000.000000 -1108.758221 1259.787635 1678.216219 2.292516 373.348435 1
9 13500.000000 226.730829 1331.977976 1351.137372 1.402191 -834.773503 0
10 15000.000000 489.354323 1910.983472 1972.644287 1.320109 -1341.832322 0
11 16500.000000 693.996720 2194.835773 2301.941684 1.264548 -1657.111545 0
12 18000.000000 724.251439 2192.949549 2309.451855 1.251811 -1682.800584 0
13 19500.000000 -1241.711183 1787.343859 2176.337458 2.177973 238.484713 1
14 21000.000000 -471.567860 1904.930957 1962.431705 1.813469 -494.449665 0
15 22500.000000 586.394424 1700.788461 1799.038580 1.238781 -1326.826520 0
16 24000.000000 279.994054 1868.767929 1889.627011 1.422074 -1137.696677 0
17 25500.000000 -1349.737215 1866.398437 2303.309288 2.196909 295.703538 1
18 27000.000000 -589.419195 1633.547264 1736.632273 1.917079 -261.394747 0
19 28500.000000 -974.519056 1457.964806 1753.667234 2.160005 160.819594 1
20 30000.000000 -2129.669514 1610.654804 2670.150021 2.494076 1103.158140 1
21 31500.000000 -1914.330285 1407.108900 2375.840040 2.507735 1011.025754 1
22 33000.000000 -872.046640 1178.123894 1465.756205 2.207996 204.280751 1
23 34500.000000 -1442.109936 1564.365703 2127.656250 2.315553 520.990166 1
24 36000.000000 -2444.922949 1217.713131 2731.386735 2.679500 1567.695304 1
25 37500.000000 -2324.936325 1026.161862 2541.325852 2.725937 1553.639522 1
26 39000.000000 -2468.465303 1217.629142 2752.442857 2.683341 1588.425291 1
27 40500.000000 -2406.756636 1467.825719 2819.040590 2.593942 1414.819486 1
28 42000.000000 -2532.777232 800.760733 2656.346788 2.835378 1843.841472 1
29 43500.000000 -2921.835363 707.496945 3006.272412 2.904024 2230.258575 1
30 45000.000000 -2694.265540 805.838774 2812.195393 2.850967 1983.340687 1
0 0.000000 -708.208734 1302.793774 1482.845652 2.068719 17.619558 1
1 1500.000000 19.005631 940.119453 940.311544 1.550583 -455.960628 0
2 3000.000000 -126.966853 1616.071168 1621.051079 1.649200 -642.649171 0
3 4500.000000 -80.119404 1692.044674 1693.940465 1.618112 -719.560551 0
4 6000.000000 -1700.810262 1629.202860 2355.219206 2.377695 742.792854 1
5 7500.000000 -566.719580 1727.315688 1817.908295 1.887823 -305.789740 0
6 9000.000000 536.608975 1639.718796 1725.290387 1.254525 -1240.422581 0
7 10500.000000 -1472.804215 1423.941220 2048.599730 2.373061 637.075688 1
8 12000.000000 -1066.148652 1239.922183 1635.261438 2.280982 363.475438 1
9 13500.000000 219.682394 1273.494957 1292.304051 1.399974 -789.125968 0
10 15000.000000 488.983092 1823.704885 1888.121811 1.308832 -1284.257303 0
11 16500.000000 677.173378 2125.520284 2230.784674 1.262371 -1591.639623 0
12 18000.000000 699.976503 2129.878509 2241.952178 1.253270 -1613.837762 0
13 19500.000000 -1223.274805 1776.259069 2156.733069 2.173885 251.866838 1
14 21000.000000 -421.073977 1865.176286 1912.115548 1.792830 -498.966623 0
15 22500.000000 615.094162 1632.157762 1744.213229 1.210396 -1306.286409 0
16 24000.000000 281.486933 1814.251889 1835.958826 1.416870 -1096.375569 0
17 25500.000000 -1294.621835 1854.483404 2261.670708 2.180249 278.410380 1
18 27000.000000 -529.582332 1594.455357 1680.102774 1.891472 -276.563344 0
19 28500.000000 -941.767978 1405.315003 1691.696540 2.161205 176.239718 1
20 30000.000000 -2056.756586 1584.782108 2596.494172 2.485085 1078.267117 1
21 31500.000000 -1854.938456 1385.455008 2315.228338 2.500078 992.932850 1
22 33000.000000 -836.339135 1164.030696 1433.328508 2.193821 195.731252 1
23 34500.000000 -1405.113657 1552.141240 2093.677821 2.306518 517.338582 1
24 36000.000000 -2384.303007 1214.112967 2675.625371 2.670604 1541.030209 1
25 37500.000000 -2257.843091 996.519911 2467.976369 2.725948 1530.859439 1
26 39000.000000 -2410.737188 1242.639279 2712.158950 2.665653 1551.077604 1
27 40500.000000 -2318.555963 1473.566797 2747.198729 2.575440 1361.699219 1
28 42000.000000 -2485.137145 842.908051 2624.195231 2.814590 1803.586898 1
29 43500.000000 -2858.918347 739.232429 2952.944073 2.888564 2182.510182 1
30 45000.000000 -2617.517814 861.693198 2755.705840 2.823565 1911.861463 1
0 0.000000 -656.209880 1271.339170 1430.704264 2.047285 8.740693 1
1 1500.000000 25.390952 910.047014 910.401158 1.542903 -435.089216 0
2 3000.000000 -98.152392 1595.344195 1598.360720 1.632243 -635.556770 0
3 4500.000000 -40.082035 1686.589156 1687.065366 1.594557 -728.674945 0
4 6000.000000 -1664.882550 1653.476203 2346.447838 2.359632 734.673812 1
5 7500.000000 -527.024433 1714.296495 1793.479084 1.869055 -307.173950 0
6 9000.000000 561.507662 1612.225928 1707.209213 1.235654 -1231.226512 0
7 10500.000000 -1453.549064 1422.918719 2034.085191 2.366843 650.786281 1
8 12000.000000 -1035.773998 1212.933621 1595.003368 2.277574 373.553578 1
9 13500.000000 233.864085 1219.937650 1242.151472 1.381393 -761.371494 0
10 15000.000000 511.506023 1741.629141 1815.188827 1.285135 -1245.303974 0
11 16500.000000 698.886615 2067.700633 2182.619621 1.244850 -1560.118003 0
12 18000.000000 708.315193 2086.362893 2203.320343 1.243508 -1576.980801 0
13 19500.000000 -1181.237482 1777.634449 2134.316337 2.157297 247.282806 1
14 21000.000000 -374.118818 1842.972346 1880.561607 1.771072 -501.792526 0
15 22500.000000 652.217868 1578.212963 1707.672189 1.178908 -1296.669736 0
16 24000.000000 316.055649 1778.136089 1806.006402 1.394888 -1087.626087 0
17 25500.000000 -1236.575553 1863.151517 2236.169196 2.156743 257.852506 1
18 27000.000000 -478.468931 1593.907656 1664.173709 1.862424 -295.892945 0
19 28500.000000 -910.714360 1374.666878 1648.972308 2.155908 188.774369 1
20 30000.000000 -1989.415902 1584.755434 2543.467204 2.468932 1055.107588 1
21 31500.000000 -1816.253387 1384.301936 2283.652385 2.490345 991.601649 1
22 33000.000000 -821.506230 1164.574136 1425.168553 2.185146 204.473800 1
23 34500.000000 -1365.445513 1537.860113 2056.563925 2.296879 520.156819 1
24 36000.000000 -2336.416574 1229.470359 2640.159043 2.657189 1525.446683 1
25 37500.000000 -2219.713193 979.165959 2426.085867 2.726146 1534.861868 1
26 39000.000000 -2376.875611 1270.378214 2695.069289 2.650748 1542.971266 1
27 40500.000000 -2276.977247 1476.063084 2713.556266 2.566445 1360.700765 1
28 42000.000000 -2466.272367 888.239314 2621.348597 2.795900 1795.854004 1
29 43500.000000 -2836.142088 772.275932 2939.406752 2.875740 2178.111972 1
30 45000.000000 -2590.584416 906.135197 2744.486949 2.805114 1898.554446 1
0 0.000000 -627.837612 1260.415407 1408.128923 2.032938 16.375493 1
1 1500.000000 44.871260 897.938507 899.058949 1.520866 -431.380926 0
2 3000.000000 -68.664502 1593.875649 1595.354004 1.613850 -632.203182 0
3 4500.000000 1.646265 1698.709746 1698.710544 1.569827 -741.146227 0
4 6000.000000 -1632.100894 1696.418586 2354.058060 2.336874 730.589817 1
5 7500.000000 -497.621126 1711.645799 1782.514551 1.853724 -297.326445 0
6 9000.000000 588.330610 1594.158541 1699.257003 1.217249 -1223.769133 0
7 10500.000000 -1411.866177 1433.040629 2011.708613 2.348752 647.011132 1
8 12000.000000 -1000.543158 1216.314935 1574.963058 2.259168 371.096512 1
9 13500.000000 259.856542 1180.671591 1208.929621 1.354158 -748.025478 0
10 15000.000000 555.068042 1691.924981 1780.648947 1.253791 -1236.395526 0
11 16500.000000 739.234832 2025.383808 2156.072287 1.220835 -1547.383894 0
12 18000.000000 733.006713 2057.936329 2184.582517 1.228622 -1555.951441 0
13 19500.000000 -1133.183236 1794.245694 2122.126730 2.134103 238.855593 1
14 21000.000000 -325.743925 1836.894970 1865.554137 1.746306 -506.591307 0
15 22500.000000 698.714554 1532.675489 1684.427553 1.143064 -1296.368023 0
16 24000.000000 362.825985 1751.825754 1789.004239 1.366571 -1089.417030 0
17 25500.000000 -1169.937880 1889.987935 2222.793071 2.125083 230.254242 1
18 27000.000000 -437.269156 1605.323726 1663.811462 1.836732 -305.361227 0
19 28500.000000 -888.734703 1371.909214 1634.620526 2.145630 202.693895 1
20 30000.000000 -1940.916626 1597.576383 2513.843203 2.452922 1051.631723 1
21 31500.000000 -1787.891247 1393.888992 2267.042486 2.479398 1002.565610 1
22 33000.000000 -806.500120 1172.607595 1423.183409 2.173276 215.445671 1
23 34500.000000 -1328.988387 1537.711722 2032.428959 2.283513 526.825928 1
24 36000.000000 -2303.526136 1262.073026 2626.606362 2.640373 1524.148756 1
25 37500.000000 -2183.380109 989.753012 2397.240022 2.715988 1534.565925 1
26 39000.000000 -2354.815323 1301.128674 2690.370055 2.636802 1553.314627 1
27 40500.000000 -2238.821774 1489.547478 2689.065753 2.554518 1366.851800 1
28 42000.000000 -2435.486372 942.105666 2611.351556 2.772496 1782.264980 1
29 43500.000000 -2806.096452 814.086107 2921.799700 2.859231 2171.640253 1
30 45000.000000 -2563.216596 957.996470 2736.391155 2.783920 1890.331508 1
0 0.000000 -594.531458 1279.141065 1410.556457 2.005881 5.539673 1
1 1500.000000 67.467920 908.011891 910.514972 1.496630 -440.772052 0
2 3000.000000 -45.549929 1625.780004 1626.417971 1.598806 -638.068752 0
3 4500.000000 44.767617 1718.928784 1719.511647 1.544758 -759.049651 0
4 6000.000000 -1608.154387 1740.183954 2369.472669 2.316784 733.718337 1
5 7500.000000 -479.165931 1726.438668 1791.700439 1.841528 -286.203650 0
6 9000.000000 601.902802 1607.124087 1716.139509 1.212445 -1218.471613 0
7 10500.000000 -1403.109127 1442.097969 2012.054118 2.342492 672.015117 1
8 12000.000000 -983.611886 1237.203936 1580.558737 2.242498 376.538971 1
9 13500.000000 270.733701 1185.238843 1215.766364 1.346228 -741.294878 0
10 15000.000000 569.420767 1667.426201 1761.973367 1.241717 -1214.163858 0
11 16500.000000 748.462288 2029.795323 2163.391978 1.217527 -1528.262194 0
12 18000.000000 728.375463 2069.705221 2194.130925 1.232410 -1526.692906 0
13 19500.000000 -1109.011709 1820.867509 2132.009722 2.117849 246.536387 1
14 21000.000000 -300.472844 1846.133648 1870.425988 1.732139 -498.566451 0
15 22500.000000 738.380948 1515.451231 1685.763583 1.117413 -1304.147493 0
16 24000.000000 405.273366 1731.064393 1777.872446 1.340820 -1091.634621 0
17 25500.000000 -1122.293392 1895.940835 2203.209955 2.105272 227.227733 1
18 27000.000000 -383.954698 1614.234704 1659.269384 1.804313 -325.808842 0
19 28500.000000 -833.254050 1378.398247 1610.681234 2.114525 180.933201 1
20 30000.000000 -1885.428516 1612.189596 2480.724891 2.434158 1039.108804 1
21 31500.000000 -1735.450571 1412.156428 2237.403509 2.458547 986.454804 1
22 33000.000000 -756.464550 1189.994878 1410.080290 2.137044 189.909281 1
23 34500.000000 -1279.852789 1540.670625 2002.920152 2.263985 518.843136 1
24 36000.000000 -2238.666618 1281.073389 2579.297822 2.621829 1498.400417 1
25 37500.000000 -2102.395134 992.725547 2324.988024 2.700441 1495.107192 1
26 39000.000000 -2291.038654 1354.234188 2661.354608 2.607743 1515.403960 1
27 40500.000000 -2147.460680 1497.955336 2618.292872 2.532515 1324.901554 1
28 42000.000000 -2367.650889 998.692068 2569.660790 2.742429 1733.593906 1
29 43500.000000 -2732.707018 859.287427 2864.622581 2.836936 2123.501413 1
30 45000.000000 -2487.066751 1018.513310 2687.539840 2.752903 1833.797404 1
0 0.000000 -536.804917 1269.751569 1378.560324 1.970771 -7.426034 0
1 1500.000000 112.866287 880.138491 887.345796 1.443255 -450.803320 0
2 3000.000000 -4.405896 1575.641212 1575.647372 1.573593 -617.307292 0
3 4500.000000 98.909432 1655.346290 1658.298651 1.511116 -743.681722 0
4 6000.000000 -1582.877534 1727.545288 2343.056553 2.312522 773.341081 1
5 7500.000000 -425.759241 1672.959083 1726.285905 1.820001 -268.477944 0
6 9000.000000 645.583068 1565.734010 1693.605765 1.179715 -1210.714085 0
7 10500.000000 -1364.733175 1427.283091 1974.749012 2.333795 691.283972 1
8 12000.000000 -894.619697 1195.254754 1492.976332 2.213321 350.769269 1
9 13500.000000 280.950133 1122.133479 1156.769865 1.325468 -700.696647 0
10 15000.000000 591.049160 1551.078384 1659.874472 1.206726 -1154.820152 0
11 16500.000000 746.688987 1920.786271 2060.816426 1.200033 -1443.641672 0
12 18000.000000 724.638999 1984.671547 2112.823426 1.220717 -1448.571861 0
13 19500.000000 -1065.224847 1793.980510 2086.401218 2.106628 271.440270 1
14 21000.000000 -217.008943 1791.566803 1804.661877 1.691337 -507.084177 0
15 22500.000000 783.943477 1451.267573 1649.468079 1.075525 -1292.721749 0
16 24000.000000 443.804914 1640.211093 1699.192523 1.306546 -1054.658212 0
17 25500.000000 -1034.156724 1872.325865 2138.944664 2.075433 211.994323 1
18 27000.000000 -262.293780 1579.120099 1600.755545 1.735395 -381.690603 0
19 28500.000000 -782.517941 1351.848380 1561.994997 2.095519 185.999368 1
20 30000.000000 -1784.317393 1593.675511 2392.402599 2.412571 1011.247927 1
21 31500.000000 -1638.926122 1420.931776 2169.130227 2.427318 945.760910 1
22 33000.000000 -673.413024 1189.763491 1367.121891 2.085845 149.654721 1
23 34500.000000 -1230.892129 1522.123802 1957.538327 2.250800 530.888879 1
24 36000.000000 -2127.334892 1245.308467 2465.024730 2.611989 1463.846200 1
25 37500.000000 -2002.426178 957.413880 2219.538677 2.695596 1462.591716 1
26 39000.000000 -2205.410823 1368.216097 2595.352035 2.586315 1487.126059 1
27 40500.000000 -2036.171491 1469.654319 2511.150764 2.516403 1291.599627 1
28 42000.000000 -2285.182650 1022.592066 2503.548337 2.720830 1696.730438 1
29 43500.000000 -2649.262543 873.331632 2789.498192 2.823160 2090.166259 1
30 45000.000000 -2375.940504 1029.645023 2589.452095 2.732660 1777.351913 1
0 0.000000 -481.080807 1223.653551 1314.825751 1.945385 -25.683166 0
1 1500.000000 115.730673 844.845051 852.734864 1.434659 -431.277358 0
2 3000.000000 11.007657 1507.166890 1507.207087 1.563493 -588.913742 0
3 4500.000000 118.307828 1579.078816 1583.504547 1.496014 -715.601682 0
4 6000.000000 -1580.012670 1676.511740 2303.721262 2.326571 815.100704 1
5 7500.000000 -394.739776 1595.167072 1643.282532 1.813383 -248.065425 0
6 9000.000000 637.678987 1528.741582 1656.407352 1.175613 -1175.825132 0
7 10500.000000 -1349.800170 1360.662145 1916.601673 2.352187 723.823559 1
8 12000.000000 -829.162122 1120.791346 1394.160345 2.207738 335.210976 1
9 13500.000000 269.054873 1063.960219 1097.452446 1.323108 -656.986675 0
10 15000.000000 592.553952 1426.195884 1544.394666 1.177018 -1094.782261 0
11 16500.000000 737.491877 1815.828154 1959.879117 1.185003 -1378.226580 0
12 18000.000000 711.679291 1907.320075 2035.769457 1.213666 -1389.525721 0
13 19500.000000 -1029.078665 1735.761796 2017.887983 2.105956 283.652848 1
14 21000.000000 -141.821542 1717.403933 1723.249726 1.653188 -528.532131 0
15 22500.000000 822.348687 1392.956464 1617.586188 1.037494 -1294.195586 0
16 24000.000000 484.809990 1545.108863 1619.383255 1.266754 -1040.961053 0
17 25500.000000 -961.482090 1789.151890 2031.135716 2.063911 200.736933 1
18 27000.000000 -164.712472 1514.711207 1523.640456 1.679113 -429.562438 0
19 28500.000000 -730.127946 1266.192300 1461.618883 2.093857 187.935622 1
20 30000.000000 -1681.273554 1493.412328 2248.768806 2.415300 978.908208 1
21 31500.000000 -1553.013604 1355.943348 2061.657977 2.423837 913.269376 1
22 33000.000000 -614.697088 1166.150385 1318.240961 2.055901 119.770382 1
23 34500.000000 -1200.650358 1452.811913 1884.734394 2.261448 550.723133 1
24 36000.000000 -2043.160675 1186.105844 2362.488649 2.615616 1431.056036 1
25 37500.000000 -1926.933008 900.277559 2126.868708 2.704521 1433.496784 1
26 39000.000000 -2125.683717 1340.691614 2513.162404 2.578897 1447.891617 1
27 40500.000000 -1958.795084 1416.330884 2417.203209 2.515556 1264.752348 1
28 42000.000000 -2226.848902 1043.017476 2459.012299 2.703557 1655.607295 1
29 43500.000000 -2558.933171 886.156912 2708.027519 2.808218 2022.466121 1
30 45000.000000 -2284.114379 1036.652790 2508.351551 2.715539 1710.926469 1
0 0.000000 -438.141468 1201.409344 1278.808961 1.920497 -51.145036 0
1 1500.000000 120.311440 842.985485 851.527669 1.429033 -431.554544 0
2 3000.000000 27.046249 1468.338476 1468.587546 1.552379 -582.864112 0
3 4500.000000 139.505573 1528.506006 1534.859086 1.479779 -709.749959 0
4 6000.000000 -1549.964677 1631.689975 2250.511647 2.330514 813.843979 1
5 7500.000000 -361.899062 1526.166056 1568.487731 1.803625 -245.051230 0
6 9000.000000 643.909995 1500.538725 1632.861460 1.165442 -1165.709342 0
7 10500.000000 -1328.658048 1270.372859 1838.254446 2.378616 746.401006 1
8 12000.000000 -783.473611 1059.980733 1318.100927 2.207310 322.025437 1
9 13500.000000 263.133303 1016.072058 1049.591141 1.317392 -629.426162 0
10 15000.000000 577.521978 1316.831754 1437.907335 1.157489 -1034.505763 0
11 16500.000000 716.893066 1714.656239 1858.489087 1.174787 -1314.566945 0
12 18000.000000 712.455304 1823.397846 1957.644571 1.198307 -1351.774635 0
13 19500.000000 -1016.133737 1639.150883 1928.559926 2.125730 317.204707 1
14 21000.000000 -102.921799 1644.465999 1647.683622 1.633302 -529.554680 0
15 22500.000000 837.373303 1349.394420 1588.099288 1.015400 -1287.244746 0
16 24000.000000 489.897716 1475.652255 1554.847050 1.250258 -1013.789996 0
17 25500.000000 -908.559853 1700.918251 1928.368197 2.061396 194.230190 1
18 27000.000000 -119.461260 1473.143080 1477.978865 1.651712 -449.166958 0
19 28500.000000 -727.325399 1187.479792 1392.519477 2.120353 221.648195 1
20 30000.000000 -1625.159189 1397.176096 2143.185347 2.431485 972.496124 1
21 31500.000000 -1526.836478 1297.495286 2003.677531 2.437219 919.415934 1
22 33000.000000 -584.915120 1177.195112 1314.501437 2.031938 93.823035 1
23 34500.000000 -1174.379339 1403.066541 1829.689195 2.267700 553.277486 1
24 36000.000000 -1972.568080 1128.851138 2272.736175 2.621809 1395.797627 1
25 37500.000000 -1879.503673 840.036000 2058.687577 2.721282 1419.436698 1
26 39000.000000 -2059.782303 1303.734650 2437.709411 2.577298 1410.031500 1
27 40500.000000 -1900.822625 1350.922326 2331.977226 2.523719 1245.063114 1
28 42000.000000 -2190.488099 1051.951463 2429.987653 2.693881 1626.593632 1
29 43500.000000 -2465.671389 896.633729 2623.640113 2.792812 1940.151657 1
30 45000.000000 -2209.025585 1035.892036 2439.849656 2.703103 1649.842432 1
0 0.000000 -409.124074 1195.643575 1263.703315 1.900487 -76.142465 0
1 1500.000000 115.775602 865.715021 873.422285 1.437851 -436.201843 0
2 3000.000000 48.592821 1448.417142 1449.232031 1.537260 -595.589374 0
3 4500.000000 156.906167 1528.201660 1536.235613 1.468481 -726.101877 0
4 6000.000000 -1519.933306 1595.180461 2203.360605 2.332044 799.371336 1
5 7500.000000 -351.391499 1483.179620 1524.236783 1.803425 -238.852921 0
6 9000.000000 635.071391 1494.067803 1623.439026 1.168873 -1155.388124 0
7 10500.000000 -1321.112544 1206.573730 1789.178169 2.401477 763.215434 1
8 12000.000000 -767.816122 1023.009994 1279.097746 2.214647 321.247889 1
9 13500.000000 244.530474 965.356642 995.845670 1.322709 -593.170131 0
10 15000.000000 551.500501 1235.806990 1353.281833 1.151051 -979.908955 0
11 16500.000000 671.517208 1653.959569 1785.081964 1.185123 -1249.883552 0
12 18000.000000 683.613171 1783.610670 1910.129312 1.204791 -1310.360796 0
13 19500.000000 -995.025027 1573.545812 1861.752193 2.134661 322.099837 1
14 21000.000000 -74.914546 1603.450548 1605.199629 1.617483 -540.294453 0
15 22500.000000 849.793076 1314.461530 1565.233971 0.996889 -1285.706804 0
16 24000.000000 483.905229 1443.198419 1522.164888 1.247276 -996.233016 0
17 25500.000000 -872.907811 1634.847302 1853.292677 2.061225 185.846604 1
18 27000.000000 -95.111034 1456.265625 1459.368246 1.636015 -465.659062 0
19 28500.000000 -739.116955 1095.641677 1321.637075 2.164269 267.091152 1
20 30000.000000 -1569.940918 1313.148357 2046.722525 2.445029 952.844412 1
21 31500.000000 -1510.787494 1229.588348 1947.913334 2.458450 929.899459 1
22 33000.000000 -572.617715 1187.376931 1318.239365 2.020147 78.218239 1
23 34500.000000 -1175.331301 1338.748651 1781.474563 2.291285 578.130981 1
24 36000.000000 -1895.565452 1095.341864 2189.278919 2.617623 1336.823471 1
25 37500.000000 -1833.610005 778.453205 1992.012812 2.740106 1399.991487 1
26 39000.000000 -2003.320229 1269.638142 2371.765788 2.576714 1370.225391 1
27 40500.000000 -1842.412191 1301.503001 2255.746605 2.526576 1209.284815 1
28 42000.000000 -2138.110813 1086.613137 2398.384031 2.671397 1564.476088 1
29 43500.000000 -2374.185027 930.429332 2549.990840 2.768094 1842.201465 1
30 45000.000000 -2115.001503 1045.170351 2359.155022 2.682620 1558.857219 1
0 0.000000 -371.849239 1165.843194 1223.708384 1.879549 -83.766427 0
1 1500.000000 91.540673 882.946608 887.679225 1.467489 -410.357924 0
2 3000.000000 75.132252 1437.227010 1439.189471 1.518568 -599.285889 0
3 4500.000000 194.239234 1514.865930 1527.268040 1.443270 -738.617153 0
4 6000.000000 -1464.699723 1539.379197 2124.860840 2.331340 794.631300 1
5 7500.000000 -310.065744 1417.776943 1451.286404 1.786105 -234.011014 0
6 9000.000000 639.092530 1466.201905 1599.433427 1.159744 -1134.260766 0
7 10500.000000 -1291.283291 1120.551533 1709.692450 2.426866 787.695152 1
8 12000.000000 -722.802299 966.570768 1206.939192 2.212888 315.913584 1
9 13500.000000 230.188205 894.381321 923.528320 1.318892 -543.467690 0
10 15000.000000 520.024715 1109.758714 1225.557060 1.132589 -892.261661 0
11 16500.000000 627.276382 1536.215212 1659.347111 1.183133 -1149.066641 0
12 18000.000000 651.859061 1690.910009 1812.207741 1.202845 -1228.906155 0
13 19500.000000 -983.803176 1504.703497 1797.776766 2.149851 360.326146 1
14 21000.000000 -45.323591 1534.763670 1535.432757 1.600319 -523.230755 0
15 22500.000000 838.107702 1261.150979 1514.241166 0.984255 -1243.745290 0
16 24000.000000 485.381067 1367.076599 1450.687150 1.229629 -954.843462 0
17 25500.000000 -825.052201 1563.928335 1768.214628 2.056241 190.922017 1
18 27000.000000 -32.017447 1413.797434 1414.159927 1.593439 -491.040359 0
19 28500.000000 -722.291232 1027.900574 1256.297821 2.183323 292.846148 1
20 30000.000000 -1492.847591 1277.050360 1964.548689 2.433945 917.434877 1
21 31500.000000 -1468.701322 1207.873679 1901.589439 2.453336 920.469522 1
22 33000.000000 -516.291594 1192.112055 1299.110527 1.979499 40.841639 1
23 34500.000000 -1152.247446 1305.849758 1741.527424 2.293787 590.177577 1
24 36000.000000 -1815.699060 1107.850339 2126.992114 2.593743 1279.911573 1
25 37500.000000 -1759.095763 770.040025 1920.255073 2.728974 1351.729300 1
26 39000.000000 -1909.586762 1289.972507 2304.463206 2.547483 1300.107795 1
27 40500.000000 -1745.758556 1312.627408 2184.184893 2.496880 1139.454892 1
28 42000.000000 -2076.564852 1155.868412 2376.584392 2.633677 1504.744063 1
29 43500.000000 -2286.584664 993.851599 2493.232927 2.731581 1759.677579 1
30 45000.000000 -2021.011856 1117.520286 2309.402631 2.636487 1467.224137 1
0 0.000000 -302.044066 1162.399478 1201.000901 1.825019 -115.418692 0
1 1500.000000 134.197089 903.463654 913.375844 1.423338 -436.237047 0
2 3000.000000 144.057765 1420.993627 1428.277119 1.469763 -623.188507 0
3 4500.000000 264.421666 1495.100863 1518.303464 1.395748 -761.679693 0
4 6000.000000 -1389.249175 1519.712085 2059.013864 2.311376 783.014646 1
5 7500.000000 -250.301102 1406.176409 1428.279642 1.746953 -247.715274 0
6 9000.000000 678.367905 1447.626218 1598.688426 1.132577 -1134.162120 0
7 10500.000000 -1245.203918 1090.565492 1655.254026 2.422303 795.070292 1
8 12000.000000 -642.805673 952.672661 1149.253816 2.164367 276.636267 1
9 13500.000000 275.124973 857.050778 900.127651 1.260174 -552.662417 0
10 15000.000000 546.653523 1035.653930 1171.071790 1.085130 -869.006899 0
11 16500.000000 622.904689 1462.223258 1589.373181 1.168080 -1087.082294 0
12 18000.000000 655.421513 1646.209289 1771.886673 1.191895 -1180.792712 0
13 19500.000000 -947.277085 1467.697809 1746.845939 2.143943 385.768706 1
14 21000.000000 -3.517714 1498.177180 1498.181310 1.573144 -511.084541 0
15 22500.000000 863.067067 1220.088824 1494.490382 0.955134 -1229.510110 0
16 24000.000000 520.432691 1325.790894 1424.279355 1.196733 -943.996478 0
17 25500.000000 -781.179926 1540.354692 1727.117441 2.040142 204.822349 1
18 27000.000000 19.122590 1416.443271 1416.572347 1.557297 -504.285791 0
19 28500.000000 -698.824905 1024.218187 1239.910941 2.169545 304.685453 1
20 30000.000000 -1449.806597 1283.166901 1936.093093 2.417093 921.106888 1
21 31500.000000 -1436.197626 1204.915032 1874.695670 2.443542 935.192423 1
22 33000.000000 -477.050374 1201.976225 1293.183632 1.948617 35.360615 1
23 34500.000000 -1106.611772 1300.617778 1707.687389 2.275775 592.783193 1
24 36000.000000 -1770.280584 1122.726034 2096.284116 2.576399 1277.185530 1
25 37500.000000 -1701.412256 770.533511 1867.759502 2.716347 1333.426480 1
26 39000.000000 -1842.278598 1308.179000 2259.496122 2.524129 1281.132846 1
27 40500.000000 -1677.840278 1314.005389 2131.140108 2.477209 1124.690259 1
28 42000.000000 -2040.013185 1173.859074 2353.635256 2.619445 1512.964961 1
29 43500.000000 -2225.181817 1020.891238 2448.193832 2.711453 1739.397630 1
30 45000.000000 -1956.026701 1132.679005 2260.310196 2.616704 1448.222885 1
0 0.000000 -224.832166 1147.561327 1169.378682 1.764267 -153.581459 0
1 1500.000000 182.534242 899.837356 918.164482 1.370660 -460.453665 0
2 3000.000000 202.993899 1409.177411 1423.723112 1.427729 -642.568322 0
3 4500.000000 331.840951 1458.398701 1495.675495 1.347068 -780.388144 0
4 6000.000000 -1333.451629 1514.496802 2017.868631 2.292710 779.705241 1
5 7500.000000 -200.705892 1379.166278 1393.693825 1.715309 -250.437951 0
6 9000.000000 710.346584 1403.231445 1572.784396 1.102184 -1121.431415 0
7 10500.000000 -1196.562122 1054.281772 1594.763608 2.419323 797.022491 1
8 12000.000000 -577.471553 907.235917 1075.430334 2.137635 257.357114 1
9 13500.000000 317.647149 790.841610 852.250060 1.188862 -553.662746 0
10 15000.000000 591.933566 970.408090 1136.695741 1.023068 -870.943105 0
11 16500.000000 632.755559 1379.673673 1517.853432 1.140791 -1040.380482 0
12 18000.000000 665.799657 1585.671136 1719.779676 1.173266 -1137.506175 0
13 19500.000000 -916.748610 1433.899012 1701.909043 2.139641 410.591190 1
14 21000.000000 40.916912 1431.826532 1432.411049 1.542227 -496.221744 0
15 22500.000000 888.306518 1155.715561 1457.658029 0.915484 -1210.986632 0
16 24000.000000 550.687308 1255.921014 1371.347551 1.157570 -923.076056 0
17 25500.000000 -742.386578 1516.426487 1688.397797 2.026060 219.000913 1
18 27000.000000 71.879539 1374.585832 1376.463904 1.518552 -507.274015 0
19 28500.000000 -680.457489 1014.547911 1221.609536 2.161586 320.660908 1
20 30000.000000 -1394.633983 1268.901934 1885.501542 2.403364 916.145324 1
21 31500.000000 -1402.651232 1174.752095 1829.610058 2.444387 953.821999 1
22 33000.000000 -444.206645 1165.596796 1247.371410 1.934902 48.533695 1
23 34500.000000 -1063.909100 1275.700157 1661.118136 2.265916 600.581519 1
24 36000.000000 -1729.582746 1105.113187 2052.494003 2.573026 1285.867994 1
25 37500.000000 -1637.325691 767.094911 1808.112281 2.703457 1306.438333 1
26 39000.000000 -1781.000765 1315.446637 2214.128176 2.505428 1267.392538 1
27 40500.000000 -1613.202033 1286.872865 2063.604267 2.468248 1117.516934 1
28 42000.000000 -1979.780197 1168.910750 2299.104602 2.608244 1502.570343 1
29 43500.000000 -2151.220765 1022.777270 2381.979036 2.697785 1711.713527 1
30 45000.000000 -1895.473465 1122.952604 2203.143710 2.606751 1437.365064 1
0 0.000000 -170.565851 1111.119117 1124.134512 1.723115 -165.802084 0
1 1500.000000 221.155292 860.859965 888.813558 1.319334 -465.945918 0
2 3000.000000 249.830788 1353.781675 1376.640929 1.388307 -639.171897 0
3 4500.000000 389.555281 1407.099005 1460.027714 1.300711 -788.415540 0
4 6000.000000 -1298.440118 1501.626032 1985.151752 2.283757 796.045757 1
5 7500.000000 -171.828759 1328.204157 1339.272715 1.699451 -228.821789 0
6 9000.000000 729.416383 1335.168197 1521.421169 1.070790 -1091.780633 0
7 10500.000000 -1167.112306 1022.375730 1551.580893 2.422204 812.386626 1
8 12000.000000 -529.184377 861.489894 1011.039536 2.121640 250.616414 1
9 13500.000000 347.221873 726.311279 805.041057 1.124853 -546.561653 0
10 15000.000000 607.721873 901.265756 1087.016944 0.977529 -847.161136 0
11 16500.000000 649.556225 1297.396493 1450.917278 1.106620 -1004.320615 0
12 18000.000000 665.442274 1518.140707 1657.577940 1.157692 -1084.804150 0
13 19500.000000 -892.480444 1414.260355 1672.319854 2.133740 434.107682 1
14 21000.000000 87.998783 1372.627405 1375.445302 1.506774 -490.160372 0
15 22500.000000 922.531560 1090.005289 1427.997202 0.868422 -1203.717389 0
16 24000.000000 575.381957 1199.305616 1330.187339 1.123469 -904.446109 0
17 25500.000000 -709.331321 1494.774295 1654.539548 2.013870 235.337127 1
18 27000.000000 121.131554 1351.280786 1356.699162 1.481393 -515.494324 0
19 28500.000000 -663.771445 998.869597 1199.305216 2.157313 338.533617 1
20 30000.000000 -1342.360029 1251.842202 1835.494306 2.391073 911.899708 1
21 31500.000000 -1358.194838 1158.368860 1785.080287 2.435433 954.680349 1
22 33000.000000 -394.680198 1124.788168 1192.023859 1.908266 44.235101 1
23 34500.000000 -1039.470483 1246.410611 1622.972057 2.265911 624.176799 1
24 36000.000000 -1661.663527 1095.631887 1990.360497 2.558667 1263.124606 1
25 37500.000000 -1585.733905 772.236526 1763.774722 2.688407 1286.272879 1
26 39000.000000 -1734.815397 1331.175573 2186.689934 2.487092 1263.314445 1
27 40500.000000 -1568.039998 1287.726480 2029.036452 2.454038 1116.859902 1
28 42000.000000 -1921.713048 1192.467758 2261.627820 2.586219 1482.882766 1
29 43500.000000 -2087.227118 1058.975655 2340.501330 2.672074 1680.481694 1
30 45000.000000 -1827.980687 1156.644512 2163.178199 2.577444 1403.945134 1
0 0.000000 -125.692404 1100.300870 1107.456810 1.684538 -159.405289 0
1 1500.000000 256.773964 851.054693 888.947107 1.277769 -465.556962 0
2 3000.000000 288.594612 1328.561068 1359.544542 1.356896 -618.241136 0
3 4500.000000 443.742166 1378.108536 1447.788053 1.259286 -780.897056 0
4 6000.000000 -1267.944465 1509.293791 1971.205447 2.269510 840.562708 1
5 7500.000000 -122.220090 1289.966844 1295.743883 1.665261 -211.188535 0
6 9000.000000 766.944247 1291.923995 1502.421741 1.035063 -1071.382032 0
7 10500.000000 -1115.370637 993.252772 1493.520247 2.414043 824.802761 1
8 12000.000000 -455.417611 821.741424 939.502086 2.076866 230.514011 1
9 13500.000000 391.099726 693.206168 795.923229 1.057124 -555.128315 0
10 15000.000000 644.633983 833.694680 1053.849985 0.912596 -836.129308 0
11 16500.000000 703.074737 1232.108310 1418.592603 1.052254 -994.357120 0
12 18000.000000 713.456161 1450.424642 1616.400734 1.113654 -1060.135564 0
13 19500.000000 -821.523539 1403.814578 1626.528910 2.100268 435.869230 1
14 21000.000000 184.395508 1322.686556 1335.477978 1.432279 -515.995721 0
15 22500.000000 994.596585 1041.716600 1440.276308 0.808534 -1227.605425 0
16 24000.000000 635.505339 1135.766740 1301.473443 1.060659 -904.429063 0
17 25500.000000 -641.907548 1483.420411 1616.348173 1.979189 241.881276 1
18 27000.000000 213.556594 1321.358559 1338.504711 1.410563 -543.851221 0
19 28500.000000 -607.262145 1002.522106 1172.099776 2.115422 331.168393 1
20 30000.000000 -1253.239302 1268.217044 1782.970336 2.350254 887.897288 1
21 31500.000000 -1267.424836 1170.734022 1725.393829 2.395831 926.502278 1
22 33000.000000 -311.983882 1106.622935 1149.760089 1.845589 19.097561 1
23 34500.000000 -973.282507 1252.430081 1586.146256 2.231427 621.250176 1
24 36000.000000 -1581.572247 1130.478097 1944.055426 2.521015 1240.515808 1
25 37500.000000 -1500.841884 812.423442 1706.621871 2.645444 1243.667737 1
26 39000.000000 -1678.657463 1365.511502 2163.911398 2.458701 1274.373871 1
27 40500.000000 -1486.434515 1297.570605 1973.113540 2.423930 1105.868828 1
28 42000.000000 -1852.995603 1236.725338 2227.797626 2.553069 1475.815756 1
29 43500.000000 -2013.234761 1095.568822 2292.026450 2.643226 1666.784388 1
30 45000.000000 -1767.171420 1192.311787 2131.783813 2.548049 1404.175923 1
0 0.000000 -76.247982 1077.964443 1080.657714 1.641412 -166.528616 0
1 1500.000000 314.071330 835.108942 892.215077 1.211075 -492.719608 0
2 3000.000000 348.486607 1303.453893 1349.234956 1.309550 -630.906949 0
3 4500.000000 502.713278 1358.956861 1448.959762 1.216482 -793.635785 0
4 6000.000000 -1230.914364 1530.706318 1964.233185 2.248061 857.792016 1
5 7500.000000 -78.686136 1273.006429 1275.435956 1.632529 -207.730232 0
6 9000.000000 816.683763 1248.942319 1492.256441 0.991684 -1075.088631 0
7 10500.000000 -1057.561241 1002.152266 1456.964290 2.383089 806.915811 1
8 12000.000000 -393.888436 810.671306 901.296880 2.023084 202.803088 1
9 13500.000000 433.073255 673.049477 800.342453 0.999040 -572.504311 0
10 15000.000000 698.239295 821.370441 1078.048011 0.866250 -864.106257 0
11 16500.000000 748.241103 1206.351210 1419.559083 1.015619 -998.860085 0
12 18000.000000 758.344888 1421.019064 1610.708587 1.080583 -1056.671578 0
13 19500.000000 -770.597911 1435.243142 1629.031620 2.063535 430.441610 1
14 21000.000000 249.854676 1330.291374 1353.551808 1.385140 -540.764709 0
15 22500.000000 1054.763306 1025.780790 1471.309574 0.771469 -1257.288676 0
16 24000.000000 694.437254 1116.089855 1314.495973 1.014209 -926.249343 0
17 25500.000000 -587.616658 1510.252270 1620.541655 1.941858 235.326854 1
18 27000.000000 257.127960 1328.311169 1352.969087 1.379586 -547.411689 0
19 28500.000000 -566.735383 1027.793321 1173.689953 2.074721 322.769017 1
20 30000.000000 -1205.185817 1302.895123 1774.826345 2.317256 883.613625 1
21 31500.000000 -1230.955971 1192.508963 1713.864122 2.372058 933.395837 1
22 33000.000000 -277.658653 1093.146287 1127.857762 1.819536 26.398341 1
23 34500.000000 -923.388227 1261.048112 1562.974139 2.202833 618.289709 1
24 36000.000000 -1550.794209 1158.013584 1935.447788 2.500192 1252.855879 1
25 37500.000000 -1463.017912 832.548820 1683.317839 2.624232 1240.016988 1
26 39000.000000 -1671.213765 1372.860149 2162.799213 2.453894 1322.228179 1
27 40500.000000 -1458.448811 1309.803300 1960.269782 2.409839 1128.930664 1
28 42000.000000 -1852.961941 1248.268294 2234.198221 2.548763 1527.219275 1
29 43500.000000 -2004.458897 1101.111547 2286.985375 2.639263 1707.765559 1
30 45000.000000 -1777.881886 1212.331735 2151.885739 2.543120 1462.066523 1
