0 0.000000 0.000000 0.000000 0.000000 0.000000 0.000000 1
1 1500.000000 0.000000 0.000000 0.000000 0.000000 0.000000 1
2 3000.000000 0.000000 0.000000 0.000000 0.000000 0.000000 1
3 4500.000000 0.000000 0.000000 0.000000 0.000000 0.000000 1
4 6000.000000 0.000000 0.000000 0.000000 0.000000 0.000000 1
5 7500.000000 0.000000 0.000000 0.000000 0.000000 0.000000 1
6 9000.000000 0.000000 0.000000 0.000000 0.000000 0.000000 1
7 10500.000000 0.000000 0.000000 0.000000 0.000000 0.000000 1
8 12000.000000 0.000000 0.000000 0.000000 0.000000 0.000000 1
9 13500.000000 0.000000 0.000000 0.000000 0.000000 0.000000 1
10 15000.000000 0.000000 0.000000 0.000000 0.000000 0.000000 1
11 16500.000000 0.000000 0.000000 0.000000 0.000000 0.000000 1
12 18000.000000 0.000000 0.000000 0.000000 0.000000 0.000000 1
13 19500.000000 0.000000 0.000000 0.000000 0.000000 0.000000 1
14 21000.000000 0.000000 0.000000 0.000000 0.000000 0.000000 1
15 22500.000000 0.000000 0.000000 0.000000 0.000000 0.000000 1
16 24000.000000 0.000000 0.000000 0.000000 0.000000 0.000000 1
17 25500.000000 0.000000 0.000000 0.000000 0.000000 0.000000 1
18 27000.000000 0.000000 0.000000 0.000000 0.000000 0.000000 1
19 28500.000000 0.000000 0.000000 0.000000 0.000000 0.000000 1
20 30000.000000 0.000000 0.000000 0.000000 0.000000 0.000000 1
21 31500.000000 0.000000 0.000000 0.000000 0.000000 0.000000 1
22 33000.000000 0.000000 0.000000 0.000000 0.000000 0.000000 1
23 34500.000000 0.000000 0.000000 0.000000 0.000000 0.000000 1
24 36000.000000 0.000000 0.000000 0.000000 0.000000 0.000000 1
25 37500.000000 0.000000 0.000000 0.000000 0.000000 0.000000 1
26 39000.000000 0.000000 0.000000 0.000000 0.000000 0.000000 1
27 40500.000000 0.000000 0.000000 0.000000 0.000000 0.000000 1
28 42000.000000 0.000000 0.000000 0.000000 0.000000 0.000000 1
29 43500.000000 0.000000 0.000000 0.000000 0.000000 0.000000 1
30 45000.000000 0.000000 0.000000 0.000000 0.000000 0.000000 1
0 0.000000 0.000000 0.000000 0.000000 0.000000 0.000000 1
1 1500.000000 0.000000 0.000000 0.000000 0.000000 0.000000 1
2 3000.000000 0.000000 0.000000 0.000000 0.000000 0.000000 1
3 4500.000000 0.000000 0.000000 0.000000 0.000000 0.000000 1
4 6000.000000 0.000000 0.000000 0.000000 0.000000 0.000000 1
5 7500.000000 0.000000 0.000000 0.000000 0.000000 0.000000 1
6 9000.000000 0.000000 0.000000 0.000000 0.000000 0.000000 1
7 10500.000000 0.000000 0.000000 0.000000 0.000000 0.000000 1
8 12000.000000 0.000000 0.000000 0.000000 0.000000 0.000000 1
9 13500.000000 0.000000 0.000000 0.000000 0.000000 0.000000 1
10 15000.000000 0.000000 0.000000 0.000000 0.000000 0.000000 1
11 16500.000000 0.000000 0.000000 0.000000 0.000000 0.000000 1
12 18000.000000 0.000000 0.000000 0.000000 0.000000 0.000000 1
13 19500.000000 0.000000 0.000000 0.000000 0.000000 0.000000 1
14 21000.000000 0.000000 0.000000 0.000000 0.000000 0.000000 1
15 22500.000000 0.000000 0.000000 0.000000 0.000000 0.000000 1
16 24000.000000 0.000000 0.000000 0.000000 0.000000 0.000000 1
17 25500.000000 0.000000 0.000000 0.000000 0.000000 0.000000 1
18 27000.000000 0.000000 0.000000 0.000000 0.000000 0.000000 1
19 28500.000000 0.000000 0.000000 0.000000 0.000000 0.000000 1
20 30000.000000 0.000000 0.000000 0.000000 0.000000 0.000000 1
21 31500.000000 0.000000 0.000000 0.000000 0.000000 0.000000 1
22 33000.000000 0.000000 0.000000 0.000000 0.000000 0.000000 1
23 34500.000000 0.000000 0.000000 0.000000 0.000000 0.000000 1
24 36000.000000 0.000000 0.000000 0.000000 0.000000 0.000000 1
25 37500.000000 0.000000 0.000000 0.000000 0.000000 0.000000 1
26 39000.000000 0.000000 0.000000 0.000000 0.000000 0.000000 1
27 40500.000000 0.000000 0.000000 0.000000 0.000000 0.000000 1
28 42000.000000 0.000000 0.000000 0.000000 0.000000 0.000000 1
29 43500.000000 0.000000 0.000000 0.000000 0.000000 0.000000 1
30 45000.000000 0.000000 0.000000 0.000000 0.000000 0.000000 1
0 0.000000 0.000000 0.000000 0.000000 0.000000 0.000000 1
1 1500.000000 0.000000 0.000000 0.000000 0.000000 0.000000 1
2 3000.000000 0.000000 0.000000 0.000000 0.000000 0.000000 1
3 4500.000000 0.000000 0.000000 0.000000 0.000000 0.000000 1
4 6000.000000 0.000000 0.000000 0.000000 0.000000 0.000000 1
5 7500.000000 0.000000 0.000000 0.000000 0.000000 0.000000 1
6 9000.000000 0.000000 0.000000 0.000000 0.000000 0.000000 1
7 10500.000000 0.000000 0.000000 0.000000 0.000000 0.000000 1
8 12000.000000 0.000000 0.000000 0.000000 0.000000 0.000000 1
9 13500.000000 0.000000 0.000000 0.000000 0.000000 0.000000 1
10 15000.000000 0.000000 0.000000 0.000000 0.000000 0.000000 1
11 16500.000000 0.000000 0.000000 0.000000 0.000000 0.000000 1
12 18000.000000 0.000000 0.000000 0.000000 0.000000 0.000000 1
13 19500.000000 0.000000 0.000000 0.000000 0.000000 0.000000 1
14 21000.000000 0.000000 0.000000 0.000000 0.000000 0.000000 1
15 22500.000000 0.000000 0.000000 0.000000 0.000000 0.000000 1
16 24000.000000 0.000000 0.000000 0.000000 0.000000 0.000000 1
17 25500.000000 0.000000 0.000000 0.000000 0.000000 0.000000 1
18 27000.000000 0.000000 0.000000 0.000000 0.000000 0.000000 1
19 28500.000000 0.000000 0.000000 0.000000 0.000000 0.000000 1
20 30000.000000 0.000000 0.000000 0.000000 0.000000 0.000000 1
21 31500.000000 0.000000 0.000000 0.000000 0.000000 0.000000 1
22 33000.000000 0.000000 0.000000 0.000000 0.000000 0.000000 1
23 34500.000000 0.000000 0.000000 0.000000 0.000000 0.000000 1
24 36000.000000 0.000000 0.000000 0.000000 0.000000 0.000000 1
25 37500.000000 0.000000 0.000000 0.000000 0.000000 0.000000 1
26 39000.000000 0.000000 0.000000 0.000000 0.000000 0.000000 1
27 40500.000000 0.000000 0.000000 0.000000 0.000000 0.000000 1
28 42000.000000 0.000000 0.000000 0.000000 0.000000 0.000000 1
29 43500.000000 0.000000 0.000000 0.000000 0.000000 0.000000 1
30 45000.000000 0.000000 0.000000 0.000000 0.000000 0.000000 1
0 0.000000 0.000000 0.000000 0.000000 0.000000 -0.000000 1
1 1500.000000 0.000000 0.000000 0.000000 0.000000 -0.000000 1
2 3000.000000 0.000000 0.000000 0.000000 0.000000 -0.000000 1
3 4500.000000 0.000000 0.000000 0.000000 0.000000 -0.000000 1
4 6000.000000 0.000000 0.000000 0.000000 0.000000 -0.000000 1
5 7500.000000 0.000000 0.000000 0.000000 0.000000 -0.000000 1
6 9000.000000 0.000000 0.000000 0.000000 0.000000 -0.000000 1
7 10500.000000 0.000000 0.000000 0.000000 0.000000 -0.000000 1
8 12000.000000 0.000000 0.000000 0.000000 0.000000 -0.000000 1
9 13500.000000 0.000000 0.000000 0.000000 0.000000 -0.000000 1
10 15000.000000 0.000000 0.000000 0.000000 0.000000 -0.000000 1
11 16500.000000 0.000000 0.000000 0.000000 0.000000 -0.000000 1
12 18000.000000 0.000000 0.000000 0.000000 0.000000 -0.000000 1
13 19500.000000 0.000000 0.000000 0.000000 0.000000 -0.000000 1
14 21000.000000 0.000000 0.000000 0.000000 0.000000 -0.000000 1
15 22500.000000 0.000000 0.000000 0.000000 0.000000 -0.000000 1
16 24000.000000 0.000000 0.000000 0.000000 0.000000 -0.000000 1
17 25500.000000 -25.654718 25.654718 36.281250 2.356194 33.541352 1
18 27000.000000 -1.745670 9.245670 9.409026 1.757409 5.163361 1
19 28500.000000 -132.452000 98.608250 165.127585 2.501632 160.168955 1
20 30000.000000 -473.648600 326.648600 575.362759 2.537851 562.786576 1
21 31500.000000 -540.401165 334.994915 635.810516 2.586669 627.623704 1
22 33000.000000 -281.281520 149.312770 318.455016 2.653586 317.057148 1
23 34500.000000 -485.958177 315.020677 579.131571 2.566451 569.684957 1
24 36000.000000 -867.290383 439.704460 972.385016 2.672372 969.655438 1
25 37500.000000 -910.877834 572.375278 1075.784312 2.580568 1060.862751 1
26 39000.000000 -910.115247 333.649934 969.346193 2.790205 968.454831 1
27 40500.000000 -1021.843256 643.190426 1207.417725 2.579806 1190.517254 1
28 42000.000000 -1098.092212 156.624281 1109.205874 2.999915 1074.006720 1
29 43500.000000 -1158.747353 233.021138 1181.945125 2.943142 1159.355151 1
30 45000.000000 -1223.430952 241.961086 1247.128085 2.946340 1222.510092 1
0 0.000000 -267.773747 661.696645 713.824369 1.955329 -78.059054 0
1 1500.000000 -119.504955 621.803277 633.183030 1.760672 -189.674790 0
2 3000.000000 309.792346 850.047266 904.738444 1.221315 -675.868666 0
3 4500.000000 318.225980 908.020157 962.168582 1.233711 -710.786854 0
4 6000.000000 -1071.913095 578.656874 1218.130314 2.646587 669.281230 1
5 7500.000000 40.502746 989.086874 989.915813 1.529870 -504.726440 0
6 9000.000000 395.535554 1142.189241 1208.736794 1.237425 -889.902895 0
7 10500.000000 -1239.946504 891.979801 1527.447315 2.517985 668.625402 1
8 12000.000000 -182.344650 1182.205466 1196.185327 1.723831 -400.118247 0
9 13500.000000 542.078735 1245.922744 1358.739430 1.160417 -1068.113532 0
10 15000.000000 555.922730 1729.764931 1816.903079 1.259836 -1309.760738 0
11 16500.000000 728.851736 1633.291657 1788.537528 1.151068 -1416.254515 0
12 18000.000000 839.651369 1801.558842 1987.618848 1.134660 -1593.601441 0
13 19500.000000 -1472.032940 1154.070538 1870.497202 2.476686 748.657993 1
14 21000.000000 -77.121842 1775.339303 1777.013624 1.614210 -774.045645 0
15 22500.000000 196.285408 1899.468487 1909.583330 1.467825 -1073.619128 0
16 24000.000000 528.625829 1837.851699 1912.366109 1.290724 -1336.988172 0
17 25500.000000 -1910.458761 1210.392932 2261.615291 2.576860 1107.934786 1
18 27000.000000 -559.324289 1562.278725 1659.384969 1.914596 -248.475046 0
19 28500.000000 -1823.179023 1310.993296 2245.592388 2.518182 983.385181 1
20 30000.000000 -2380.519564 1732.996732 2944.512025 2.512327 1273.931865 1
21 31500.000000 -2419.901563 1627.158388 2916.087789 2.549627 1358.796681 1
22 33000.000000 -632.459039 1255.568707 1405.865290 2.037418 -38.632425 0
23 34500.000000 -2333.842313 1480.574326 2763.859671 2.576267 1352.547208 1
24 36000.000000 -2932.479713 1317.172223 3214.713040 2.719432 1957.076192 1
25 37500.000000 -3016.096191 1523.443689 3379.011232 2.673870 1932.868697 1
26 39000.000000 -3215.779451 1027.975672 3376.088189 2.832193 2343.641094 1
27 40500.000000 -3148.392519 1585.033216 3524.869608 2.675195 2020.133113 1
28 42000.000000 -3126.156147 443.862593 3157.509502 3.000552 2541.749167 1
29 43500.000000 -3453.065669 486.082184 3487.110323 3.001743 2809.535879 1
30 45000.000000 -3550.394991 356.492956 3568.247724 3.041519 2956.680856 1
0 0.000000 -616.110366 1432.183622 1559.083676 1.977054 -399.216860 0
1 1500.000000 -205.904652 1058.357140 1078.200613 1.762947 -491.231741 0
2 3000.000000 212.115308 1850.524989 1862.642112 1.456670 -1309.066389 0
3 4500.000000 120.605985 1953.895437 1957.614156 1.509149 -1300.869503 0
4 6000.000000 -2526.031664 1196.959965 2795.272639 2.699083 1248.679773 1
5 7500.000000 -369.149716 2104.380292 2136.513030 1.744449 -1008.414995 0
6 9000.000000 382.540217 1735.340062 1777.003700 1.353825 -1372.061403 0
7 10500.000000 -2655.926020 1431.078478 3016.940277 2.647370 1206.377797 1
8 12000.000000 -1133.191279 2101.960566 2387.961620 2.065241 -405.778996 0
9 13500.000000 227.248941 2511.980261 2522.238473 1.480576 -1729.234893 0
10 15000.000000 272.608749 3732.320330 3742.262762 1.497886 -2518.138359 0
11 16500.000000 579.346143 3694.796319 3739.941415 1.415262 -2736.316713 0
12 18000.000000 766.625363 3867.676689 3942.922446 1.375119 -2990.371392 0
13 19500.000000 -3526.359035 2069.190298 4088.613032 2.610952 1497.374851 1
14 21000.000000 -1233.890285 3416.438821 3632.428864 1.917381 -1137.868113 0
15 22500.000000 -345.748930 3292.701906 3310.804761 1.675418 -1760.278922 0
16 24000.000000 -158.287410 3747.748721 3751.089893 1.613007 -2188.634972 0
17 25500.000000 -4232.082778 2420.755944 4875.508586 2.622015 1835.640996 1
18 27000.000000 -1807.940794 3292.619578 3756.327142 2.072940 -609.785882 0
19 28500.000000 -4005.768344 2339.863955 4639.088634 2.612929 1707.506314 1
20 30000.000000 -5142.056612 2638.208928 5779.350530 2.667548 2417.386291 1
21 31500.000000 -4938.390350 2010.733892 5332.049328 2.754926 2644.431402 1
22 33000.000000 -2217.258900 1969.073459 2965.381479 2.415410 529.177935 1
23 34500.000000 -4862.317548 2454.917910 5446.903146 2.674044 2310.419913 1
24 36000.000000 -5714.810120 1900.592315 6022.566385 2.820526 3323.294249 1
25 37500.000000 -5560.630864 2061.552743 5930.481879 2.786561 3102.639580 1
26 39000.000000 -5803.639604 1048.365749 5897.567583 2.962880 3919.193421 1
27 40500.000000 -5742.395104 2062.471820 6101.548290 2.796776 3245.083130 1
28 42000.000000 -5679.984722 152.790019 5682.039355 3.114699 4374.667239 1
29 43500.000000 -6009.372679 249.479560 6014.549031 3.100101 4574.148923 1
30 45000.000000 -6015.073448 171.052861 6017.505103 3.113163 4627.040543 1
0 0.000000 -2124.201401 3233.601854 3868.903274 2.152017 -682.115741 0
1 1500.000000 -1045.028001 2900.156988 3082.692667 1.916648 -1236.143896 0
2 3000.000000 -900.461600 4021.380791 4120.962819 1.791081 -2112.262919 0
3 4500.000000 -821.540124 4121.588319 4202.668015 1.767544 -2238.474789 0
4 6000.000000 -4825.996565 1950.091144 5205.103103 2.757574 2161.916031 1
5 7500.000000 -1553.760622 3992.636811 4284.311003 1.941920 -1618.263196 0
6 9000.000000 -449.312691 3550.617519 3578.933733 1.696672 -2115.960582 0
7 10500.000000 -4805.420507 2206.505327 5287.790844 2.711139 1970.618068 1
8 12000.000000 -2699.760110 3573.932962 4479.029077 2.217746 -498.397727 0
9 13500.000000 -431.993913 3725.650799 3750.612299 1.686232 -2248.920258 0
10 15000.000000 -272.660799 5660.376616 5666.939857 1.618929 -3695.285537 0
11 16500.000000 226.909566 5784.200192 5788.649222 1.531587 -4143.089462 0
12 18000.000000 464.119581 5849.642600 5868.025692 1.491621 -4360.291474 0
13 19500.000000 -5329.175089 2825.617331 6031.933391 2.654065 1924.985837 1
14 21000.000000 -2190.298507 4971.821925 5432.901693 1.985758 -1829.684526 0
15 22500.000000 -809.142036 4788.099390 4855.986676 1.738205 -2705.901214 0
16 24000.000000 -784.897300 5070.776581 5131.163504 1.724366 -2917.925980 0
17 25500.000000 -5834.914915 3238.825158 6673.546319 2.634860 2007.897696 1
18 27000.000000 -2688.184020 4620.316709 5345.433548 2.097740 -1226.504086 0
19 28500.000000 -5417.569204 2981.438242 6183.771508 2.638498 1881.977400 1
20 30000.000000 -6567.275878 3018.710800 7227.843894 2.710735 2690.913108 1
21 31500.000000 -6206.166963 2135.764274 6563.383076 2.810152 3036.075309 1
22 33000.000000 -2745.534483 2367.580385 3625.382252 2.429979 364.559801 1
23 34500.000000 -6109.571231 2902.221141 6763.856014 2.698121 2438.787064 1
24 36000.000000 -6872.503698 2050.043426 7171.749098 2.851699 3578.727824 1
25 37500.000000 -6572.474531 2147.073136 6914.285539 2.825845 3294.199642 1
26 39000.000000 -7066.645830 1155.057865 7160.421912 2.979573 4335.227079 1
27 40500.000000 -6857.691529 2256.637668 7219.442268 2.823687 3425.880048 1
28 42000.000000 -6733.218314 495.461048 6751.422851 3.068140 4546.863157 1
29 43500.000000 -7148.190732 76.606886 7148.601217 3.130876 5136.179641 1
30 45000.000000 -7156.608439 127.557694 7157.745128 3.123771 5107.246060 1
0 0.000000 -2188.483484 3589.272237 4203.847660 2.118339 -863.178196 0
1 1500.000000 -892.842715 2849.065936 2985.690008 1.874483 -1300.437628 0
2 3000.000000 -1134.324916 4456.009544 4598.120711 1.820063 -2224.916669 0
3 4500.000000 -1066.263827 4536.606502 4660.227151 1.801642 -2329.707873 0
4 6000.000000 -5452.583547 2183.373306 5873.481619 2.760716 2478.214704 1
5 7500.000000 -1767.219754 4327.387293 4674.328448 1.958506 -1675.631016 0
6 9000.000000 -322.464348 3729.668914 3743.582972 1.657041 -2319.130672 0
7 10500.000000 -5296.009745 2316.413066 5780.440183 2.729276 2273.009034 1
8 12000.000000 -2917.102222 3690.343405 4704.053552 2.239699 -401.433039 0
9 13500.000000 -494.702615 4603.999721 4630.501496 1.677836 -2792.368129 0
10 15000.000000 -428.791021 6161.235399 6176.138225 1.640279 -3906.810959 0
11 16500.000000 163.291424 6214.587048 6216.731961 1.544527 -4374.809651 0
12 18000.000000 414.201187 6082.971175 6097.056744 1.502809 -4467.520904 0
13 19500.000000 -5803.479240 3007.141360 6536.304036 2.663521 2169.794578 1
14 21000.000000 -2220.207480 5195.015188 5649.557863 1.974675 -1939.690222 0
15 22500.000000 -610.324380 4718.172277 4757.483104 1.699438 -2786.298710 0
16 24000.000000 -728.984280 5024.940970 5077.543681 1.714864 -2909.907235 0
17 25500.000000 -6186.878427 3406.046987 7062.479788 2.638345 2176.010771 1
18 27000.000000 -2612.745703 4596.022701 5286.763166 2.087717 -1243.442907 0
19 28500.000000 -5437.931200 3025.744923 6223.040099 2.633838 1890.672126 1
20 30000.000000 -6621.657326 3100.983189 7311.801589 2.703618 2701.754240 1
21 31500.000000 -5982.059036 2201.524348 6374.303081 2.788954 2851.624583 1
22 33000.000000 -2552.534776 2453.988946 3540.832604 2.375875 179.567780 1
23 34500.000000 -6104.649811 2908.312327 6762.028535 2.696995 2456.943077 1
24 36000.000000 -6714.966706 2055.524368 7022.532185 2.844539 3485.692141 1
25 37500.000000 -6338.340949 2123.158904 6684.487244 2.818369 3164.920189 1
26 39000.000000 -7000.442296 1292.857740 7118.825288 2.958968 4216.006472 1
27 40500.000000 -6750.043582 2338.832669 7143.754378 2.808047 3317.240838 1
28 42000.000000 -6457.318251 177.810380 6459.765903 3.114063 4583.816948 1
29 43500.000000 -7154.894268 94.870500 7155.523209 3.128334 5148.953358 1
30 45000.000000 -7117.924671 267.923949 7122.965314 3.103970 5003.503982 1
0 0.000000 -1994.435401 3617.367094 4130.752626 2.074675 -976.402065 0
1 1500.000000 -745.772090 2755.141257 2854.291393 1.835145 -1313.397586 0
2 3000.000000 -1192.478287 4265.839802 4429.378476 1.843380 -2005.720854 0
3 4500.000000 -1095.077155 4369.965697 4505.085367 1.816332 -2147.887082 0
4 6000.000000 -5463.472286 2056.112106 5837.561683 2.781649 2635.117591 1
5 7500.000000 -1727.375808 4210.300793 4550.874635 1.960128 -1574.070724 0
6 9000.000000 -215.250669 3604.407770 3610.829299 1.630444 -2278.494725 0
7 10500.000000 -5308.477147 2226.903553 5756.650854 2.744390 2405.442392 1
8 12000.000000 -2878.489599 3529.681780 4554.597221 2.254923 -265.767367 0
9 13500.000000 -424.413837 4453.849368 4474.025179 1.665801 -2698.730733 0
10 15000.000000 -345.449132 5897.000451 5907.110074 1.629310 -3732.682476 0
11 16500.000000 237.846153 6010.818612 6015.522520 1.531247 -4239.395651 0
12 18000.000000 483.283509 5840.210674 5860.172665 1.488233 -4304.872315 0
13 19500.000000 -5709.957312 2918.774717 6412.710687 2.669047 2233.440054 1
14 21000.000000 -2058.994483 5042.349670 5446.535456 1.958472 -1892.324921 0
15 22500.000000 -408.590748 4552.393314 4570.692648 1.660309 -2777.018294 0
16 24000.000000 -631.618826 4862.799143 4903.647402 1.699961 -2822.575174 0
17 25500.000000 -6084.119188 3314.717875 6928.481860 2.642739 2241.399210 1
18 27000.000000 -2460.560713 4429.250480 5066.815453 2.077872 -1181.920723 0
19 28500.000000 -5303.769325 2959.416258 6073.558565 2.632641 1906.692392 1
20 30000.000000 -6430.513360 3105.605318 7141.168425 2.691679 2638.002467 1
21 31500.000000 -5735.138898 2256.757897 6163.178919 2.766705 2699.609454 1
22 33000.000000 -2365.043729 2490.999024 3434.895629 2.330262 58.234997 1
23 34500.000000 -5950.528677 2893.748842 6616.840175 2.688964 2427.607505 1
24 36000.000000 -6547.029597 2081.774420 6870.035027 2.833730 3416.101858 1
25 37500.000000 -6114.795774 2149.222073 6481.503134 2.803601 3052.039638 1
26 39000.000000 -6228.401923 1314.148589 6365.530381 2.933650 3700.368449 1
27 40500.000000 -6555.774528 2450.810612 6998.903651 2.783839 3173.024621 1
28 42000.000000 -6286.571829 307.018996 6294.064349 3.092794 4424.187423 1
29 43500.000000 -6981.938305 215.977583 6985.278005 3.110669 4998.071327 1
30 45000.000000 -6918.682639 427.056534 6931.850168 3.079946 4808.747273 1
0 0.000000 -1767.834008 3605.877213 4015.916776 2.026625 -1060.812453 0
1 1500.000000 -725.868312 2981.064113 3068.163629 1.809641 -1428.526142 0
2 3000.000000 -1111.065689 4067.839468 4216.845373 1.837427 -1858.911055 0
3 4500.000000 -997.423486 4138.789612 4257.280007 1.807281 -1991.062597 0
4 6000.000000 -5387.823672 2009.756135 5750.457690 2.784561 2709.412227 1
5 7500.000000 -1596.262838 4091.338126 4391.708405 1.942788 -1510.698097 0
6 9000.000000 -76.750317 3511.517022 3512.355678 1.592650 -2266.212970 0
7 10500.000000 -5257.448707 2165.464783 5685.947998 2.750883 2508.626621 1
8 12000.000000 -2750.665764 3427.542245 4394.793282 2.247071 -205.947742 0
9 13500.000000 -296.733340 4303.043932 4313.263005 1.639646 -2625.081476 0
10 15000.000000 -196.766205 5661.209137 5664.627599 1.605539 -3598.798021 0
11 16500.000000 409.897167 5787.853491 5802.349845 1.500094 -4137.434426 0
12 18000.000000 621.666276 5612.664096 5646.987446 1.460485 -4180.270522 0
13 19500.000000 -5577.476038 2857.635614 6266.922710 2.668112 2290.512701 1
14 21000.000000 -1836.490282 4942.105986 5272.296287 1.926584 -1893.591739 0
15 22500.000000 -225.707372 5022.811180 5027.879868 1.615703 -3154.638869 0
16 24000.000000 -479.380187 4673.140259 4697.663807 1.673021 -2733.059106 0
17 25500.000000 -5970.803954 3245.396174 6795.814608 2.643719 2328.798075 1
18 27000.000000 -2241.279346 4291.871156 4841.847904 2.052058 -1159.817862 0
19 28500.000000 -5163.737891 2932.421006 5938.289481 2.625120 1930.834475 1
20 30000.000000 -6200.667779 3151.673622 6955.668733 2.671343 2563.153283 1
21 31500.000000 -5502.462567 2380.656168 5995.383064 2.733258 2549.915648 1
22 33000.000000 -2139.194288 2517.904374 3303.936233 2.275054 -62.426761 0
23 34500.000000 -5812.363797 2894.758645 6493.319684 2.679519 2442.047101 1
24 36000.000000 -6376.858652 2133.406929 6724.265863 2.818743 3369.087866 1
25 37500.000000 -5908.983906 2200.880638 6305.550443 2.785048 2973.660734 1
26 39000.000000 -6026.639723 1445.891349 6197.659892 2.906126 3561.485841 1
27 40500.000000 -6340.080314 2550.929969 6834.022395 2.759062 3065.217490 1
28 42000.000000 -6121.123133 428.097128 6136.074931 3.071769 4305.849836 1
29 43500.000000 -6824.223008 305.400008 6831.053274 3.096870 4914.174772 1
30 45000.000000 -6764.333390 236.470716 6768.465454 3.106648 4914.888291 1
0 0.000000 -1559.615811 3606.521764 3929.300282 1.978955 -1129.369928 0
1 1500.000000 -582.926994 2840.590008 2899.785418 1.773200 -1383.328911 0
2 3000.000000 -951.313487 3865.215448 3980.563756 1.812122 -1761.339782 0
3 4500.000000 -861.056893 3973.510323 4065.735267 1.784196 -1900.129723 0
4 6000.000000 -5305.638977 2021.541725 5677.713968 2.777557 2757.187281 1
5 7500.000000 -1435.624747 4008.807056 4258.116065 1.914685 -1483.292879 0
6 9000.000000 80.827844 3447.972915 3448.920173 1.547358 -2282.272040 0
7 10500.000000 -5208.895243 2108.942917 5619.628981 2.756892 2626.889593 1
8 12000.000000 -2610.040357 3275.558540 4188.268666 2.243597 -112.618585 0
9 13500.000000 -175.363314 4223.737330 4227.376175 1.612291 -2585.854581 0
10 15000.000000 -79.851906 5459.293255 5459.877213 1.585422 -3454.601478 0
11 16500.000000 564.027564 5631.182500 5659.358925 1.470968 -4057.888696 0
12 18000.000000 819.786741 5473.831582 5534.878724 1.422137 -4152.223376 0
13 19500.000000 -5439.891717 2819.887537 6127.331198 2.663356 2345.774952 1
14 21000.000000 -1626.180110 4878.560016 5142.451709 1.892546 -1897.616435 0
15 22500.000000 -69.503379 4901.487759 4901.980515 1.584975 -3103.301326 0
16 24000.000000 -325.978129 4524.380048 4536.108085 1.642721 -2664.237000 0
17 25500.000000 -5822.426539 3217.770314 6652.420356 2.636716 2382.199661 1
18 27000.000000 -2000.222082 4204.338672 4655.894334 2.014858 -1177.272400 0
19 28500.000000 -5013.368788 2958.153672 5821.042840 2.608519 1930.426869 1
20 30000.000000 -6007.506438 3203.167481 6808.113947 2.651744 2533.197144 1
21 31500.000000 -5293.978173 2498.002606 5853.735723 2.700712 2441.433653 1
22 33000.000000 -1971.203316 2571.169331 3239.838613 2.224873 -147.739824 0
23 34500.000000 -5644.616622 2930.252012 6359.880004 2.662764 2431.324843 1
24 36000.000000 -6201.739363 2186.970824 6576.048396 2.802569 3336.206328 1
25 37500.000000 -5733.331504 2236.433150 6154.081846 2.769671 2946.002733 1
26 39000.000000 -6455.323882 1709.803947 6677.921530 2.882671 3837.495902 1
27 40500.000000 -6122.129438 2612.637979 6656.301230 2.738238 3001.179200 1
28 42000.000000 -5980.518768 534.249775 6004.334064 3.052497 4231.287800 1
29 43500.000000 -6720.606917 378.817094 6731.274747 3.085286 4897.580751 1
30 45000.000000 -6638.713409 335.648545 6647.193068 3.091076 4862.728757 1
0 0.000000 -1420.748344 3611.858122 3881.242707 1.945563 -1171.581377 0
1 1500.000000 -477.469048 2760.158049 2801.151396 1.742087 -1367.740711 0
2 3000.000000 -824.603716 3786.068340 3874.827062 1.785247 -1744.332086 0
3 4500.000000 -767.864201 3884.881386 3960.040254 1.765936 -1850.641919 0
4 6000.000000 -5222.887070 2072.658317 5619.115753 2.763812 2751.012989 1
5 7500.000000 -1341.447791 3968.384771 4188.980767 1.896771 -1457.744285 0
6 9000.000000 169.446787 3466.497164 3470.636080 1.521954 -2315.105343 0
7 10500.000000 -5171.620302 2094.461046 5579.643682 2.756791 2697.461492 1
8 12000.000000 -2567.205968 3241.797742 4135.190332 2.240584 -48.046120 0
9 13500.000000 -95.958442 4184.693298 4185.793356 1.593723 -2561.350109 0
10 15000.000000 10.318791 5333.186117 5333.196100 1.568862 -3367.313895 0
11 16500.000000 693.058506 5567.100076 5610.074273 1.446942 -4044.928484 0
12 18000.000000 961.082913 5414.177538 5498.817943 1.395114 -4156.775942 0
13 19500.000000 -5333.916116 2866.836797 6055.527587 2.648418 2337.005941 1
14 21000.000000 -1509.891461 4860.047569 5089.188009 1.872017 -1888.562118 0
15 22500.000000 31.870318 4833.666653 4833.771719 1.564203 -3069.412367 0
16 24000.000000 -239.663071 4460.110012 4466.544493 1.624479 -2623.217649 0
17 25500.000000 -5696.049817 3278.541205 6572.200236 2.619321 2358.943834 1
18 27000.000000 -1890.174043 4187.013409 4593.891510 1.994845 -1169.266547 0
19 28500.000000 -4898.897136 2993.257625 5740.974165 2.593119 1919.501391 1
20 30000.000000 -5884.967812 3218.540167 6707.596213 2.641126 2543.467908 1
21 31500.000000 -5204.241185 2584.218686 5810.534617 2.680701 2414.306233 1
22 33000.000000 -1958.266694 2617.437777 3268.912504 2.213120 -127.726071 0
23 34500.000000 -5534.994812 2986.774718 6289.434854 2.646756 2417.634045 1
24 36000.000000 -6125.001980 2235.481934 6520.201587 2.791639 3349.114111 1
25 37500.000000 -6056.766405 2436.165336 6528.347480 2.759172 3169.708716 1
26 39000.000000 -6421.529064 1865.092815 6686.898140 2.858926 3812.725944 1
27 40500.000000 -6052.412154 2702.922144 6628.535359 2.721581 2998.300438 1
28 42000.000000 -5933.435894 671.259135 5971.285484 3.028940 4185.609197 1
29 43500.000000 -6683.651385 474.982945 6700.507789 3.070646 4891.923878 1
30 45000.000000 -6573.367391 498.558139 6592.246891 3.065892 4791.417985 1
0 0.000000 -1347.301689 3640.562353 3881.870179 1.925247 -1191.056486 0
1 1500.000000 -390.734258 2709.556924 2737.585064 1.714015 -1367.581374 0
2 3000.000000 -695.650574 3729.137306 3793.467381 1.755221 -1758.072852 0
3 4500.000000 -656.428218 3838.512718 3894.236496 1.740169 -1856.509432 0
4 6000.000000 -5085.998458 2176.256697 5532.040630 2.737275 2653.037868 1
5 7500.000000 -1230.859080 3994.200138 4179.551270 1.869724 -1501.172020 0
6 9000.000000 285.668852 3461.203857 3472.972622 1.488448 -2363.891578 0
7 10500.000000 -5107.029487 2113.616767 5527.126380 2.749192 2708.287481 1
8 12000.000000 -2500.425646 3176.354856 4042.444629 2.237683 2.346142 1
9 13500.000000 -1.890671 4083.165976 4083.166414 1.571259 -2522.264794 0
10 15000.000000 145.439343 5192.799448 5194.835773 1.542796 -3323.932191 0
11 16500.000000 859.366521 5482.994133 5549.931123 1.415328 -4064.522882 0
12 18000.000000 1096.047587 5302.951096 5415.035608 1.366980 -4139.297969 0
13 19500.000000 -5219.131606 2875.511442 5958.850625 2.638016 2325.495005 1
14 21000.000000 -1392.331342 4807.063773 5004.642713 1.852724 -1876.657384 0
15 22500.000000 121.236478 4698.347171 4699.911108 1.544998 -2999.291646 0
16 24000.000000 -158.630407 4363.737055 4366.619366 1.607132 -2572.467430 0
17 25500.000000 -5594.524939 3274.081440 6482.153853 2.612105 2374.244536 1
18 27000.000000 -1808.374127 4157.443925 4533.713376 1.981083 -1148.080590 0
19 28500.000000 -4832.799524 2972.628847 5673.841159 2.590148 1961.768564 1
20 30000.000000 -5804.488067 3217.250819 6636.473804 2.635477 2574.424875 1
21 31500.000000 -5146.313283 2624.075790 5776.704438 2.670061 2423.660866 1
22 33000.000000 -1954.607191 2620.715157 3269.348131 2.211623 -83.293543 0
23 34500.000000 -5466.542099 2989.070920 6230.379401 2.641214 2449.797211 1
24 36000.000000 -6076.886801 2230.489921 6473.301976 2.789815 3398.464106 1
25 37500.000000 -5983.372098 2390.884215 6443.374038 2.761441 3225.813678 1
26 39000.000000 -6383.710928 1920.421090 6666.317002 2.849373 3831.311029 1
27 40500.000000 -5958.319819 2698.172873 6540.773037 2.716378 3016.188766 1
28 42000.000000 -5922.377835 725.504462 5966.650312 3.019698 4207.214762 1
29 43500.000000 -6645.406583 524.662172 6666.085736 3.062805 4899.732749 1
30 45000.000000 -6505.025130 579.377034 6530.775581 3.052761 4755.558972 1
0 0.000000 -1280.779814 3577.972918 3800.300927 1.914547 -1120.889498 0
1 1500.000000 -361.894336 2659.497852 2684.007514 1.706042 -1305.362804 0
2 3000.000000 -628.383758 3696.483439 3749.514097 1.739182 -1714.016401 0
3 4500.000000 -585.117231 3795.962125 3840.792969 1.723735 -1808.298068 0
4 6000.000000 -4988.534622 2250.827891 5472.814986 2.717741 2642.008014 1
5 7500.000000 -1112.001919 3980.527715 4132.934690 1.843212 -1497.367425 0
6 9000.000000 387.773806 3463.380039 3485.020777 1.459297 -2387.358932 0
7 10500.000000 -5017.964889 2142.395792 5456.173692 2.738076 2730.587310 1
8 12000.000000 -2379.672767 3122.361345 3925.809833 2.222021 31.694896 1
9 13500.000000 78.110037 4003.833543 4004.595387 1.551290 -2463.683736 0
10 15000.000000 302.674920 5043.092012 5052.166778 1.510851 -3266.646931 0
11 16500.000000 1035.281115 5385.012115 5483.626763 1.380861 -4057.941989 0
12 18000.000000 1239.181069 5182.265349 5328.362213 1.336084 -4099.513442 0
13 19500.000000 -5075.102988 2955.023826 5872.719655 2.614320 2288.960443 1
14 21000.000000 -1221.218074 4752.943255 4907.325460 1.822295 -1873.204678 0
15 22500.000000 266.864747 4564.831227 4572.625168 1.512402 -2951.168688 0
16 24000.000000 -21.104739 4261.468974 4261.521234 1.575749 -2538.800231 0
17 25500.000000 -5450.332400 3336.762818 6390.626681 2.592242 2360.286191 1
18 27000.000000 -1622.168345 4057.626368 4369.869779 1.951115 -1135.364822 0
19 28500.000000 -4690.885117 2989.415064 5562.463987 2.574210 1960.880393 1
20 30000.000000 -5637.187704 3288.974473 6526.502761 2.613437 2538.469280 1
21 31500.000000 -5010.832761 2707.647422 5695.594747 2.646182 2385.887367 1
22 33000.000000 -1816.267731 2571.639874 3148.358321 2.185717 -88.868660 0
23 34500.000000 -5322.898767 3057.507738 6138.534422 2.620205 2425.787414 1
24 36000.000000 -5939.021857 2308.191802 6371.791743 2.770910 3368.194997 1
25 37500.000000 -5834.743034 2472.512367 6336.998002 2.740775 3186.203713 1
26 39000.000000 -6285.570226 2116.391229 6632.307660 2.816809 3760.533076 1
27 40500.000000 -5861.637762 2810.179789 6500.454423 2.694545 3005.219212 1
28 42000.000000 -5906.332321 891.242730 5973.196388 2.991826 4191.809298 1
29 43500.000000 -6613.403469 658.967868 6646.152578 3.042279 4896.914507 1
30 45000.000000 -6454.964195 759.837337 6499.531948 3.024418 4709.636392 1
0 0.000000 -1208.113949 3562.620545 3761.888417 1.897735 -1131.668479 0
1 1500.000000 -273.121656 2614.058046 2628.287448 1.674900 -1325.038619 0
2 3000.000000 -552.118861 3673.328527 3714.589843 1.719984 -1726.210340 0
3 4500.000000 -508.683251 3787.634641 3821.640331 1.704299 -1828.816706 0
4 6000.000000 -4942.883830 2414.498859 5501.082193 2.687204 2559.350154 1
5 7500.000000 -1063.598669 4018.616290 4156.984365 1.829532 -1517.794285 0
6 9000.000000 445.370824 3463.789485 3492.304793 1.442919 -2406.869007 0
7 10500.000000 -5044.278352 2277.313981 5534.519225 2.717521 2722.228545 1
8 12000.000000 -2343.071327 3136.928835 3915.393436 2.212331 35.388266 1
9 13500.000000 68.191191 3926.637371 3927.229441 1.553432 -2376.270176 0
10 15000.000000 366.869860 4943.127033 4956.722542 1.496714 -3218.078635 0
11 16500.000000 1053.639747 5225.538888 5330.704774 1.371831 -3938.946477 0
12 18000.000000 1280.625014 5142.717358 5299.768132 1.326743 -4073.061690 0
13 19500.000000 -5025.621065 3075.809469 5892.153339 2.592378 2235.141972 1
14 21000.000000 -1158.891179 4740.360846 4879.964110 1.810567 -1867.602076 0
15 22500.000000 274.646141 4493.094909 4501.481130 1.509746 -2877.654273 0
16 24000.000000 14.110709 4266.046393 4266.069730 1.567489 -2533.296302 0
17 25500.000000 -5371.233342 3439.073174 6377.881459 2.572084 2299.150179 1
18 27000.000000 -1552.691068 4053.854698 4341.035299 1.936576 -1144.146172 0
19 28500.000000 -4649.872065 3004.888377 5536.304217 2.567872 1974.005650 1
20 30000.000000 -5573.407191 3349.053858 6502.232652 2.600513 2515.430197 1
21 31500.000000 -5001.012209 2694.037577 5680.489555 2.647468 2440.981796 1
22 33000.000000 -1860.506307 2529.495015 3140.036425 2.204969 5.263781 1
23 34500.000000 -5298.284122 3124.380050 6150.899555 2.608784 2426.346595 1
24 36000.000000 -5918.196640 2324.466399 6358.317034 2.767338 3399.216602 1
25 37500.000000 -5806.530570 2432.509086 6295.466441 2.744878 3245.281341 1
26 39000.000000 -6284.768505 2174.921226 6650.458443 2.808430 3783.281865 1
27 40500.000000 -5889.823014 2786.646917 6515.782085 2.699672 3103.109173 1
28 42000.000000 -5957.536325 951.457950 6033.034999 2.983223 4242.613637 1
29 43500.000000 -6632.607422 690.525485 6668.456092 3.037856 4941.348015 1
30 45000.000000 -6475.727182 876.357680 6534.756714 3.007080 4704.959033 1
0 0.000000 -1224.421343 3494.091379 3702.415724 1.907851 -1028.767300 0
1 1500.000000 -326.292403 2630.791590 2650.949098 1.694194 -1259.812061 0
2 3000.000000 -517.286377 3742.659223 3778.238115 1.708140 -1749.002152 0
3 4500.000000 -487.914364 3888.493307 3918.984642 1.695620 -1857.502205 0
4 6000.000000 -4918.480567 2608.394372 5567.330804 2.653980 2494.327042 1
5 7500.000000 -1010.753715 4109.754143 4232.221897 1.811950 -1559.869385 0
6 9000.000000 492.476144 3512.779293 3547.132802 1.431509 -2438.321797 0
7 10500.000000 -5014.907718 2469.199927 5589.834318 2.684066 2653.604957 1
8 12000.000000 -2263.727250 3212.305812 3929.805299 2.184673 -18.656933 0
9 13500.000000 76.523521 3887.675850 3888.428907 1.551115 -2316.862779 0
10 15000.000000 510.973798 4895.084324 4921.681091 1.466788 -3255.010577 0
11 16500.000000 1137.963600 5243.952437 5366.003943 1.357105 -3968.118609 0
12 18000.000000 1357.229578 5133.771783 5310.149230 1.312337 -4082.854191 0
13 19500.000000 -4904.666171 3261.381883 5890.022244 2.554776 2104.395639 1
14 21000.000000 -1043.017821 4771.805925 4884.467009 1.785991 -1917.518192 0
15 22500.000000 311.758338 4417.311752 4428.299490 1.500337 -2815.646907 0
16 24000.000000 129.685533 4277.205199 4279.170790 1.540485 -2586.066494 0
17 25500.000000 -5248.666305 3598.639613 6363.859288 2.540577 2189.063923 1
18 27000.000000 -1434.471986 4014.902093 4263.466746 1.913948 -1159.669696 0
19 28500.000000 -4554.423082 3065.388829 5489.934269 2.549179 1932.719883 1
20 30000.000000 -5383.542748 3394.586224 6364.412632 2.579013 2417.278258 1
21 31500.000000 -4915.951919 2708.093099 5612.517394 2.638075 2434.450241 1
22 33000.000000 -1877.411512 2485.266647 3114.678843 2.217755 88.241257 1
23 34500.000000 -5325.052145 3193.644241 6209.311064 2.601365 2486.156535 1
24 36000.000000 -5856.049472 2335.015830 6304.412292 2.762177 3416.679243 1
25 37500.000000 -5763.058966 2355.437129 6225.827874 2.753598 3329.079391 1
26 39000.000000 -5550.397030 2012.742081 5904.069603 2.793711 3354.562513 1
27 40500.000000 -5808.320322 2748.581034 6425.829337 2.699602 3137.962808 1
28 42000.000000 -5975.700446 1049.619257 6067.181917 2.967718 4259.576668 1
29 43500.000000 -6650.547398 746.481664 6692.310182 3.029817 4985.153020 1
30 45000.000000 -6451.259602 1021.316137 6531.602951 2.984583 4663.417230 1
0 0.000000 -1247.745125 3421.236612 3641.665532 1.920512 -961.573887 0
1 1500.000000 -486.315085 2646.374436 2690.687647 1.752535 -1134.354706 0
2 3000.000000 -599.778884 3776.899773 3824.226276 1.728283 -1695.855999 0
3 4500.000000 -514.467539 4013.298971 4046.139577 1.698292 -1902.206114 0
4 6000.000000 -4920.224420 2714.760430 5619.477960 2.637403 2442.632145 1
5 7500.000000 -1005.402080 4159.400056 4279.187092 1.807965 -1586.296410 0
6 9000.000000 476.039117 3626.005544 3657.120376 1.440258 -2486.057172 0
7 10500.000000 -5045.335490 2563.751343 5659.349005 2.671452 2632.043999 1
8 12000.000000 -2250.692928 3225.390339 3933.034643 2.180047 -30.208186 0
9 13500.000000 8.028365 3851.982634 3851.991001 1.568712 -2235.056515 0
10 15000.000000 542.110000 4808.313327 4838.776736 1.458526 -3223.955217 0
11 16500.000000 1118.523432 5201.949481 5320.843267 1.359001 -3921.843478 0
12 18000.000000 1323.742628 5061.627612 5231.860914 1.315000 -4008.050853 0
13 19500.000000 -4871.046806 3324.431598 5897.367416 2.542717 2049.803742 1
14 21000.000000 -980.245462 4715.694941 4816.498723 1.775746 -1928.651844 0
15 22500.000000 308.009931 4374.109788 4384.940883 1.500496 -2781.807688 0
16 24000.000000 147.192730 4328.347758 4330.849802 1.536803 -2624.161011 0
17 25500.000000 -5178.886140 3620.223848 6318.772220 2.531514 2129.768873 1
18 27000.000000 -1341.094182 3976.517094 4196.572625 1.896071 -1206.682433 0
19 28500.000000 -4495.618047 2997.528398 5403.309923 2.553521 1932.707587 1
20 30000.000000 -5276.013879 3356.675908 6253.286783 2.574970 2361.463623 1
21 31500.000000 -4825.784363 2663.563256 5512.056235 2.637258 2395.220797 1
22 33000.000000 -1841.242513 2482.558295 3090.836404 2.208946 65.575185 1
23 34500.000000 -5222.443916 3222.338613 6136.561463 2.588754 2395.487765 1
24 36000.000000 -5754.209785 2277.735429 6188.619307 2.764679 3375.712817 1
25 37500.000000 -5680.775326 2258.883659 6113.408517 2.763125 3326.721879 1
26 39000.000000 -5471.295305 2062.797956 5847.239325 2.781051 3269.300479 1
27 40500.000000 -5664.156026 2719.666420 6283.251462 2.693948 3046.587110 1
28 42000.000000 -5916.613042 1122.944512 6022.234989 2.954028 4176.265588 1
29 43500.000000 -6569.814044 813.416127 6619.977520 3.018408 4888.126873 1
30 45000.000000 -6342.782733 1167.566982 6449.349227 2.959552 4498.058336 1
0 0.000000 -1180.352826 3368.543712 3569.358420 1.907831 -945.078291 0
1 1500.000000 -513.435885 2638.030844 2687.531049 1.763022 -1078.124863 0
2 3000.000000 -557.625175 3771.246687 3812.249652 1.717595 -1686.315130 0
3 4500.000000 -504.301858 4015.630785 4047.173207 1.695727 -1869.171121 0
4 6000.000000 -4893.960695 2798.197672 5637.442815 2.622193 2433.753121 1
5 7500.000000 -913.076480 4158.412541 4257.476191 1.786940 -1614.164124 0
6 9000.000000 551.354244 3683.601586 3724.635841 1.422221 -2548.599520 0
7 10500.000000 -5022.254642 2542.147905 5628.992597 2.673016 2684.907400 1
8 12000.000000 -2187.742436 3203.862569 3879.555687 2.169916 -22.836510 0
9 13500.000000 54.372479 3728.478645 3728.875081 1.556214 -2165.357299 0
10 15000.000000 640.766731 4670.824864 4714.571764 1.434462 -3183.641295 0
11 16500.000000 1228.564766 5333.447245 5473.118937 1.344395 -4043.982181 0
12 18000.000000 1324.885934 4950.768318 5124.980944 1.309311 -3905.551022 0
13 19500.000000 -4758.360981 3344.716984 5816.281538 2.528914 2011.380336 1
14 21000.000000 -808.357115 4650.807623 4720.535221 1.742887 -1980.353784 0
15 22500.000000 391.096323 4212.701573 4230.816810 1.478224 -2717.722270 0
16 24000.000000 245.391783 4236.142805 4243.244394 1.512933 -2611.213088 0
17 25500.000000 -5049.118278 3541.966287 6167.586283 2.529859 2138.338896 1
18 27000.000000 -1179.949539 3872.579898 4048.352255 1.866553 -1232.089196 0
19 28500.000000 -4363.617380 2862.141278 5218.525590 2.561074 1961.177456 1
20 30000.000000 -4983.894011 3267.505624 5959.512775 2.561282 2240.796223 1
21 31500.000000 -4631.599591 2622.197236 5322.371005 2.626432 2318.064734 1
22 33000.000000 -1716.156979 2456.070346 2996.243702 2.180677 14.604721 1
23 34500.000000 -5114.473430 3172.515709 6018.529255 2.586379 2402.224754 1
24 36000.000000 -5619.140201 2233.738620 6046.844204 2.763223 3351.258005 1
25 37500.000000 -5545.412491 2130.208627 5940.487227 2.774834 3349.501520 1
26 39000.000000 -5303.694285 2100.433193 5704.471287 2.764512 3167.623917 1
27 40500.000000 -5472.680963 2684.426799 6095.603675 2.685563 2974.458872 1
28 42000.000000 -5816.785008 1206.561504 5940.604219 2.937066 4098.045141 1
29 43500.000000 -6411.815085 849.317830 6467.821385 3.009898 4790.645010 1
30 45000.000000 -6128.820562 1273.475473 6259.726932 2.936723 4316.635489 1
0 0.000000 -1058.130681 3230.921534 3399.778595 1.887289 -915.172565 0
1 1500.000000 -497.542728 2555.365787 2603.352276 1.763095 -1005.973152 0
2 3000.000000 -472.991448 3646.609892 3677.157138 1.699783 -1632.641960 0
3 4500.000000 -468.510371 3936.713991 3964.494800 1.689250 -1797.539017 0
4 6000.000000 -4857.874880 2844.659979 5629.479438 2.611846 2458.809866 1
5 7500.000000 -778.659355 4106.719315 4179.886832 1.758178 -1634.106800 0
6 9000.000000 633.433570 3672.642384 3726.867339 1.400003 -2567.068645 0
7 10500.000000 -4988.625608 2527.049490 5592.169935 2.672709 2743.978434 1
8 12000.000000 -2031.414466 3095.689093 3702.693033 2.151523 -30.781924 0
9 13500.000000 81.070912 3560.405511 3561.328389 1.548030 -2045.438604 0
10 15000.000000 704.490756 4457.061702 4512.394734 1.414032 -3061.945365 0
11 16500.000000 1287.063276 5193.227548 5350.340573 1.327856 -3955.326099 0
12 18000.000000 1332.667430 4824.279001 5004.964571 1.301276 -3788.270552 0
13 19500.000000 -4641.889431 3347.737343 5723.153223 2.516779 1999.732250 1
14 21000.000000 -647.695411 4581.771851 4627.325646 1.711229 -2006.921656 0
15 22500.000000 494.284653 4078.798772 4108.639281 1.450200 -2677.015430 0
16 24000.000000 307.333907 4174.073190 4185.372281 1.497300 -2574.501645 0
17 25500.000000 -4902.534597 3486.541469 6015.880392 2.523409 2139.337550 1
18 27000.000000 -1031.505127 3816.376758 3953.319413 1.834773 -1262.568398 0
19 28500.000000 -4259.724099 2804.180253 5099.870223 2.559404 1983.951897 1
20 30000.000000 -4803.955345 3277.339525 5815.405516 2.542902 2173.596331 1
21 31500.000000 -4517.035648 2685.265615 5254.927446 2.605245 2263.964437 1
22 33000.000000 -1628.244301 2509.952865 2991.829355 2.146268 -40.594079 0
23 34500.000000 -5027.913544 3149.807877 5933.060278 2.581941 2430.663712 1
24 36000.000000 -5479.792285 2234.352952 5917.808429 2.754428 3314.982335 1
25 37500.000000 -5385.788622 2084.156329 5774.982829 2.772366 3320.264417 1
26 39000.000000 -5176.347591 2196.608959 5623.136607 2.740268 3083.645036 1
27 40500.000000 -5316.012002 2726.504056 5974.429510 2.667690 2905.382200 1
28 42000.000000 -5705.488102 1328.840327 5858.191794 2.912766 4005.712088 1
29 43500.000000 -6272.848776 910.211397 6338.542147 2.997495 4710.032742 1
30 45000.000000 -5949.626130 1367.964311 6104.865064 2.915596 4186.970745 1
0 0.000000 -936.619300 3185.852579 3320.679504 1.856733 -926.841267 0
1 1500.000000 -508.197686 2503.353209 2554.416211 1.771081 -920.193303 0
2 3000.000000 -475.788569 3686.201023 3716.779889 1.699160 -1584.612679 0
3 4500.000000 -429.507067 3982.086585 4005.182879 1.678241 -1782.978732 0
4 6000.000000 -4842.276757 2860.142365 5623.882871 2.608069 2539.285565 1
5 7500.000000 -696.507322 4060.399520 4119.704687 1.740680 -1600.200531 0
6 9000.000000 693.201217 3649.424344 3714.677101 1.383084 -2549.729833 0
7 10500.000000 -4933.637292 2499.815445 5530.809542 2.672609 2810.342541 1
8 12000.000000 -1912.770368 3010.190922 3566.502469 2.136862 -9.774407 0
9 13500.000000 119.165364 3429.477338 3431.547055 1.536063 -1947.609716 0
10 15000.000000 783.810761 4258.464825 4329.997919 1.388774 -2954.117796 0
11 16500.000000 1305.829348 5103.241973 5267.662567 1.320289 -3848.961154 0
12 18000.000000 1349.084613 4702.502748 4892.193923 1.291413 -3669.556855 0
13 19500.000000 -4518.930557 3318.727577 5606.664436 2.508147 2019.845790 1
14 21000.000000 -446.633924 4452.671129 4475.015312 1.670769 -2022.017924 0
15 22500.000000 621.682686 3931.821707 3980.667193 1.413979 -2641.579000 0
16 24000.000000 451.913740 4064.730307 4089.774871 1.460072 -2570.129191 0
17 25500.000000 -4718.482036 3479.117071 5862.450709 2.506244 2101.586773 1
18 27000.000000 -806.583438 3734.199185 3820.316792 1.783527 -1331.756329 0
19 28500.000000 -4116.225509 2731.285891 4939.963062 2.555757 1996.960514 1
20 30000.000000 -4547.624673 3273.047226 5603.010647 2.517750 2068.626513 1
21 31500.000000 -4295.146184 2730.114003 5089.381417 2.575387 2148.340376 1
22 33000.000000 -1429.654626 2519.693610 2897.027483 2.086894 -152.626094 0
23 34500.000000 -4866.082646 3141.172144 5791.866949 2.568371 2407.972986 1
24 36000.000000 -5263.620248 2250.707816 5724.629576 2.737524 3222.543889 1
25 37500.000000 -5151.999640 2062.387521 5549.463269 2.760821 3229.932860 1
26 39000.000000 -4970.673017 2315.798227 5483.658602 2.705602 2940.663353 1
27 40500.000000 -5080.651939 2739.750386 5772.283457 2.647039 2804.973608 1
28 42000.000000 -5552.328113 1448.240953 5738.096317 2.886443 3898.023112 1
29 43500.000000 -6107.055568 1025.519653 6192.561527 2.975221 4593.094662 1
30 45000.000000 -5744.383044 1506.743984 5938.704740 2.885073 4028.326673 1
0 0.000000 -756.140613 3139.876129 3229.639412 1.807115 -998.117171 0
1 1500.000000 -421.991330 2424.851279 2461.296489 1.743098 -908.851838 0
2 3000.000000 -383.069180 3569.863357 3590.357417 1.677694 -1541.006305 0
3 4500.000000 -350.830558 3894.476112 3910.246318 1.660638 -1738.294473 0
4 6000.000000 -4780.425028 2895.357813 5588.878270 2.597015 2559.520081 1
5 7500.000000 -590.685458 3991.681294 4035.149174 1.717709 -1584.726812 0
6 9000.000000 796.896051 3611.853503 3698.719920 1.353642 -2568.605791 0
7 10500.000000 -4887.955743 2455.997824 5470.286707 2.675980 2881.003432 1
8 12000.000000 -1775.633373 2916.934438 3414.876336 2.117612 -12.621431 0
9 13500.000000 163.786880 3311.731828 3315.779523 1.521380 -1872.033444 0
10 15000.000000 868.089318 4073.208623 4164.685769 1.360816 -2870.626475 0
11 16500.000000 1341.209817 4980.338903 5157.772713 1.307736 -3748.387884 0
12 18000.000000 1391.235832 4608.324412 4813.750205 1.277601 -3596.413353 0
13 19500.000000 -4422.156083 3290.118071 5511.836476 2.501938 2047.674525 1
14 21000.000000 -323.205077 4366.309085 4378.254966 1.644684 -2008.665424 0
15 22500.000000 749.026151 3801.590456 3874.678073 1.376258 -2627.064212 0
16 24000.000000 535.333294 3990.974158 4026.717828 1.437456 -2544.014088 0
17 25500.000000 -4588.669003 3423.861885 5725.269726 2.500556 2119.621762 1
18 27000.000000 -668.106809 3693.763338 3753.698750 1.749736 -1362.896033 0
19 28500.000000 -4016.762964 2702.995548 4841.546203 2.549267 2009.313088 1
20 30000.000000 -4417.775252 3241.412236 5479.369623 2.508592 2069.420102 1
21 31500.000000 -4177.184875 2748.892828 5000.528497 2.559563 2122.023812 1
22 33000.000000 -1324.042303 2530.522721 2855.982013 2.052854 -195.351939 0
23 34500.000000 -4788.524396 3132.644058 5722.187054 2.562272 2442.292796 1
24 36000.000000 -5148.195573 2251.198988 5618.880186 2.729368 3209.929706 1
25 37500.000000 -5020.101090 2050.651487 5422.784015 2.753790 3205.671429 1
26 39000.000000 -4866.951374 2378.121117 5416.888011 2.687085 2903.841455 1
27 40500.000000 -4966.197483 2756.607527 5679.965008 2.634862 2790.429472 1
28 42000.000000 -5488.114645 1541.233089 5700.421194 2.867813 3871.027953 1
29 43500.000000 -6014.559181 1102.612406 6114.791595 2.960282 4549.146730 1
30 45000.000000 -5644.266828 1595.274651 5865.377160 2.866141 3975.839307 1
0 0.000000 -654.102354 3104.933025 3173.083513 1.778426 -999.611974 0
1 1500.000000 -332.159998 2366.062510 2389.263917 1.710270 -905.370055 0
2 3000.000000 -323.236375 3511.850746 3526.694970 1.662579 -1490.448805 0
3 4500.000000 -231.355598 3800.394858 3807.430431 1.631598 -1715.210990 0
4 6000.000000 -4717.182373 2963.670853 5570.920432 2.580644 2581.088181 1
5 7500.000000 -483.840892 3949.776553 3979.301047 1.692687 -1572.399349 0
6 9000.000000 900.624848 3595.673116 3706.749287 1.325371 -2589.807199 0
7 10500.000000 -4816.218439 2469.540132 5412.447553 2.667793 2915.627369 1
8 12000.000000 -1640.677090 2816.130634 3259.204360 2.098323 -1.920737 0
9 13500.000000 264.996196 3193.385469 3204.361674 1.488003 -1838.062353 0
10 15000.000000 1005.284227 3900.244293 4027.716713 1.318538 -2833.683153 0
11 16500.000000 1410.788696 4871.490063 5071.660495 1.288907 -3673.358511 0
12 18000.000000 1457.644328 4511.635837 4741.264063 1.258297 -3532.497307 0
13 19500.000000 -4292.341996 3325.530575 5429.857587 2.482433 2031.785278 1
14 21000.000000 -181.044606 4263.150649 4266.993157 1.613238 -1991.853461 0
15 22500.000000 885.204324 3671.910982 3777.104308 1.334236 -2614.904407 0
16 24000.000000 664.116805 3884.094551 3940.462107 1.401450 -2530.859155 0
17 25500.000000 -4452.907905 3422.602676 5616.279720 2.486280 2121.560010 1
18 27000.000000 -494.468113 3618.978476 3652.602350 1.706587 -1396.528483 0
19 28500.000000 -3893.222688 2681.031792 4727.061917 2.538531 2011.810409 1
20 30000.000000 -4284.078852 3252.291711 5378.729681 2.492256 2061.553511 1
21 31500.000000 -4059.742275 2786.442682 4923.999407 2.540080 2102.525702 1
22 33000.000000 -1229.814895 2511.515690 2796.454137 2.026146 -203.308518 0
23 34500.000000 -4713.391868 3164.894839 5677.378113 2.550273 2476.415895 1
24 36000.000000 -5027.418702 2276.599403 5518.862532 2.716382 3195.277462 1
25 37500.000000 -4894.382816 2021.609573 5295.459226 2.749890 3208.857878 1
26 39000.000000 -4778.312871 2460.420740 5374.564550 2.666085 2887.481465 1
27 40500.000000 -4841.430113 2773.810717 5579.737577 2.621314 2784.080021 1
28 42000.000000 -5432.007317 1620.421242 5668.550829 2.851687 3875.396920 1
29 43500.000000 -5890.497370 1180.800637 6007.682532 2.943756 4492.949260 1
30 45000.000000 -5533.821771 1695.842881 5787.837806 2.844228 3925.334445 1
0 0.000000 -558.074224 3040.778488 3091.566052 1.752306 -1019.231037 0
1 1500.000000 -317.496908 2286.882805 2308.817284 1.708748 -855.366484 0
2 3000.000000 -304.306471 3437.325943 3450.769779 1.659096 -1435.940434 0
3 4500.000000 -193.289446 3738.266344 3743.260086 1.622456 -1681.293700 0
4 6000.000000 -4701.355887 2996.260841 5574.973202 2.574184 2603.595539 1
5 7500.000000 -427.664022 3902.363276 3925.727405 1.679952 -1558.782449 0
6 9000.000000 917.542695 3572.334597 3688.286739 1.319384 -2564.600780 0
7 10500.000000 -4814.911143 2450.148410 5402.462082 2.670877 2972.438392 1
8 12000.000000 -1533.141480 2752.739097 3150.888023 2.078961 -29.339106 0
9 13500.000000 237.366926 3045.869998 3055.105089 1.493023 -1713.044253 0
10 15000.000000 1018.581953 3721.857269 3858.721385 1.303662 -2726.378113 0
11 16500.000000 1349.938292 4735.535587 4924.188328 1.293096 -3515.804761 0
12 18000.000000 1388.680209 4385.729199 4600.331871 1.264148 -3376.429164 0
13 19500.000000 -4229.468844 3325.300990 5380.151799 2.475310 2030.720143 1
14 21000.000000 -83.536812 4149.782383 4150.623113 1.590924 -1980.248573 0
15 22500.000000 919.563863 3530.071131 3647.876079 1.315965 -2545.450084 0
16 24000.000000 660.504614 3767.560725 3825.020282 1.397246 -2437.792586 0
17 25500.000000 -4321.160379 3409.153356 5504.067008 2.473630 2068.925792 1
18 27000.000000 -356.120421 3528.900586 3546.824087 1.671371 -1436.211340 0
19 28500.000000 -3823.424162 2618.318816 4634.022631 2.541134 2027.574321 1
20 30000.000000 -4129.760057 3204.583892 5227.262769 2.481675 2003.783481 1
21 31500.000000 -3938.001365 2751.337316 4803.926704 2.531764 2061.347329 1
22 33000.000000 -1161.494496 2479.615995 2738.168174 2.008860 -217.215821 0
23 34500.000000 -4638.594117 3166.406919 5616.287756 2.542625 2464.881890 1
24 36000.000000 -4877.455175 2253.141827 5372.729016 2.708845 3124.250383 1
25 37500.000000 -4748.115617 1953.134944 5134.134594 2.751341 3160.255012 1
26 39000.000000 -4665.554226 2503.257721 5294.685586 2.649142 2816.364144 1
27 40500.000000 -4675.645216 2785.767150 5442.624073 2.604264 2685.379875 1
28 42000.000000 -5336.333010 1710.300290 5603.711010 2.831435 3791.584860 1
29 43500.000000 -5754.747757 1265.318280 5892.211139 2.925163 4375.344114 1
30 45000.000000 -5385.908855 1819.218168 5684.854346 2.815851 3780.789390 1
0 0.000000 -454.774703 2939.021480 2973.998535 1.724316 -1017.560745 0
1 1500.000000 -311.304474 2245.155737 2266.635118 1.708574 -808.964206 0
2 3000.000000 -250.611620 3388.113515 3397.369479 1.644630 -1412.842919 0
3 4500.000000 -117.129886 3738.162219 3739.996816 1.602120 -1698.468321 0
4 6000.000000 -4627.255529 3050.815527 5542.469586 2.558697 2584.805163 1
5 7500.000000 -351.950228 3865.007831 3880.999162 1.661607 -1553.817955 0
6 9000.000000 972.151491 3530.883260 3662.269121 1.302125 -2553.105299 0
7 10500.000000 -4763.715720 2463.602441 5363.051785 2.664312 2987.310076 1
8 12000.000000 -1462.112314 2690.572972 3062.181467 2.068574 -15.152091 0
9 13500.000000 262.432339 2909.911932 2921.721784 1.480854 -1632.004085 0
10 15000.000000 1073.081127 3544.106540 3702.998012 1.276792 -2647.918346 0
11 16500.000000 1371.542728 4634.596687 4833.282105 1.283072 -3434.867527 0
12 18000.000000 1402.407986 4304.727919 4527.408820 1.255856 -3302.977884 0
13 19500.000000 -4147.163297 3361.740986 5338.564027 2.460414 2014.304728 1
14 21000.000000 0.181703 4083.732319 4083.732323 1.570752 -1967.766407 0
15 22500.000000 995.048778 3411.978104 3554.112639 1.287032 -2515.879166 0
16 24000.000000 733.655068 3677.053322 3749.529422 1.373860 -2414.544510 0
17 25500.000000 -4191.360783 3458.489808 5434.027693 2.451705 2006.418647 1
18 27000.000000 -253.607613 3532.605988 3541.697600 1.642464 -1479.836384 0
19 28500.000000 -3760.904452 2580.533342 4561.091385 2.540225 2052.235006 1
20 30000.000000 -3994.663307 3206.069456 5122.130055 2.465276 1955.678205 1
21 31500.000000 -3857.491369 2738.295109 4730.591905 2.524277 2060.859334 1
22 33000.000000 -1133.201360 2492.511206 2738.020715 1.997504 -207.938395 0
23 34500.000000 -4560.260113 3175.907491 5557.190000 2.533266 2465.827627 1
24 36000.000000 -4776.218995 2263.152695 5285.274639 2.699093 3094.846228 1
25 37500.000000 -4664.422968 1911.136430 5040.762252 2.752730 3166.489483 1
26 39000.000000 -4600.775934 2555.789042 5263.002644 2.634527 2800.113458 1
27 40500.000000 -4597.030882 2804.568486 5385.006715 2.593792 2676.965879 1
28 42000.000000 -5314.311600 1808.807703 5613.705825 2.813527 3785.272605 1
29 43500.000000 -5694.166500 1331.309737 5847.727571 2.911916 4348.195109 1
30 45000.000000 -5327.370871 1922.292230 5663.575533 2.795300 3742.037434 1
0 0.000000 -399.368136 2895.576447 2922.987833 1.707855 -992.794519 0
1 1500.000000 -273.638145 2237.643411 2254.312727 1.692481 -798.185263 0
2 3000.000000 -191.922962 3389.676800 3395.105777 1.627356 -1406.194236 0
3 4500.000000 -27.871182 3755.122184 3755.225615 1.578218 -1721.355609 0
4 6000.000000 -4562.624525 3150.584337 5544.702356 2.537257 2574.467931 1
5 7500.000000 -295.921374 3849.107551 3860.466086 1.647526 -1527.744782 0
6 9000.000000 1027.800095 3517.113834 3664.213798 1.286485 -2545.300129 0
7 10500.000000 -4681.570271 2493.890810 5304.393610 2.652125 2985.118353 1
8 12000.000000 -1386.650067 2687.578357 3024.214912 2.047121 -22.015803 0
9 13500.000000 331.440462 2827.495082 2846.854618 1.454108 -1608.141515 0
10 15000.000000 1159.360953 3446.563166 3636.332696 1.246305 -2628.970063 0
11 16500.000000 1447.428430 4559.921962 4784.133919 1.263432 -3401.685201 0
12 18000.000000 1446.323720 4249.148478 4488.553786 1.242718 -3256.205876 0
13 19500.000000 -4034.038457 3434.129146 5297.802305 2.436351 1974.656864 1
14 21000.000000 105.345747 4054.833689 4056.201914 1.544822 -1978.653639 0
15 22500.000000 1095.454264 3323.740879 3499.610475 1.252423 -2515.282830 0
16 24000.000000 820.649448 3610.340828 3702.435200 1.347289 -2405.252559 0
17 25500.000000 -4041.511636 3551.512790 5380.247150 2.420638 1926.692821 1
18 27000.000000 -162.501637 3544.712366 3548.435224 1.616608 -1504.329027 0
19 28500.000000 -3703.008719 2618.649218 4535.371793 2.526072 2060.764216 1
20 30000.000000 -3902.712931 3232.986403 5067.876212 2.449776 1951.917072 1
21 31500.000000 -3807.023747 2765.403909 4705.410566 2.513371 2084.614325 1
22 33000.000000 -1106.580973 2504.962938 2738.496078 1.986773 -185.056676 0
23 34500.000000 -4482.421612 3216.592674 5517.116270 2.519151 2472.770202 1
24 36000.000000 -4707.627980 2314.226955 5245.703728 2.684695 3091.726743 1
25 37500.000000 -4588.409743 1936.544539 4980.332190 2.742222 3161.792026 1
26 39000.000000 -4553.560017 2616.558418 5251.788913 2.620045 2814.750564 1
27 40500.000000 -4512.099764 2824.677578 5323.330509 2.582258 2681.274969 1
28 42000.000000 -5256.506835 1923.338983 5597.329448 2.790827 3759.415198 1
29 43500.000000 -5628.639992 1425.049035 5806.233969 2.893625 4320.565324 1
30 45000.000000 -5280.068350 2018.290759 5652.664802 2.776484 3736.124774 1
0 0.000000 -328.296054 2925.635152 2943.997171 1.682542 -1017.910529 0
1 1500.000000 -225.752932 2279.901134 2291.050756 1.669493 -820.133168 0
2 3000.000000 -158.309744 3458.362295 3461.983786 1.616540 -1408.652003 0
3 4500.000000 54.209445 3786.912987 3787.300969 1.556482 -1745.894711 0
4 6000.000000 -4536.847451 3245.596809 5578.250930 2.520615 2600.755999 1
5 7500.000000 -255.148161 3875.480461 3883.870413 1.636538 -1509.054704 0
6 9000.000000 1058.121274 3561.335350 3715.202565 1.281990 -2542.193761 0
7 10500.000000 -4649.559574 2505.859783 5281.830884 2.647276 3033.088820 1
8 12000.000000 -1340.409080 2730.852815 3042.080472 2.027088 -25.859240 0
9 13500.000000 358.681217 2816.953884 2839.697414 1.444148 -1583.294494 0
10 15000.000000 1198.238202 3392.062533 3597.480093 1.231231 -2591.571912 0
11 16500.000000 1452.183792 4581.295332 4805.944723 1.263834 -3351.636207 0
12 18000.000000 1432.527184 4273.160117 4506.887121 1.247332 -3195.947147 0
13 19500.000000 -3980.692169 3492.763583 5295.782057 2.421390 1992.811305 1
14 21000.000000 149.695538 4056.640469 4059.401514 1.533912 -1952.153069 0
15 22500.000000 1193.759068 3271.657781 3482.643443 1.220928 -2533.598033 0
16 24000.000000 908.857407 3544.514630 3659.181022 1.319792 -2401.224943 0
17 25500.000000 -3935.092499 3571.869527 5314.433638 2.404542 1916.590854 1
18 27000.000000 -45.546048 3571.715043 3572.005430 1.583548 -1560.262055 0
19 28500.000000 -3577.935781 2638.653948 4445.685449 2.506153 2015.625409 1
20 30000.000000 -3786.896744 3267.853816 5001.945173 2.429636 1920.387729 1
21 31500.000000 -3703.243127 2802.371577 4644.060305 2.493795 2054.255101 1
22 33000.000000 -991.197923 2542.603750 2728.975476 1.942510 -253.643898 0
23 34500.000000 -4377.327325 3238.170023 5444.881965 2.504678 2461.487601 1
24 36000.000000 -4558.000970 2352.479586 5129.281923 2.665132 3019.993996 1
25 37500.000000 -4408.295063 1940.924743 4816.664221 2.726844 3070.643988 1
26 39000.000000 -4432.672963 2722.425754 5201.941136 2.590817 2742.137752 1
27 40500.000000 -4333.110981 2849.072418 5185.852332 2.559955 2596.370074 1
28 42000.000000 -5126.793397 2037.745106 5516.920849 2.763269 3669.521591 1
29 43500.000000 -5461.751542 1546.881070 5676.580921 2.865600 4188.969178 1
30 45000.000000 -5132.547639 2145.524793 5562.941839 2.745646 3626.354503 1
0 0.000000 -204.087472 2875.821536 2883.054145 1.641644 -1040.728563 0
1 1500.000000 -131.239596 2213.649999 2217.536955 1.630014 -824.487080 0
2 3000.000000 -81.367308 3355.384483 3356.370907 1.595041 -1356.088648 0
3 4500.000000 147.821814 3644.626326 3647.622834 1.530260 -1686.674929 0
4 6000.000000 -4479.847919 3253.808042 5536.813538 2.513419 2666.410419 1
5 7500.000000 -146.296315 3740.139668 3742.999779 1.609892 -1461.289488 0
6 9000.000000 1148.898777 3478.342001 3663.172324 1.251778 -2521.477117 0
7 10500.000000 -4529.692094 2484.841839 5166.483275 2.639850 3039.153243 1
8 12000.000000 -1136.263423 2606.443004 2843.350084 1.981900 -82.627613 0
9 13500.000000 358.311309 2647.062349 2671.203114 1.436252 -1452.047301 0
10 15000.000000 1261.920198 3161.971236 3404.483027 1.191072 -2488.922535 0
11 16500.000000 1424.343870 4366.422390 4592.864024 1.255476 -3149.070135 0
12 18000.000000 1406.568901 4102.019930 4336.473634 1.240464 -3020.329893 0
13 19500.000000 -3846.185411 3467.779570 5178.671390 2.407886 2001.977107 1
14 21000.000000 319.840627 3896.812689 3909.916516 1.488902 -1949.751348 0
15 22500.000000 1266.638669 3111.485624 3359.422019 1.184197 -2471.679763 0
16 24000.000000 970.426046 3353.564344 3491.148883 1.289119 -2306.849704 0
17 25500.000000 -3709.383459 3547.746538 5132.838508 2.378464 1844.141866 1
18 27000.000000 222.218668 3481.707551 3488.791855 1.507058 -1684.562020 0
19 28500.000000 -3455.691159 2609.229340 4330.113063 2.494866 2014.525455 1
20 30000.000000 -3577.666783 3230.201844 4820.155969 2.407189 1860.283421 1
21 31500.000000 -3526.197038 2827.326910 4519.717138 2.465751 1985.381256 1
22 33000.000000 -816.757395 2541.158263 2669.190506 1.881779 -343.861127 0
23 34500.000000 -4276.782236 3181.859952 5330.581493 2.501953 2513.357374 1
24 36000.000000 -4295.857417 2271.292432 4859.337430 2.655236 2918.599184 1
25 37500.000000 -4195.695115 1855.866023 4587.820418 2.725139 3004.993901 1
26 39000.000000 -4266.147164 2747.419032 5074.280536 2.569444 2688.847518 1
27 40500.000000 -4123.266418 2795.342009 4981.492035 2.545824 2539.166577 1
28 42000.000000 -4965.158693 2089.578877 5386.941686 2.743244 3601.529342 1
29 43500.000000 -5277.252026 1584.625333 5510.029618 2.849884 4099.030293 1
30 45000.000000 -4898.511013 2156.468719 5352.174089 2.726894 3512.733329 1
0 0.000000 -88.574934 2747.671574 2749.098870 1.603022 -1061.163116 0
1 1500.000000 -118.625960 2133.170681 2136.466540 1.626349 -778.488115 0
2 3000.000000 -57.934286 3209.350066 3209.872930 1.588846 -1280.872733 0
3 4500.000000 174.380654 3475.595053 3479.966894 1.520665 -1602.813786 0
4 6000.000000 -4456.837883 3145.605021 5455.110894 2.526989 2746.775279 1
5 7500.000000 -79.125525 3557.737233 3558.617016 1.593033 -1406.361534 0
6 9000.000000 1137.676012 3407.707633 3592.600454 1.248577 -2450.800199 0
7 10500.000000 -4459.046914 2319.737511 5026.358672 2.661891 3091.954067 1
8 12000.000000 -971.251767 2427.686532 2614.764214 1.951366 -125.334677 0
9 13500.000000 305.505647 2478.303230 2497.062394 1.448143 -1307.681855 0
10 15000.000000 1277.903886 2903.017943 3171.837246 1.156123 -2368.637114 0
11 16500.000000 1384.381396 4158.008831 4382.413637 1.249397 -2986.968514 0
12 18000.000000 1366.144553 3950.010337 4179.585219 1.237816 -2883.951824 0
13 19500.000000 -3708.130276 3349.194539 4996.732353 2.407011 1981.168115 1
14 21000.000000 477.048792 3701.815384 3732.427185 1.442634 -1972.115502 0
15 22500.000000 1343.934760 2969.835717 3259.767603 1.145842 -2456.462088 0
16 24000.000000 1045.889514 3145.904633 3315.207510 1.249831 -2258.526945 0
17 25500.000000 -3514.303128 3371.044984 4869.730050 2.376998 1795.787142 1
18 27000.000000 427.311572 3354.470512 3381.577678 1.444093 -1782.544604 0
19 28500.000000 -3307.379083 2435.695150 4107.476995 2.506825 1996.235164 1
20 30000.000000 -3367.620651 3029.273781 4529.610192 2.409038 1804.382361 1
21 31500.000000 -3385.115476 2712.728283 4337.960526 2.466017 1951.828238 1
22 33000.000000 -686.249851 2509.158806 2601.310587 1.837766 -418.420934 0
23 34500.000000 -4200.436947 3022.277721 5174.730251 2.517889 2564.803503 1
24 36000.000000 -4086.757929 2153.810596 4619.576869 2.656562 2822.273944 1
25 37500.000000 -4029.708450 1739.957252 4389.305347 2.733991 2942.349668 1
26 39000.000000 -4122.682392 2695.465408 4925.651619 2.562541 2629.878458 1
27 40500.000000 -3984.198776 2712.714429 4820.026915 2.543823 2496.748938 1
28 42000.000000 -4831.627426 2132.476598 5281.295298 2.725949 3508.658114 1
29 43500.000000 -5080.763762 1627.852265 5335.172294 2.831531 3944.952431 1
30 45000.000000 -4712.514962 2180.164796 5192.390183 2.708283 3380.499959 1
0 0.000000 -13.241659 2686.708193 2686.740825 1.575725 -1096.828745 0
1 1500.000000 -106.704939 2124.092714 2126.771215 1.620990 -779.488167 0
2 3000.000000 -26.154150 3126.227219 3126.336621 1.579162 -1266.470854 0
3 4500.000000 217.398124 3377.429068 3384.418569 1.506517 -1591.990070 0
4 6000.000000 -4383.306933 3018.189690 5321.921521 2.538583 2746.843591 1
5 7500.000000 -21.036448 3406.361927 3406.426883 1.576972 -1386.752832 0
6 9000.000000 1133.153882 3342.776692 3529.616655 1.243967 -2411.806441 0
7 10500.000000 -4365.391349 2096.743955 4842.827361 2.693820 3110.835104 1
8 12000.000000 -865.112143 2301.197889 2458.440714 1.930391 -161.787937 0
9 13500.000000 256.237461 2318.324989 2332.442580 1.460716 -1190.241033 0
10 15000.000000 1260.146888 2679.692089 2961.202437 1.131224 -2253.802239 0
11 16500.000000 1340.322760 3965.763533 4186.137301 1.244876 -2857.633240 0
12 18000.000000 1359.916943 3796.976505 4033.163110 1.226873 -2805.816876 0
13 19500.000000 -3644.402135 3152.722820 4818.851326 2.428405 2018.284135 1
14 21000.000000 533.285189 3529.331256 3569.393815 1.420830 -1942.411488 0
15 22500.000000 1345.544135 2845.912906 3147.969073 1.129146 -2400.191162 0
16 24000.000000 1040.051024 2986.937441 3162.831233 1.235726 -2180.137281 0
17 25500.000000 -3369.871748 3176.663693 4631.115181 2.385699 1758.346260 1
18 27000.000000 525.621928 3299.783782 3341.384656 1.412834 -1840.689842 0
19 28500.000000 -3292.030343 2237.296464 3980.321500 2.544683 2075.150954 1
20 30000.000000 -3245.305621 2851.141311 4319.839736 2.420759 1779.238323 1
21 31500.000000 -3359.475506 2592.546756 4243.509674 2.484340 1989.960459 1
22 33000.000000 -625.414612 2575.923614 2650.759496 1.808980 -493.505103 0
23 34500.000000 -4135.848343 2889.605178 5045.300745 2.531758 2574.516211 1
24 36000.000000 -3930.331307 2055.450875 4435.355959 2.659737 2731.602503 1
25 37500.000000 -3936.545168 1612.331450 4253.939418 2.752855 2920.151899 1
26 39000.000000 -4001.938690 2610.738256 4778.228492 2.563554 2567.641506 1
27 40500.000000 -3890.415071 2594.402674 4676.136724 2.553449 2472.802143 1
28 42000.000000 -4739.689882 2189.642262 5221.033749 2.708821 3413.423807 1
29 43500.000000 -4883.301666 1640.899554 5151.619794 2.817424 3770.716546 1
30 45000.000000 -4554.858621 2181.923893 5050.497889 2.694860 3248.255390 1
0 0.000000 41.024116 2670.778480 2671.093534 1.555437 -1142.487233 0
1 1500.000000 -102.720611 2165.831694 2168.266232 1.618189 -802.684312 0
2 3000.000000 8.580253 3077.142640 3077.154602 1.568008 -1281.100439 0
3 4500.000000 262.171797 3373.228781 3383.401611 1.493231 -1634.480559 0
4 6000.000000 -4322.116626 2891.589317 5200.190468 2.551961 2738.227365 1
5 7500.000000 -17.681538 3330.102963 3330.149904 1.576106 -1361.864741 0
6 9000.000000 1102.810596 3323.882884 3502.054916 1.250441 -2379.356279 0
7 10500.000000 -4346.805228 1921.664618 4752.631965 2.725339 3162.047816 1
8 12000.000000 -833.524005 2232.516758 2383.042874 1.928125 -164.974499 0
9 13500.000000 189.878363 2162.442213 2170.762565 1.483214 -1067.655870 0
10 15000.000000 1213.355034 2510.133279 2788.009957 1.120531 -2143.271892 0
11 16500.000000 1234.620344 3870.050617 4062.213580 1.261983 -2725.350717 0
12 18000.000000 1307.148813 3737.505361 3959.492940 1.234355 -2736.532817 0
13 19500.000000 -3555.803876 3024.519083 4668.132056 2.436758 1985.592295 1
14 21000.000000 563.969108 3438.970602 3484.907453 1.408250 -1936.431835 0
15 22500.000000 1334.156372 2750.021609 3056.565405 1.119104 -2352.509385 0
16 24000.000000 1014.522078 2901.102159 3073.377423 1.234387 -2124.038620 0
17 25500.000000 -3256.828253 3017.476506 4439.830485 2.394324 1716.327223 1
18 27000.000000 569.115025 3293.046558 3341.862886 1.399664 -1880.734706 0
19 28500.000000 -3283.355373 2036.358923 3863.570909 2.586448 2146.452907 1
20 30000.000000 -3130.939307 2683.262362 4123.430350 2.433040 1740.015667 1
21 31500.000000 -3342.696704 2475.519322 4159.545308 2.504151 2018.755682 1
22 33000.000000 -597.647992 2639.322980 2706.142812 1.793481 -548.041690 0
23 34500.000000 -4108.471103 2737.525099 4936.960449 2.553835 2607.480485 1
24 36000.000000 -4054.383932 2192.154487 4609.074783 2.645927 2783.909620 1
25 37500.000000 -3830.365500 1478.167703 4105.688690 2.773293 2875.409587 1
26 39000.000000 -3903.766222 2537.073851 4655.763572 2.565285 2504.067384 1
27 40500.000000 -3783.747830 2517.247746 4544.588415 2.554551 2403.009761 1
28 42000.000000 -4620.625177 2285.088992 5154.785032 2.682322 3260.944818 1
29 43500.000000 -4691.771573 1705.407835 4992.107409 2.792952 3565.580504 1
30 45000.000000 -4363.326498 2197.808246 4885.588932 2.674989 3062.823002 1
0 0.000000 99.687313 2606.636887 2608.542394 1.532571 -1138.141398 0
1 1500.000000 -118.099746 2209.388815 2212.542991 1.624199 -779.151421 0
2 3000.000000 63.037937 3039.882673 3040.536210 1.550062 -1278.572510 0
3 4500.000000 340.809720 3337.096035 3354.453937 1.469022 -1652.322439 0
4 6000.000000 -4204.096630 2727.078929 5011.126416 2.566152 2754.943386 1
5 7500.000000 61.576483 3180.358210 3180.954261 1.551437 -1333.650213 0
6 9000.000000 1110.298795 3235.810188 3420.998537 1.240256 -2316.352245 0
7 10500.000000 -4252.168239 1731.426982 4591.162611 2.754906 3198.829853 1
8 12000.000000 -724.778282 2116.243083 2236.914917 1.900759 -186.140092 0
9 13500.000000 128.848097 1963.267369 1967.490939 1.505261 -906.464745 0
10 15000.000000 1155.894749 2254.785895 2533.801907 1.097087 -1964.122204 0
11 16500.000000 1141.699680 3659.640311 3833.594314 1.268394 -2515.323168 0
12 18000.000000 1233.296884 3581.911844 3788.286376 1.239197 -2567.992566 0
13 19500.000000 -3459.108369 2903.426492 4516.117371 2.443310 2001.851872 1
14 21000.000000 599.648190 3276.671707 3331.089225 1.389794 -1865.102812 0
15 22500.000000 1285.915598 2619.492485 2918.102089 1.114453 -2229.665943 0
16 24000.000000 1009.356563 2737.420602 2917.579857 1.217538 -2023.750861 0
17 25500.000000 -3121.993606 2907.306742 4266.061014 2.391787 1691.559919 1
18 27000.000000 703.297909 3210.893247 3287.014359 1.355167 -1933.609263 0
19 28500.000000 -3227.139423 1927.270346 3758.829585 2.603229 2181.444276 1
20 30000.000000 -2969.190641 2619.662092 3959.636668 2.418653 1667.141624 1
21 31500.000000 -3268.764025 2441.630810 4079.997459 2.500041 2012.993218 1
22 33000.000000 -474.149420 2671.445240 2713.196886 1.746455 -638.642620 0
23 34500.000000 -4067.738316 2710.012539 4887.807584 2.553899 2636.918860 1
24 36000.000000 -3907.530375 2222.864753 4495.544610 2.624380 2685.841086 1
25 37500.000000 -3680.642955 1461.157374 3960.064827 2.763689 2783.962839 1
26 39000.000000 -3750.644402 2598.706751 4562.960684 2.535668 2391.221884 1
27 40500.000000 -3609.917406 2564.476742 4428.097181 2.523922 2276.089518 1
28 42000.000000 -4492.497670 2428.466532 5106.856666 2.646026 3138.989576 1
29 43500.000000 -4508.524166 1854.246766 4874.938074 2.751404 3384.278161 1
30 45000.000000 -4173.808508 2357.664414 4793.668632 2.627404 2875.565049 1
0 0.000000 233.470666 2564.043950 2574.651419 1.479991 -1185.694133 0
1 1500.000000 -23.164637 2246.505499 2246.624926 1.581107 -828.041153 0
2 3000.000000 203.065636 3003.291821 3010.149069 1.503285 -1323.642351 0
3 4500.000000 483.406962 3272.699675 3308.208799 1.424148 -1685.041241 0
4 6000.000000 -4047.266249 2707.479101 4869.374413 2.552001 2722.959292 1
5 7500.000000 178.719494 3133.733609 3138.825734 1.513827 -1350.428720 0
6 9000.000000 1171.602831 3180.750981 3389.665175 1.217876 -2287.369293 0
7 10500.000000 -4131.757753 1693.103437 4465.201158 2.752685 3184.749790 1
8 12000.000000 -545.489125 2078.917396 2149.291959 1.827403 -281.128159 0
9 13500.000000 202.431339 1834.627949 1845.762216 1.460902 -881.140640 0
10 15000.000000 1223.383725 2114.647385 2443.031171 1.046314 -1932.172724 0
11 16500.000000 1133.690708 3506.774103 3685.474084 1.258116 -2375.553405 0
12 18000.000000 1245.089225 3490.872968 3706.270532 1.228192 -2472.667764 0
13 19500.000000 -3371.126306 2854.170117 4417.100817 2.439046 2041.553618 1
14 21000.000000 678.952839 3174.298033 3246.096881 1.360081 -1828.858548 0
15 22500.000000 1331.291928 2518.057073 2848.324002 1.084455 -2184.612668 0
16 24000.000000 1076.746921 2638.244915 2849.512268 1.183301 -1994.415083 0
17 25500.000000 -3020.761836 2878.049141 4172.309783 2.380383 1708.174236 1
18 27000.000000 813.106783 3227.367322 3328.219115 1.323991 -1973.118977 0
19 28500.000000 -3183.872975 1936.155126 3726.357980 2.595229 2215.338888 1
20 30000.000000 -2878.309056 2620.059403 3892.219713 2.403128 1673.853944 1
21 31500.000000 -3220.353541 2456.833866 4050.519667 2.489881 2052.223110 1
22 33000.000000 -391.338322 2710.747673 2738.849873 1.714171 -662.751353 0
23 34500.000000 -3997.767298 2706.895336 4827.983608 2.546400 2677.356389 1
24 36000.000000 -3535.390406 2070.779637 4097.208028 2.611733 2489.849645 1
25 37500.000000 -3555.406106 1472.619606 3848.314057 2.748912 2734.565339 1
26 39000.000000 -3611.129861 2634.361505 4469.912685 2.511334 2346.854537 1
27 40500.000000 -3496.958889 2570.763656 4340.224331 2.507668 2265.209449 1
28 42000.000000 -4414.225706 2462.954559 5054.852494 2.632660 3155.135613 1
29 43500.000000 -4377.994200 1922.197806 4781.388671 2.727874 3326.074189 1
30 45000.000000 -4047.224982 2380.820056 4695.565375 2.609850 2846.442809 1
0 0.000000 397.488557 2518.738478 2549.909934 1.414275 -1265.519932 0
1 1500.000000 67.441395 2244.008965 2245.022178 1.540751 -859.455555 0
2 3000.000000 319.533418 2968.700017 2985.846848 1.463575 -1352.331884 0
3 4500.000000 624.157987 3184.673562 3245.260990 1.377261 -1713.775955 0
4 6000.000000 -3940.491473 2716.978595 4786.381278 2.537947 2719.716100 1
5 7500.000000 287.273141 3068.741120 3082.157997 1.477456 -1357.676480 0
6 9000.000000 1229.469971 3093.327413 3328.704086 1.192483 -2247.265164 0
7 10500.000000 -4012.615518 1624.617300 4329.025833 2.756889 3174.826854 1
8 12000.000000 -399.083308 1973.001368 2012.958491 1.770376 -327.118789 0
9 13500.000000 294.149427 1686.285743 1711.748665 1.398098 -873.468286 0
10 15000.000000 1397.125593 2133.859952 2550.552532 0.991095 -2063.489570 0
11 16500.000000 1144.248069 3331.915356 3522.919752 1.239995 -2252.266380 0
12 18000.000000 1268.030177 3364.087696 3595.133733 1.210333 -2379.408727 0
13 19500.000000 -3292.497726 2796.962860 4320.132234 2.437391 2085.517978 1
14 21000.000000 773.049797 3000.748543 3098.725191 1.318660 -1787.699955 0
15 22500.000000 1374.378751 2384.809468 2752.495804 1.047982 -2131.286080 0
16 24000.000000 1133.937228 2493.307658 2739.050331 1.143964 -1945.002779 0
17 25500.000000 -2922.704138 2850.831728 4082.822678 2.368642 1720.678528 1
18 27000.000000 940.026040 3119.381807 3257.942880 1.278101 -1985.909840 0
19 28500.000000 -3128.257090 1939.323322 3680.620514 2.586642 2236.347269 1
20 30000.000000 -2764.078734 2592.264135 3789.454393 2.388260 1664.145394 1
21 31500.000000 -3170.398617 2411.288365 3983.182016 2.491365 2108.243954 1
22 33000.000000 -321.862290 2627.801445 2647.439474 1.692673 -631.703154 0
23 34500.000000 -3917.352186 2689.599887 4751.799206 2.539926 2707.799875 1
24 36000.000000 -3441.024705 2034.238341 3997.346201 2.607689 2495.069176 1
25 37500.000000 -3420.280866 1462.741892 3719.937505 2.737465 2678.501204 1
26 39000.000000 -3481.726410 2625.815415 4360.885849 2.495428 2323.169158 1
27 40500.000000 -3375.249610 2516.345961 4210.024576 2.500959 2262.474626 1
28 42000.000000 -4282.339966 2445.298625 4931.320406 2.622755 3135.731289 1
29 43500.000000 -4227.999638 1942.367939 4652.824319 2.710944 3263.419689 1
30 45000.000000 -3925.319263 2348.609891 4574.286801 2.602407 2836.266521 1
0 0.000000 506.513625 2427.575038 2479.854153 1.365097 -1280.399449 0
1 1500.000000 152.325313 2174.415516 2179.744443 1.500857 -862.443149 0
2 3000.000000 408.644946 2851.331190 2880.465283 1.428448 -1328.088997 0
3 4500.000000 735.247080 3073.489196 3160.209503 1.335987 -1709.762960 0
4 6000.000000 -3882.386222 2713.521432 4736.678303 2.531584 2767.336642 1
5 7500.000000 352.265527 2951.085021 2972.035296 1.451990 -1307.848280 0
6 9000.000000 1261.008475 2960.629061 3217.991114 1.168142 -2168.674781 0
7 10500.000000 -3933.722917 1570.811424 4235.755484 2.761673 3193.471826 1
8 12000.000000 -285.142121 1861.779155 1883.488160 1.722771 -346.229945 0
9 13500.000000 348.813702 1546.157274 1585.015241 1.348910 -840.239782 0
10 15000.000000 1422.760876 1984.759424 2442.031630 0.948856 -1998.796552 0
11 16500.000000 1165.851205 3147.325555 3356.317503 1.216042 -2140.571423 0
12 18000.000000 1270.883382 3230.301068 3471.309488 1.195970 -2267.125552 0
13 19500.000000 -3214.146392 2778.618036 4248.700416 2.428743 2115.136108 1
14 21000.000000 874.657386 2852.485461 2983.571492 1.273268 -1768.293274 0
15 22500.000000 1434.024865 2258.105271 2674.970416 1.004998 -2099.772601 0
16 24000.000000 1179.495236 2362.801875 2640.841100 1.107794 -1894.151281 0
17 25500.000000 -2832.158004 2847.105228 4015.859452 2.353563 1731.979186 1
18 27000.000000 1056.375485 3055.350453 3232.815422 1.237916 -2006.848969 0
19 28500.000000 -3068.862602 1962.585444 3642.754356 2.572623 2247.728770 1
20 30000.000000 -2663.442047 2550.606309 3687.752172 2.377832 1670.742527 1
21 31500.000000 -3089.844237 2385.271364 3903.416054 2.484178 2127.826919 1
22 33000.000000 -211.894294 2545.609929 2554.413652 1.653844 -641.378080 0
23 34500.000000 -3856.368525 2674.443627 4692.997647 2.535233 2755.696954 1
24 36000.000000 -3309.774688 2019.304186 3877.137847 2.593777 2456.355283 1
25 37500.000000 -3310.630574 1486.344378 3628.979803 2.719603 2633.314647 1
26 39000.000000 -3376.841418 2644.217749 4288.932905 2.477276 2313.109159 1
27 40500.000000 -3280.267602 2539.241888 4148.241183 2.482848 2256.658912 1
28 42000.000000 -4156.035435 2486.563280 4843.101019 2.602423 3100.620135 1
29 43500.000000 -4435.362944 2211.529854 4956.138490 2.679055 3455.152439 1
30 45000.000000 -3787.532737 2405.632464 4486.922306 2.575731 2779.576009 1
0 0.000000 592.225757 2377.981362 2450.617617 1.326716 -1257.481697 0
1 1500.000000 231.562998 2162.791640 2175.152661 1.464136 -849.860289 0
2 3000.000000 477.877887 2796.866620 2837.398485 1.401569 -1269.749617 0
3 4500.000000 830.970213 3017.834501 3130.149608 1.302102 -1671.805594 0
4 6000.000000 -3824.839142 2754.412467 4713.404555 2.517479 2859.750181 1
5 7500.000000 458.960956 2837.180041 2874.062586 1.410419 -1263.359362 0
6 9000.000000 1332.395333 2856.110869 3151.610163 1.134300 -2104.627165 0
7 10500.000000 -3804.165571 1538.717543 4103.574950 2.757228 3193.123139 1
8 12000.000000 -118.653965 1757.763723 1761.763908 1.638197 -397.086899 0
9 13500.000000 433.896739 1460.832009 1523.908310 1.282075 -839.551858 0
10 15000.000000 1500.364789 1850.052491 2381.971603 0.889393 -1973.096779 0
11 16500.000000 1262.381769 3016.390562 3269.895985 1.174438 -2084.193535 0
12 18000.000000 1367.884783 3084.805641 3374.482867 1.153422 -2205.021180 0
13 19500.000000 -3041.181871 2800.243627 4134.023650 2.397418 2096.573493 1
14 21000.000000 1072.490287 2703.293999 2908.269908 1.193108 -1811.537491 0
15 22500.000000 1589.044912 2155.689355 2678.070262 0.935577 -2146.739078 0
16 24000.000000 1524.901396 2600.762574 3014.844977 1.040490 -2214.653852 0
17 25500.000000 -2677.860308 2879.602925 3932.308334 2.319909 1725.866188 1
18 27000.000000 1250.278356 2969.937506 3222.378742 1.172337 -2059.117623 0
19 28500.000000 -2950.151697 2011.074815 3570.408513 2.543265 2238.719599 1
20 30000.000000 -2477.445639 2584.612294 3580.217536 2.335027 1619.787902 1
21 31500.000000 -2918.081056 2416.657734 3788.856246 2.449911 2090.211591 1
22 33000.000000 -34.441630 2498.660882 2498.898243 1.584579 -692.895630 0
23 34500.000000 -3738.927956 2738.671197 4634.641538 2.509402 2782.116604 1
24 36000.000000 -3140.718536 2074.939688 3764.237988 2.557762 2402.515934 1
25 37500.000000 -3124.490837 1571.878454 3497.605590 2.675482 2533.125516 1
26 39000.000000 -3251.784161 2712.147175 4234.364478 2.446432 2323.685490 1
27 40500.000000 -3111.043524 2581.101292 4042.360163 2.449028 2227.082499 1
28 42000.000000 -4021.784656 2569.774537 4772.681950 2.573015 3101.839288 1
29 43500.000000 -4283.408682 2279.364880 4852.122648 2.652566 3436.544022 1
30 45000.000000 -3659.466787 2485.222647 4423.576468 2.545017 2779.708004 1
0 0.000000 692.119274 2297.860658 2399.831805 1.278238 -1263.678327 0
1 1500.000000 353.426362 2121.327953 2150.567943 1.405706 -890.819332 0
2 3000.000000 595.857469 2740.066835 2804.106343 1.356669 -1285.239304 0
3 4500.000000 945.613011 2977.280149 3123.840754 1.263263 -1684.500542 0
4 6000.000000 -3757.687095 2833.354680 4706.177966 2.495527 2895.571137 1
5 7500.000000 547.768352 2779.565907 2833.026085 1.376220 -1249.022122 0
6 9000.000000 1446.151162 2777.943592 3131.824354 1.090818 -2116.326068 0
7 10500.000000 -3682.312628 1602.333550 4015.831059 2.731162 3141.620956 1
8 12000.000000 20.238930 1714.650058 1714.769499 1.558993 -463.667050 0
9 13500.000000 526.276113 1425.582608 1519.622426 1.217150 -877.562366 0
10 15000.000000 1615.900780 1825.474617 2437.927995 0.846221 -2033.579686 0
11 16500.000000 1336.731780 2952.730305 3241.213986 1.145691 -2055.913036 0
12 18000.000000 1480.020806 3021.108424 3364.157799 1.115267 -2212.023017 0
13 19500.000000 -2932.112734 2895.237826 4120.641595 2.362522 2082.142123 1
14 21000.000000 1213.814703 2707.355500 2967.005213 1.149324 -1873.635117 0
15 22500.000000 1726.916630 2116.781831 2731.850356 0.886482 -2216.259674 0
16 24000.000000 1639.343043 2563.588338 3042.931281 1.001858 -2247.403921 0
17 25500.000000 -2566.849317 2976.975478 3930.788524 2.282350 1708.172652 1
18 27000.000000 1346.024934 2973.243241 3263.733827 1.145689 -2070.202191 0
19 28500.000000 -2863.529501 2098.889872 3550.371798 2.509078 2222.164867 1
20 30000.000000 -2389.094374 2650.230926 3568.122180 2.304421 1621.115359 1
21 31500.000000 -2841.969213 2458.537261 3757.817780 2.428407 2108.186556 1
22 33000.000000 38.079897 2457.105476 2457.400537 1.555300 -673.205703 0
23 34500.000000 -3643.021583 2793.054928 4590.507824 2.487498 2795.256968 1
24 36000.000000 -3078.638412 2126.213496 3741.496799 2.537180 2422.855655 1
25 37500.000000 -3040.531015 1617.351596 3443.930173 2.652728 2517.851216 1
26 39000.000000 -3226.013211 2731.723693 4227.230248 2.438971 2408.365297 1
27 40500.000000 -3057.698379 2624.907033 4029.845693 2.432208 2273.461498 1
28 42000.000000 -4027.719587 2580.202680 4783.301260 2.571846 3221.958342 1
29 43500.000000 -4258.920306 2293.765374 4837.330024 2.647560 3519.460334 1
30 45000.000000 -3685.395613 2517.034089 4462.914006 2.542384 2907.678252 1
