0.000000 0.000000
0.000000 0.000000
0.000000 0.000000
0.000000 0.000000
0.000000 0.000000
0.000000 0.000000
0.000000 0.000000
0.000000 0.000000
0.000000 0.000000
0.000000 0.000000
0.000000 0.000000
0.000000 0.000000
0.000000 0.000000
0.000000 0.000000
0.000000 0.000000
0.000000 0.000000
0.000000 0.000000
0.000000 0.000000
0.000000 0.000000
0.000000 0.000000
0.000000 0.000000
0.000000 0.000000
0.000000 0.000000
0.000000 0.000000
0.000000 0.000000
0.000000 0.000000
0.000000 0.000000
0.000000 0.000000
0.000000 0.000000
0.000000 0.000000
0.000000 0.000000
0.000000 0.000000
0.000000 0.000000
0.000000 0.000000
0.000000 0.000000
0.000000 0.000000
0.000000 0.000000
0.000000 0.000000
0.000000 0.000000
0.000000 0.000000
0.000000 0.000000
0.000000 0.000000
0.000000 0.000000
0.000000 0.000000
0.000000 0.000000
0.000000 0.000000
0.000000 0.000000
0.000000 0.000000
0.000000 0.000000
0.000000 0.000000
0.000000 0.000000
0.000000 0.000000
0.000000 0.000000
0.000000 0.000000
0.000000 0.000000
0.000000 0.000000
0.000000 0.000000
0.000000 0.000000
0.000000 0.000000
0.000000 0.000000
0.000000 0.000000
0.000000 0.000000
0.000000 0.000000
0.000000 0.000000
0.000000 0.000000
0.000000 0.000000
0.000000 0.000000
0.000000 0.000000
0.000000 0.000000
0.000000 0.000000
0.000000 0.000000
0.000000 0.000000
0.000000 0.000000
0.000000 0.000000
0.000000 0.000000
0.000000 0.000000
0.000000 0.000000
0.000000 0.000000
0.000000 0.000000
0.000000 0.000000
33.541352 -33.541352
-28.377991 28.377991
188.546946 -121.464242
441.322334 -363.912908
263.710796 66.953836
384.010984 994.817374
1631.585035 805.991507
1718.890963 -139.540447
1164.250788 -196.001820
1500.278827 1448.727707
2438.254585 2243.914905
1250.877451 2302.502095
1519.209600 1931.710904
2054.473532 2281.833068
225.283816 4105.917856
-550.236142 3744.268630
-2134.423608 3468.182048
-3681.369100 2284.334272
-4724.149002 1970.310778
-7019.081514 5702.506410
-7265.714661 5026.463025
-5242.373481 2849.928165
-6829.174644 591.305438
-6112.274614 -208.503188
-5289.229808 3323.008550
-6682.864433 -1744.997859
-9579.066068 -2199.512214
-3553.290801 -3737.838115
-5011.850950 -2588.583544
-2899.998212 -1129.949916
-3753.767156 -4687.756874
5825.412554 -11058.915020
-2031.921273 -5935.437217
5666.669199 -2424.109647
7450.569806 4521.966596
8290.101587 1066.126695
6145.901886 4782.677230
28117.150171 -681.240773
13955.593611 96.413989
10449.558287 -1513.803057
10491.946308 7177.276416
11864.809211 7856.507107
5414.673366 10681.522292
10545.320898 4969.681758
4630.131560 4282.320050
-167.873760 7360.497888
3586.329363 11766.383243
-102.782052 6156.655378
-8355.465193 8563.037799
-14114.190364 3540.217050
-15518.972601 12185.327385
-18909.063531 5851.367281
-16045.912244 4411.855324
-18490.593881 -6768.444685
-19409.266220 -1158.444356
-18194.002567 2507.981257
-16783.400357 -1405.249657
-19990.718938 -8166.853376
-9206.381710 -6763.354936
-9137.730332 -7680.557308
-7108.719668 -1359.063568
-6511.480080 -8911.091370
10039.898752 -19739.053692
-2572.778614 -10983.877426
9638.393721 -5725.630079
11774.863755 9576.676875
13270.469642 844.789918
13256.259044 12428.929800
52857.593533 513.949863
28548.038480 2376.066892
21890.382791 -2435.110357
20142.368196 12100.955000
20916.087519 15512.397697
9697.364051 20394.733359
16134.144291 12002.909529
6194.804634 8246.069796
-1359.658827 12451.604207
6733.398468 18291.885458
-177.216634 8889.138472
-15397.916922 14537.666166
-25223.445114 7093.087048
-28043.383445 22531.941571
-32163.183360 10926.904754
-26899.569339 6648.100185
-30579.984404 -14162.738080
-32529.541791 -4974.528441
-29787.182723 2266.026739
-28761.698640 -1009.238072
-31832.339108 -12726.586748
-15400.163622 -9237.699380
-12981.010237 -13828.847591
-10272.205717 -3578.936283
-8589.314279 -15350.511837
13942.619907 -29352.803611
-1189.328583 -13179.837551
15150.475213 -7177.868461
18399.661792 16606.629212
19797.982995 1590.881125
21969.270845 19045.393183
78543.899184 2352.699806
43046.157617 3990.563755
33071.811913 -1799.812557
30234.474105 13951.346197
27835.479283 21125.688105
13525.343531 25694.701093
21494.667553 14662.075751
5468.724014 7322.914600
-1449.258663 11069.096665
11464.269515 21132.989665
3306.634889 7948.680507
-16297.959671 18108.755975
-27870.259590 7848.264416
-31043.992640 26212.737098
-36026.646096 11267.602120
-31405.412222 6431.672128
-36149.112800 -20740.577062
-39433.201541 -6705.833029
-35732.890097 -423.372875
-34502.172358 -1925.256740
-37130.237608 -16592.921618
-19867.707209 -10188.111047
-14067.808143 -15827.290941
-12352.617363 -4770.996487
-10238.955478 -17536.947170
14821.268235 -31947.255427
-559.828366 -13611.167328
15179.938182 -6242.635316
19640.377794 17747.270744
19961.439742 2107.388204
23467.823499 19679.185681
83778.062594 2253.482624
44908.123131 4022.686437
33223.105412 -2067.104094
31922.687135 15629.497969
28880.019221 22196.287289
13606.733886 26989.714154
22632.435033 15481.364915
4955.013785 6520.348945
-973.748908 11465.365854
13321.228348 20800.472600
4172.130789 7304.759445
-16314.404502 17968.914028
-28120.054493 7948.053695
-30961.467171 26221.459153
-35832.580298 10299.916298
-31375.960036 5398.511160
-35962.450748 -22337.093466
-39834.435880 -6594.863418
-35673.677933 -10.792447
-33835.701323 -1018.719569
-36222.694594 -16218.797886
-19117.902482 -9224.846188
-13590.416073 -15492.454489
-12877.838577 -4233.363493
-10531.853676 -16855.641734
14016.507097 -31041.642359
-1335.877351 -12528.553931
13709.999023 -5554.265191
18230.124152 17801.770876
18842.436855 1801.594501
22497.750848 19028.975362
82260.470686 1844.395338
42826.980509 3647.980109
30967.375896 -1578.855952
30440.678835 16138.796355
28482.877712 21519.785300
12666.687175 25597.011353
21957.826874 14157.366998
4128.886187 6477.661531
-671.978747 11825.674443
13073.847859 20712.880373
5270.724902 6755.292162
-15309.900695 17238.418259
-26561.832985 7400.830179
-29878.951298 26188.289348
-33619.749503 9875.643225
-29410.987718 5312.414506
-33984.395521 -22343.842059
-38088.320852 -6368.878480
-33961.017473 163.054069
-32883.284052 -812.012738
-34334.776429 -15835.035807
-17444.553910 -8276.448552
-13321.778962 -14719.342104
-12728.948501 -2894.562107
-9682.510995 -16725.772663
13639.219906 -30250.664214
-1693.576573 -12135.014363
12595.594202 -4175.292696
17344.647624 17775.401082
17344.451716 1640.064458
21570.966236 17441.093522
80763.130558 804.572670
40509.064858 2364.158964
27903.158774 -1371.901700
29447.520258 15517.481308
27897.608797 21121.449083
12180.681812 24055.861916
22040.334393 12490.559297
4123.315587 5631.112055
-1477.483352 11631.524472
13849.591221 21577.979329
6365.134340 7222.623590
-14977.836542 17129.345984
-25306.867232 7237.909048
-28130.467980 25543.344720
-32402.643790 10237.950492
-28020.959828 5083.063316
-33520.758759 -21343.727217
-37431.554866 -6194.537772
-33506.125935 1243.143831
-32248.458403 -1162.665459
-33898.382293 -15967.086653
-17071.753134 -8005.896564
-13572.316290 -14435.086034
-12668.388515 -2044.832681
-10131.028895 -16073.994207
13407.347259 -29674.028275
-1869.489457 -11851.977159
11850.679955 -4201.449349
16524.802384 17509.582364
16296.027231 1335.215443
20272.112460 17444.814492
79845.885790 457.177016
38969.577752 2442.895230
26558.703113 -1887.313481
29374.072168 15311.265876
27246.023290 20869.692114
12063.387106 24016.738678
22579.608205 12349.357633
4060.259533 5176.808115
-1897.433860 11556.131404
14437.943730 22054.554612
6304.571810 7416.090014
-14857.455828 17116.229646
-24846.539458 7383.709352
-26973.888456 25040.451660
-32205.900661 10547.961759
-27622.225228 4994.854364
-33145.032211 -20836.765943
-37116.100159 -5236.159677
-33146.381302 1828.406062
-31114.545176 -625.656686
-33628.713110 -16214.046094
-16758.976663 -8135.775523
-12904.051756 -14467.340438
-13166.338455 -2214.572619
-10746.164708 -15220.267182
12934.326295 -29648.215147
-2341.594112 -11421.510558
11835.733066 -4564.801822
16557.578546 17316.985810
16103.902016 1054.618212
20200.865691 17675.091775
79515.560327 960.583013
38839.495690 2752.903082
26452.329587 -2007.292557
29022.622349 15408.742519
27147.632649 20552.306663
12006.774682 24091.736506
22656.675801 11849.902275
3507.635419 5066.582775
-1743.886362 11897.145940
14210.451851 22207.352799
6030.898317 7644.538127
-14893.005396 17127.792600
-24343.056411 7400.456413
-27039.738988 25143.383674
-32279.474883 10337.725885
-27689.149300 5193.114698
-33238.621354 -20623.877338
-37133.412559 -4800.948571
-32709.307015 2040.495649
-31021.031421 -957.481481
-33372.257198 -16541.436398
-16188.682742 -8740.286246
-12927.346162 -14592.554642
-13248.012869 -2158.615167
-10906.785606 -15055.407482
12954.447146 -29235.720960
-1772.791001 -11554.521415
12411.435054 -4401.134140
16876.283133 16682.235043
16360.625760 1628.619688
20523.730972 18039.424206
79435.262704 1773.034738
38943.523607 3237.603675
26418.051077 -1916.774361
29038.453960 15525.932050
26997.747662 20252.060744
11798.747951 24152.049037
22237.363548 11753.889800
2874.218301 5382.729721
-2054.961825 12025.607099
13712.788701 22103.755127
5591.888788 7685.761374
-15000.455528 17009.691264
-24350.003898 7562.076806
-27242.244707 25093.216665
-32454.565301 10514.610861
-27758.669554 5315.215900
-33487.977530 -20431.806246
-37341.667648 -4478.784344
-32761.895652 2095.089986
-31041.352965 -752.970735
-33286.816758 -16538.750190
-16070.668170 -8705.717146
-12970.616018 -14466.408624
-13419.556264 -2063.102664
-10971.236997 -14576.917027
12855.414570 -28860.257832
-1642.918518 -11196.570718
12601.256983 -4417.708461
16908.934786 16444.283982
16373.437291 1831.617767
20524.966776 18039.867916
78943.941883 2212.927149
38728.652870 3465.045222
26382.385703 -1615.132137
29085.663564 15521.924984
26999.810542 19894.375062
11912.759756 24031.963866
22198.460456 11601.277738
2728.274750 5753.226802
-1876.056853 12146.431113
13640.659798 22015.425044
5696.747093 7514.064109
-14737.785687 16672.003531
-24086.932383 7525.568241
-27091.929775 24884.607765
-32218.856170 10513.972496
-27513.635899 5264.669785
-33220.484699 -20340.844883
-36955.808973 -4489.701911
-32547.533485 1953.134261
-30564.970969 -794.129047
-32825.785285 -16283.311151
-15543.031326 -8537.813782
-12667.998656 -14357.646914
-12993.365915 -2291.076367
-11009.485742 -14520.878932
12963.105236 -28509.177486
-1627.256250 -11011.461378
12433.999979 -4604.329865
16440.892648 16219.773960
16444.876785 1805.888921
20320.558024 18113.542860
78215.947473 2496.987503
38573.404958 3709.487142
26620.537862 -1439.386912
28962.916123 15470.037061
27017.223980 19681.415386
11844.804779 23989.691125
21787.467263 11415.796197
2462.385780 6072.181870
-1829.143861 11857.930749
13077.781833 21968.032733
5220.537027 7481.201281
-14830.569744 16868.032600
-23951.785950 7707.019954
-27435.143184 25135.154428
-32231.582608 10717.271828
-27598.714200 5806.504390
-33532.813747 -19986.814587
-37077.064116 -4233.809136
-32742.645962 1892.171084
-30959.486948 -696.437606
-33052.152375 -16178.591795
-15947.261476 -8742.158206
-13023.383584 -14617.184224
-12934.927734 -2680.301234
-11224.154246 -14712.051334
12863.756936 -28479.439660
-1445.409108 -11195.837666
12706.007673 -5089.308971
16582.034450 15797.007946
16954.499877 1840.917825
20763.486303 17899.730375
78057.244165 2762.612091
39161.690350 4064.582002
28065.467558 -1080.287648
29180.878612 15938.928736
28087.144035 18970.425831
12337.879428 23600.665226
21664.173235 11042.365791
1996.794792 7052.132790
-861.039659 12378.384747
12393.369210 21435.457444
5508.262425 6932.250091
-14283.217624 16604.891812
-23265.390985 7268.774463
-28297.182888 25636.597602
-32155.865379 10306.631419
-27431.201927 6613.742335
-33412.739684 -19992.559100
-37224.608756 -4557.370956
-32661.059460 1170.105440
-31540.833921 -1355.559145
-32963.580397 -15949.080679
-16059.254528 -8509.762960
-13979.792762 -14443.913840
-12908.874181 -2309.523123
-11208.730426 -15257.558968
13212.158248 -27966.873760
-1047.556245 -11775.324703
12235.092853 -5010.621205
16149.445474 15057.865294
16737.231410 2474.307112
20288.476134 17562.099610
77146.745732 2812.003428
38645.215934 3656.952598
28054.021830 -1234.432850
29315.798444 16009.371122
28258.796172 18853.255214
12800.895346 23588.543718
21597.010775 10608.727297
1847.645691 7116.349555
-539.428565 11873.838235
11906.352460 21005.761874
5124.689285 6622.755397
-14009.466608 16391.544258
-22572.623190 7127.208962
-27861.892546 25180.027608
-31509.831450 10027.368096
-26460.018057 6333.924737
-33020.254087 -19923.420607
-36768.779919 -4168.953615
-31993.256295 1226.357757
-31211.938106 -1089.916982
-32463.384089 -16474.756445
-15747.392609 -8842.224969
-14012.560639 -14585.542139
-13073.013901 -2109.404453
-11238.744196 -14689.506478
13023.296635 -27864.930085
-1005.674120 -11323.152172
12559.796361 -5361.062911
15900.933525 14526.951533
16331.863512 2466.819560
19881.229888 17004.282956
76361.010975 2988.363857
37513.157869 3397.451803
27757.912798 -1324.034424
28853.691224 15760.068754
27895.237906 17879.306736
12910.448813 23345.627007
21594.018248 9842.716258
984.347607 7483.234137
-50.011261 11693.058147
11567.371642 20802.057858
5180.386810 6496.952922
-13513.570196 16091.328342
-21898.716241 6918.926833
-27665.546343 24581.097937
-30899.740520 9910.871758
-25824.984802 6181.698914
-32829.051158 -19810.116630
-36524.867287 -3657.691041
-31390.317943 995.367939
-30554.639087 -850.038049
-31823.723999 -16768.701077
-15090.367273 -8622.054963
-13981.312491 -14642.232955
-13323.693491 -1658.607121
-11347.073576 -14245.334212
12766.885876 -27166.519868
-1408.499456 -10717.800980
12520.460049 -5362.262461
15547.943429 14141.935329
15893.527872 2407.104536
19303.628640 16757.072458
75238.068322 3115.824052
35908.554390 3366.497480
27009.157067 -1030.549013
28294.798302 15622.291496
27457.202934 17175.833164
12669.556667 22775.644439
21468.654607 8994.981017
503.539265 7611.042825
43.885275 11465.990895
11183.638280 20816.005466
5116.430737 6226.763477
-13258.828862 16085.230884
-20948.941113 6593.208969
-26994.817506 24215.292628
-30065.880776 9847.941836
-24847.196757 6417.226413
-31932.800378 -19328.889382
-35915.794656 -3156.813552
-30634.868605 1097.740249
-29737.564074 -687.570670
-31297.730731 -16801.047069
-14735.047731 -8176.195043
-13766.103739 -14532.318837
-13377.184923 -1097.698813
-11513.479597 -13891.285225
12627.343656 -26473.088892
-1840.826993 -10176.119273
12128.972290 -5248.936310
15021.572120 14129.453618
15277.678807 2419.876935
18429.028510 16622.762542
74132.635432 2861.410198
34201.775544 3025.162014
26148.244861 -994.710231
27517.939330 15430.932676
26808.303518 16449.512874
12249.138026 22031.147662
21445.033074 8154.405566
235.980176 7372.265644
327.490740 10957.232838
11103.456817 20471.469413
5386.790039 5668.873985
-12689.209226 15951.278084
-19823.719682 6328.359910
-25968.065505 23916.937607
-28872.578077 9580.691593
-23376.052046 6291.971320
-30694.322246 -19084.817896
-34826.337574 -2668.626880
-29695.808635 1261.468621
-28691.654353 -445.620847
-30505.378445 -16818.070739
-13913.483824 -7825.012436
-13527.575972 -14603.308142
-13372.613804 -813.081244
-11628.712085 -13600.094251
12573.506534 -25954.668734
-2297.533776 -9692.107734
11700.399648 -5223.590214
14485.144449 13911.823203
14677.565143 2167.975595
17584.292694 16376.876168
73146.104428 2643.976194
32689.881257 2728.644469
24994.840808 -1074.035364
26828.821890 15265.107196
26221.759210 15854.955758
11641.380531 21550.356105
21157.620007 7503.158931
-12.374221 7374.247113
250.912128 10688.690388
10815.059221 20593.399213
5454.067395 5386.512675
-12697.600416 16085.567754
-19416.722838 6239.914310
-25493.385541 23923.183983
-28339.077427 9631.088715
-22846.723488 6354.814860
-30089.014822 -18785.613862
-34425.810033 -2333.909113
-29334.113533 1514.820003
-28260.881928 -237.296256
-30226.767074 -16885.099630
-13667.671877 -7477.834359
-13349.173018 -14619.772554
-13365.770411 -642.106059
-11690.973872 -13473.172004
12503.967710 -25607.033218
-2356.876918 -9303.017396
11529.042227 -5176.024157
14257.728712 13882.175808
14539.933446 2087.115952
17270.678767 16287.233223
72698.076864 2727.843078
32075.605292 2628.004572
24570.698435 -886.190461
26628.432843 15208.901135
26113.367058 15658.605248
11495.477235 21341.601557
21034.742525 7270.682761
-37.616027 7445.308613
279.012078 10550.483834
10688.379505 20553.354929
5398.447014 5247.368022
-12721.674568 16211.128040
-19158.812790 6334.026678
-25115.164830 23942.198142
-28041.065367 9604.164179
-22369.071488 6334.403500
-29804.897805 -18370.575149
-34051.502743 -2184.420437
-29119.962585 1797.109121
-27879.927391 -165.489065
-30008.126234 -16693.457062
-13312.990887 -7041.847125
-13325.969367 -14641.167277
-13222.637210 -514.050070
-11759.527855 -13438.598211
12173.995017 -24923.721113
-2544.030458 -8448.579192
11284.518618 -5034.538916
13807.139908 14058.377142
14244.762033 1969.278417
16955.496966 16524.912550
71695.773023 2878.628165
30806.417138 2859.770696
24138.898700 -448.206690
26216.340535 15206.102759
25423.422527 15490.556363
11222.946639 20885.853583
20606.263497 6704.539887
-485.147072 7380.617090
353.266290 10011.867754
10351.636450 20396.493526
5042.008869 4763.008961
-12580.383110 16252.125622
-18238.696900 6060.283826
-24429.052320 23514.851646
-27214.757281 9517.251013
-21336.074147 6248.700111
-28820.306584 -17768.358060
-33106.033150 -1823.933596
-28063.652245 1939.818519
-26900.738043 -70.959995
-29322.423577 -16656.032425
-12770.747960 -6740.340742
-12964.768784 -14598.536732
-13071.678756 -162.723582
-11567.399838 -13080.180890
12113.524213 -24354.491083
-2618.138499 -8065.668007
11180.203512 -5158.900230
13458.242792 13897.373352
13907.999597 1909.279221
16341.388805 16535.642887
70525.050804 2876.788160
29789.700201 2684.063003
23744.251234 -465.495716
25695.867470 14733.994794
24912.611548 15037.168630
10910.519301 20462.654779
20383.840004 6345.585836
-693.063556 7418.572862
439.613792 9687.360760
10102.707729 20266.662779
4864.605450 4538.881498
-12528.575728 16301.091286
-17726.456526 6087.444756
-24208.651851 23469.066759
-26849.548141 9736.903931
-20807.394226 6425.166832
-28399.896512 -17332.364750
-32714.029148 -1620.972734
-27726.828357 1934.808041
-26721.488365 62.485265
-29234.439371 -16675.123235
-12819.243689 -6467.929991
-12983.382977 -14736.806667
-13069.389657 -131.855799
-11581.631912 -13229.717914
11851.156136 -24230.599066
-2605.204987 -7976.381141
11012.389517 -5239.864483
13295.526806 13787.141646
13878.894383 1973.161577
16324.971924 16533.469774
70142.089707 2925.015771
29728.840556 2534.042282
23835.591333 -400.566005
25750.026873 14523.490223
24745.407699 15040.675899
10907.218468 20380.043018
20350.273801 6300.283441
-623.955909 7389.077391
483.770099 9452.692147
10011.672352 20221.127902
4684.518757 4491.016935
-12603.161987 16349.867861
-17565.330607 6211.328889
-24133.300195 23523.551459
-26692.663343 9943.863429
-20575.738370 6310.353092
-28225.701157 -17140.661851
-32435.034060 -1737.431506
-27625.250973 1987.753149
-26685.413527 -47.707897
-29322.029308 -16705.474286
-12887.209593 -6351.068975
-12898.785661 -14866.089721
-12984.465848 -89.148136
-11603.358584 -13332.066784
11845.432595 -24203.756285
-2660.607355 -7639.133817
10861.857296 -5060.599492
13290.671587 14099.500571
13692.390411 2005.378437
15999.378155 16606.404769
70053.682290 2993.531182
29303.462577 2426.877667
23421.996333 -356.414443
25530.550475 14341.517475
24383.498054 14858.249672
10490.680395 20083.201299
20097.683809 5990.708157
-760.177042 7044.722118
441.659330 8790.197438
9896.465536 19869.518962
4895.344243 3997.079031
-12396.594941 16278.104497
-17069.033113 6039.120887
-23374.961349 23280.627345
-25775.920683 9904.951059
-19726.846914 6063.315852
-27383.242539 -17005.743645
-31545.358736 -1920.337640
-27090.602749 2103.379107
-25941.522407 164.758525
-28850.766581 -16444.139011
-12385.359403 -5778.282295
-12570.475192 -14851.629240
-12545.546634 17.374092
-11568.187917 -13308.622737
11382.694415 -23421.015301
-3080.768642 -6517.137898
10669.753306 -4867.708106
12509.020006 14189.579608
13018.617839 1519.662235
15173.452346 16520.035518
68679.668487 2669.602599
27293.502429 2220.827461
22542.931206 -108.085822
24702.598032 14125.716796
23580.381595 14472.776881
9920.605888 19336.740588
20029.639613 5239.084873
-853.678057 6873.170257
635.701526 8078.448718
9669.401587 19783.609561
4885.715564 3290.148086
-12367.615165 16418.986685
-16071.348723 5717.475717
-22445.320075 23230.245789
-24761.805961 9941.063499
-18528.119321 6098.411897
-25997.881271 -16244.795819
-30281.985047 -1447.231397
-26230.308562 2569.973700
-25072.599453 576.357277
-28436.940636 -16007.438002
-11953.405422 -4907.924724
-12492.573454 -14960.193602
-12664.160363 300.858725
-11880.347864 -13411.553910
10689.726778 -22603.091674
-3875.139680 -5672.458232
10159.030087 -4636.972161
11772.877201 14182.808053
12326.743529 1015.506351
14432.922500 16353.257052
67438.977553 2366.154513
25457.325039 2049.592833
21849.293650 69.410242
24060.533894 13847.711778
23006.552611 13926.147207
9488.061163 18641.174675
19985.231763 4575.109633
-817.884733 6743.518025
971.889210 7493.676200
9442.048736 19808.992114
5091.340295 2904.610619
-12137.647135 16769.563111
-15155.307433 5460.901613
-21416.537007 23094.730819
-23671.726025 9898.521087
-17538.466366 6090.828284
-24867.780224 -15631.759598
-29185.945132 -1232.576706
-25426.461099 2675.471715
-24202.484975 674.972859
-27921.278655 -15979.617395
-11397.240309 -4555.217275
-12351.532321 -15315.463863
-12422.370561 513.439645
-11691.616749 -13374.544361
10431.907125 -21781.222071
-4199.557801 -5136.801301
10207.610075 -4531.963651
11408.499465 14281.036669
12051.668168 887.902308
13770.946909 16687.201213
66438.089859 2247.798495
23935.514014 2071.240458
21290.799515 72.207489
23105.044323 13599.693521
22134.651650 13602.447932
8455.474037 18217.061485
19652.087984 4089.326138
-1265.364669 6620.458983
806.902795 6653.893835
8712.369610 19625.875188
4712.744241 2382.688065
-12340.167204 17118.664706
-14490.326826 5090.821650
-21002.315147 22802.818257
-22875.535783 9516.325961
-16686.362455 5886.522793
-24001.807823 -15330.160733
-28077.973018 -1103.140306
-24547.559657 2762.871455
-23276.268744 866.209808
-27083.942231 -15984.974157
-10571.454157 -4015.097725
-11793.556160 -15749.869720
-11842.440537 895.755811
-11440.909958 -13324.811440
10309.241975 -20763.714087
-4220.578763 -4412.055807
10203.635726 -4383.132324
11190.402286 14434.476098
11953.667627 844.909041
13143.263670 16985.894966
65521.008828 2248.055770
22791.990355 2003.091603
20690.864123 297.129121
22420.221021 13343.944759
21340.244743 13205.411267
7495.929216 17431.538420
18941.812094 3313.418788
-1830.645518 6537.299742
381.136849 5785.577423
7695.542624 19618.421802
4268.501753 2087.849851
-12125.753315 17360.658953
-13634.296812 4890.118754
-20497.738976 22189.015382
-21968.748186 9341.354968
-15927.650185 5925.543149
-23270.954802 -14758.083314
-26940.464361 -844.767013
-23758.702455 2394.206565
-22452.972210 765.959958
-26100.287141 -16216.619413
-9944.642864 -3550.405082
-11251.383137 -15881.861941
-11387.936053 1325.780785
-11079.692394 -12796.184032
10442.728104 -19533.376776
-4173.288451 -3218.085083
10399.992586 -4177.618002
11045.650191 14820.798987
11630.326823 1070.092573
12189.651321 17426.904095
63930.432184 2535.388254
20710.694522 2066.416680
19723.744678 622.267792
21129.798354 12960.420286
20010.983313 12616.665213
6255.743713 16536.471277
18115.262652 2567.802976
-2530.274787 6370.332389
108.296276 4928.667918
6720.231142 19280.158244
3886.517119 1191.290993
-12007.620075 17224.823759
-12769.824905 4309.791981
-19768.093222 21666.982004
-20843.966468 9189.818108
-14699.144829 5789.733251
-21805.728036 -14158.132102
-25292.744703 -648.913569
-22390.338451 2168.697143
-21106.813474 752.165774
-25128.842160 -16269.203048
-8854.888122 -2814.797358
-10469.478478 -15939.668508
-10691.032605 1708.694225
-10297.907619 -12911.250991
10918.689162 -19017.015064
-4175.793984 -2758.960016
10643.949576 -4016.183400
10883.569064 15103.088580
11536.330140 946.593824
11697.178451 17513.115751
63058.793592 2221.101122
19198.577945 1924.791905
19111.905121 428.352995
19965.974744 12552.190542
19029.336213 12204.538399
5113.189200 16287.510234
17578.085980 2299.331690
-2922.351746 6105.266202
-26.691517 4250.358071
6276.611751 18828.991315
3544.520572 413.413940
-12684.211136 17424.722938
-12819.939174 3914.901424
-19520.942322 21861.884750
-20517.098439 8761.937723
-14161.949449 5478.600959
-21040.427451 -14229.029739
-24757.552235 -862.466323
-21961.927565 2499.692727
-20348.168124 783.137396
-25099.565089 -16057.977963
-8408.790959 -2236.718225
-10016.554612 -16002.055138
-9785.352814 2078.627792
-9792.815812 -13626.056682
11206.274944 -18668.039816
-4042.975209 -2645.177193
10550.659684 -3659.165046
10442.062404 15626.488820
11637.500094 544.995914
11607.358893 17813.860069
62754.786063 1738.808463
18758.976086 1960.694854
18966.637057 514.984059
19347.240266 12541.806774
18729.138761 12515.152169
4614.901311 16288.432377
16773.573291 2391.190729
-3037.367167 6134.813315
-181.020724 3704.328444
5981.998496 18785.752576
3294.473375 -70.549463
-13203.337510 17568.994056
-13130.113168 3641.002530
-19610.514292 22020.241834
-20365.332431 8586.965437
-13997.210445 5393.130689
-20724.973643 -14153.873085
-24191.938979 -984.520469
-21474.335567 2496.711929
-20026.112466 952.209536
-24744.323823 -15736.483643
-8366.524087 -1548.405091
-9795.164884 -15772.955562
-9376.690763 2315.820017
-9491.723171 -13700.721287
11164.757175 -18325.252139
-4099.822528 -1993.275144
10351.963927 -3224.875707
10280.039536 16175.134178
11485.190191 611.599121
11297.360941 17926.105833
62265.175670 1620.432076
17901.766811 1947.962819
18525.416392 695.971406
18914.055661 12581.387157
18215.357597 12581.478299
4059.232073 16096.223635
16785.350577 2093.455749
-3387.447733 6242.144701
99.368813 3622.254821
5977.234357 18973.527837
3505.262831 -432.332373
-13576.274989 17604.857723
-12536.662906 3895.516674
-19467.848636 22326.269412
-19978.092572 8908.567700
-13819.082225 5726.126461
-19811.910267 -14084.241505
-23978.384563 -534.949647
-21272.572908 2381.962194
-20030.785964 1492.889336
-24871.174916 -15289.097140
-8679.193561 -688.515091
-9439.524464 -15492.854508
-9602.033933 2317.586825
-9908.170766 -13778.984620
11441.913230 -18571.167742
-5030.920078 -2111.687924
9619.363735 -2939.341103
9574.573202 16453.990670
11426.774814 906.618496
11028.849990 16923.937506
62441.712930 1111.372726
17632.617769 991.772919
18710.139342 848.290626
18694.291917 12858.333099
18545.049498 12399.543188
4631.974515 16180.058865
17413.900344 1584.007626
-2566.362705 5790.896991
769.996077 3159.567055
6049.736204 18875.796872
4227.382833 -129.759597
-13065.812331 18056.326099
-12568.798449 4120.299111
-18686.665675 22497.008679
-19343.491298 8815.550272
-13188.290393 5969.898935
-19102.511066 -14270.199810
-24080.944014 -351.992940
-21595.484251 1968.948983
-20153.076334 1886.396786
-25397.069343 -15688.814661
-9204.266533 -716.291513
-9719.049763 -15983.505799
-9819.502935 1833.075217
-9874.846226 -14270.171200
11285.181440 -18976.018244
-5360.397442 -2194.665432
9449.683236 -3015.119636
9435.233151 16649.449539
11545.851274 381.414372
11140.502723 16560.714715
62591.768827 545.895723
17735.430122 706.137554
18778.175544 910.700484
18825.484407 12749.386963
18698.298394 12642.026944
5029.308586 16050.440236
17669.430754 1665.803686
