1276.540229 -1829.783653
11634.980573 6837.938425
11868.715812 -5056.210282
9535.216283 -13181.552359
-635.446626 8943.205196
-1665.220537 6406.227757
1557.828092 47011.313404
9396.868075 2230.793207
5921.285433 9456.890861
13993.861543 -13252.987191
1289.446005 1649.592849
-4438.709690 13395.424726
-14276.994984 3888.616486
-14339.675786 10321.562640
-3642.740480 -2085.832450
-13647.311610 -5161.520152
-5425.077514 -4215.079288
-19361.562079 -11245.310569
-2902.922408 10630.841146
-1475.033376 581.517108
-5084.682558 5614.431652
-17172.989020 -739.613746
-3405.393034 -887.667368
-3500.694033 13761.268037
11067.439159 -1678.191067
-1231.844380 8247.518482
11023.994522 -15522.954110
-2552.872246 309.792424
10039.921058 -1794.476584
89.204429 1754.466253
1809.475229 8013.656059
1450.603400 -1841.849066
12022.279442 7138.312740
11960.590131 -5039.417815
9394.901012 -12979.902660
-414.094206 9417.758368
-1379.256981 6247.528831
1697.951798 46933.717720
9765.613977 1590.969637
6119.943745 9335.453707
14330.627484 -13415.455248
1406.332536 1576.481306
-3988.863998 12950.125528
-13914.854900 3397.607612
-13979.812429 9801.116723
-3583.589973 -2469.957787
-13423.960922 -5606.445792
-5478.942653 -3990.176277
-18764.601174 -11226.087196
-2673.525864 11219.189800
-952.637214 700.765186
-4525.765203 5666.427595
-16412.850850 -801.875806
-3106.122634 -1052.756966
-3190.572664 13756.748934
10630.232412 -1784.536522
-1659.640407 8022.885141
10964.475847 -15685.441541
-2731.433982 -558.046778
9572.977285 -2168.399963
-42.508202 1259.485566
1559.680914 8211.107738
1486.766444 -1780.199900
12072.289189 7298.022503
11992.721352 -5130.329480
9168.602859 -13029.944161
-817.030283 9411.428283
-1690.088192 6314.269504
1241.877444 46841.435260
9321.214399 1740.674711
5780.233374 8969.245280
14057.055789 -13551.738617
1104.350066 962.716140
-4118.860781 12545.084219
-14061.426181 3001.643007
-14034.533565 9255.857083
-3921.942521 -2705.820731
-13233.407656 -6204.009262
-5319.413048 -4186.967396
-18264.915510 -11725.297210
-2456.458036 10872.732850
-241.139143 568.616631
-4083.864039 5515.884495
-15733.691366 -581.045626
-2487.904780 -933.834980
-2414.893735 13753.610263
11120.532283 -1682.619985
-1144.396906 7856.031724
11443.301913 -15425.296749
-2404.785960 -882.317018
9414.349058 -2071.763242
64.444280 1227.951948
1507.147615 8433.806669
1309.653904 -1806.564958
11874.812717 7116.402629
11842.830960 -5405.956354
8768.644008 -13158.859708
-1410.444175 9146.683559
-2447.753405 6558.208013
694.767016 46650.156630
8790.204180 1817.365524
5437.175671 8358.401885
13631.348876 -13869.458252
852.608097 436.557271
-4578.864850 12204.004270
-14257.416421 2714.211491
-14121.523070 8968.021056
-4033.222309 -3066.204597
-13137.316482 -6743.632056
-5006.885896 -4676.676800
-17877.034682 -12181.864688
-2113.128934 10564.087372
283.378165 455.932287
-3658.177814 5498.857628
-15191.730739 -359.167907
-1848.712211 -785.603545
-1492.628975 13841.118059
11684.721624 -1637.029060
-603.808199 7949.313333
11920.829578 -15294.464146
-2227.339890 -712.839552
9322.737084 -1895.441228
21.971794 1465.493372
1334.190094 8528.617006
1035.418024 -1914.648442
11592.435960 6878.533710
11436.743786 -5665.146026
8250.573352 -13081.607710
-2019.520248 9282.569208
-2977.157734 6676.670810
252.846784 46477.562964
8423.379182 1444.725950
4979.064818 8031.754160
13254.530861 -14008.026795
416.243151 276.653881
-4955.509140 12205.769246
-14379.138637 2485.984605
-14160.317469 8943.610939
-4108.345442 -3501.352248
-13239.329553 -7048.716617
-4860.501613 -4796.566441
-17847.163061 -12160.835497
-1875.304022 10853.744032
483.612547 369.832493
-3396.876274 5599.085620
-14700.012950 -325.016708
-1324.600219 -758.731143
-1199.868125 13991.324153
11849.221720 -1651.821648
-418.416561 8193.398313
12161.818434 -15330.154198
-2257.391709 -679.578653
9351.692031 -1908.270457
-32.646138 1403.826304
1262.956674 8772.092862
1128.727731 -2035.199489
11549.799828 6754.724852
11184.778259 -5868.952579
7993.413761 -13025.183543
-2113.273782 9623.177302
-3147.387281 6551.295699
194.427300 46248.633730
8427.367104 780.590040
4736.075127 7846.313567
13049.352978 -14124.528458
196.211963 187.329077
-5091.400731 12083.058781
-14208.733411 2145.980179
-13944.683929 8745.031523
-3946.277712 -4085.095052
-13216.581447 -7332.835645
-4573.944649 -5024.271907
-17641.273110 -12139.771962
-1543.681518 11018.042018
703.766622 111.158304
-2980.440347 5449.280651
-14152.593116 -581.696752
-677.427727 -885.875317
-828.499196 13906.871894
11904.475418 -1816.724568
-210.215929 8405.066257
12510.188500 -15455.215224
-2173.076909 -668.312065
9457.273445 -2160.562163
-19.701816 1334.523236
1307.422885 8967.295777
1230.757067 -1961.990161
11532.572889 6939.244581
11010.149979 -5983.469601
7699.632566 -13037.292792
-2466.750238 9672.167768
-3691.830165 6416.147129
-311.479804 46327.356124
7979.039401 320.638511
4115.584530 7812.841262
12609.630565 -14368.571285
-209.440038 -19.464522
-5522.176312 11842.820426
-14478.228667 1781.399437
-13992.482550 8660.296322
-4076.107764 -4462.947724
-13360.064035 -7480.643081
-4293.716982 -5326.786896
-17481.013255 -12459.757029
-1302.753178 10774.714602
891.670213 -126.186937
-2647.872892 5327.067224
-13966.434365 -597.531179
-186.897823 -800.880441
-247.426120 13953.092482
12407.110246 -1775.520698
114.462261 8522.173947
13149.667682 -15377.251954
-1805.087518 -542.705598
9535.292461 -2166.826897
65.575994 1505.257330
1300.105446 9038.011810
1085.472098 -1894.499648
11463.738515 6706.694163
10862.198826 -6282.903964
7368.282231 -13182.200795
-2812.745739 9620.289705
-4058.464483 6394.186051
-547.289175 46157.525849
7676.017047 69.372427
3971.891370 7656.685424
12428.473323 -14694.701969
-395.587966 -199.548816
-5724.364267 11328.363415
-14551.421122 1593.636872
-14031.162208 8403.839536
-4218.977866 -4715.984090
-13377.106490 -7704.373082
-4013.447898 -5709.819884
-17094.222772 -12671.323920
-980.665919 10398.510729
1118.133262 -210.508170
-2227.234153 5282.240081
-13603.958782 -474.911496
365.753083 -743.569807
319.161412 13775.420172
12680.409026 -1962.004094
297.343996 8431.230760
13473.405420 -15308.918718
-1736.679644 -399.401772
9454.387124 -2170.891194
71.598704 1677.713388
1324.186058 9019.567596
1004.907134 -1832.977008
11384.034770 6588.430854
10671.228961 -6400.277755
7018.923947 -13159.813855
-3280.152387 9579.567933
-4586.021217 6331.077503
-1005.252726 45885.437330
7228.302585 -331.937669
3526.021766 7359.438336
12054.179580 -14997.542016
-681.540735 -426.788625
-6011.813763 10954.924893
-14651.144008 1321.371170
-13937.021237 8197.835635
-4237.737212 -4964.102060
-13282.943927 -7973.270029
-3629.158734 -6007.562370
-16748.595252 -12959.532820
-598.547393 10124.265927
1416.268357 -387.173579
-1903.855962 5157.287254
-13229.192150 -438.365166
936.027907 -770.192451
885.256184 13705.772028
13149.324152 -2005.483734
680.539601 8495.573387
14040.142940 -15266.527858
-1474.070589 -293.200415
9574.062845 -2163.092633
147.081843 1793.009279
1300.357939 9097.795737
892.756882 -1783.933006
11291.990663 6631.391337
10503.943632 -6559.628908
6680.101647 -13313.717913
-3810.948596 9430.949234
-5235.573688 6261.650406
-1549.761346 45954.058780
6639.750054 -568.060280
2986.868395 7173.964279
11668.650247 -15388.819467
-1018.091494 -797.309066
-6377.839314 10588.675786
-14908.448447 978.282219
-14033.434846 7973.830438
-4338.291388 -5284.918800
-13247.374621 -8344.827237
-3248.410193 -6482.803037
-16519.779059 -13497.001905
-194.147748 9740.233392
1889.909450 -609.891636
-1472.124119 5084.032387
-12774.169332 -376.213338
1691.819230 -747.895338
1641.432050 13752.653442
13909.491640 -1981.833248
1228.701421 8745.769101
14759.066409 -15188.131333
-1136.752332 -42.701708
9764.106356 -2088.038498
213.956155 2016.207993
1264.213002 9273.769120
598.147493 -1751.593465
11089.177999 6687.183397
10241.628850 -6733.509888
6239.743317 -13514.820493
-4512.517187 9365.560661
-5952.713284 6242.209788
-2125.901728 46211.504196
6095.044262 -838.312448
2430.091786 6990.593802
11347.625589 -15813.249511
-1472.261260 -1074.087424
-6821.743372 10391.497420
-15252.073450 810.019012
-14192.720246 7857.471580
-4539.135626 -5499.520054
-13319.833241 -8665.488651
-3018.559538 -6718.588952
-16451.239812 -13821.353266
32.798129 9702.643535
2254.201232 -613.707548
-1204.814154 5219.424300
-12520.165663 -212.409967
2264.336621 -684.413767
2137.937622 13885.337516
14425.082411 -1924.735433
1495.970614 8976.735992
15188.129797 -15153.943217
-1018.521207 73.871953
9798.028281 -2037.917465
191.812047 2082.087475
1162.915984 9422.788118
315.335462 -1779.423216
11046.916382 6602.019570
10107.391143 -6932.957141
5977.194299 -13672.602735
-4833.202099 9410.206253
-6262.097131 6215.158517
-2349.000420 46227.256368
5978.845360 -1204.656316
2255.256380 6760.953446
11243.082797 -16164.920167
-1592.563180 -1258.605012
-6930.549649 9997.466043
-15267.730424 580.610370
-14110.269385 7600.724805
-4489.653644 -5741.264582
-13244.196684 -8959.813802
-2712.026750 -6960.975828
-16096.961615 -13973.837853
454.952308 9625.645778
2589.879442 -614.681770
-768.807041 5186.240255
-12144.484048 -201.341918
2825.924939 -708.909607
2552.514587 13782.700881
14670.858280 -1995.064988
1574.659897 8947.034731
15482.250956 -15186.290080
-937.852333 40.116773
9782.771794 -2160.587082
116.417207 2126.312671
1126.170791 9444.657807
188.973754 -1669.042608
11000.521629 6602.418951
9952.453455 -7043.644217
5689.074113 -13859.272011
-5343.106276 9343.061496
-6785.896366 6171.838460
-2779.857100 46285.389048
5578.981430 -1515.280608
1848.522931 6534.266753
11014.538224 -16538.548506
-1807.896571 -1519.301153
-7173.176135 9664.890383
-15415.216043 304.620957
-14097.962168 7389.851920
-4525.627092 -5958.941500
-13199.059479 -9243.488575
-2396.328011 -7222.589509
-15847.479728 -14293.513360
825.118471 9484.867355
2973.545636 -695.289584
-449.760468 5222.570764
-11832.448212 -93.339706
3310.899400 -593.005982
3059.689593 13876.210707
15102.777092 -1966.612484
1773.860049 9031.905655
15825.964013 -15201.244677
-827.831508 140.365536
9733.439808 -2155.883354
-2.615388 2222.162612
1008.206383 9526.546453
-29.759121 -1707.349419
10891.799156 6538.799042
9793.602111 -7270.255227
5423.519151 -14062.867027
-5797.421037 9311.174019
-7215.195530 6147.390162
-3104.619705 46437.915881
5309.042255 -1780.579285
1553.220168 6367.569790
10908.452912 -16831.725072
-1992.524694 -1687.073324
-7363.503800 9545.160242
-15541.210056 164.750960
-14115.722466 7355.962204
-4552.865436 -6101.034128
-13233.868227 -9437.928569
-2173.769622 -7386.939654
-15750.983430 -14514.310908
985.536017 9504.407197
3232.420540 -830.002280
-349.044066 5207.437110
-11762.164514 -76.398070
3598.784531 -496.245185
3417.001677 14007.660013
15372.877583 -2065.685213
1986.449367 9042.407135
16167.119838 -15321.360432
-690.419014 126.721016
9691.518401 -2090.085681
2.014496 2194.333360
1014.052194 9689.604126
-64.498320 -1785.265568
10932.772406 6462.033536
9825.490289 -7506.936425
5216.319310 -14349.378608
-6049.197251 9349.415085
-7503.567603 6170.713405
-3408.352222 46693.796968
5181.929573 -1966.810825
1441.786768 6161.140584
10952.655662 -17108.233006
-1972.882947 -1976.151743
-7536.785483 9408.009735
-15649.221363 -59.766235
-14087.848236 7321.655776
-4556.733126 -6329.058332
-13219.160217 -9746.047593
-1926.445012 -7723.223886
-15638.814540 -14846.990864
1242.563535 9410.559611
3552.274012 -842.934286
-151.702724 5238.481322
-11617.947888 23.345162
3981.867360 -435.293410
3749.229496 14046.190578
15613.000913 -2047.019765
2123.350924 9118.938726
16392.016268 -15317.289048
-659.140168 146.449214
9578.294237 -2098.532791
-60.552322 2186.653160
845.120234 9675.739580
-327.251021 -1805.982323
10876.029043 6328.593327
9741.505903 -7694.263773
4954.264189 -14564.450555
-6294.866462 9318.845610
-7708.477849 6190.330695
-3667.121894 46784.826736
5096.929131 -2109.446433
1318.776467 6119.616509
10911.134660 -17178.369382
-2025.863668 -1926.541332
-7564.148421 9355.222843
-15754.724327 -78.444369
-14068.405021 7352.181655
-4713.059196 -6356.541354
-13388.912154 -9815.824230
-2033.977423 -7736.238535
-15718.204278 -14896.758312
1218.631336 9476.834510
3545.828682 -812.219124
-183.212894 5253.602932
-11615.186459 66.191417
4079.576786 -365.518698
3861.462571 14115.509745
15642.306322 -2080.353608
2022.081710 9050.453876
16472.062233 -15433.919443
-677.412287 9.942749
9459.489045 -2132.796187
-105.721052 2109.626860
860.059352 9745.052710
-271.371804 -1868.891050
11067.559517 6297.590127
9922.818921 -7831.606165
5007.882519 -14659.733231
-6246.363125 9335.533255
-7678.620425 6179.958977
-3630.215553 46777.516809
5117.326656 -2244.958920
1366.720069 6009.212757
11028.403955 -17338.486459
-1892.706648 -2078.253286
-7488.536193 9127.889571
-15635.968150 -199.231400
-13946.902079 7280.089371
-4623.958657 -6450.776315
-13257.187915 -9966.128735
-1828.090251 -7933.873403
-15510.783494 -15059.432716
1439.207205 9278.891011
3617.277241 -823.490061
8.240826 5249.863762
-11416.310294 66.823902
4244.832752 -388.796312
3983.783144 14043.509590
15790.348884 -2027.354372
2053.639755 9003.783687
16508.298467 -15465.077571
-673.298538 51.136186
9337.326736 -2179.916068
-269.754618 2218.279864
684.913587 9699.661143
-421.619094 -1839.392156
10913.446588 6326.555112
9769.610744 -7910.731938
4787.006489 -14703.548883
-6573.567578 9232.043566
-8010.694249 6155.125877
-3835.672449 46757.699669
4754.612604 -2332.646628
1080.348328 5988.874592
10869.289395 -17442.188657
-1990.199906 -2170.964618
-7562.799743 9003.857169
-15722.775195 -255.917455
-13983.369909 7265.130523
-4637.848853 -6433.512501
-13258.221233 -10034.184017
-1734.760729 -8047.852733
-15446.442395 -15166.699579
1484.175914 9171.045480
3693.990760 -775.194714
124.994329 5201.167947
-11285.677325 123.513557
4414.620203 -377.738623
4202.862428 14126.845026
16074.062668 -1988.930528
2203.623262 8962.302184
16765.908513 -15503.521959
-474.244371 16.198801
9334.236565 -2195.675323
-254.318745 2265.085119
771.399350 9709.921138
-373.961015 -1810.808457
11030.576482 6276.241598
9846.403963 -7996.369873
4782.226023 -14775.662743
-6648.106620 9215.679856
-8088.744085 6216.336945
-3943.911704 46833.246682
4543.265312 -2249.984148
1038.736455 5939.557255
10779.846623 -17595.331111
-2045.802354 -2314.376628
-7693.406084 8928.540442
-15803.451693 -260.464629
-14150.605798 7213.794592
-4699.300791 -6535.416635
-13316.739076 -10223.157194
-1699.998745 -8288.127501
-15538.589311 -15316.480077
1493.181108 8980.379184
3931.017717 -972.294667
10.292370 5361.978600
-10920.335605 279.319387
4726.266064 -183.220178
4555.919423 13881.855329
16104.365751 -2126.678069
2589.230486 9175.423194
16645.524048 -15300.454154
-501.359375 236.972471
9081.603766 -2068.415246
-6.417050 2111.531126
591.170619 9876.427755
-621.294399 -1991.291509
10822.699163 6391.469867
9656.151049 -7840.256957
4522.202089 -14722.637859
-6507.012876 9340.459444
-8421.827005 5988.271889
-4241.824356 46631.445844
4726.562509 -2481.140029
766.623030 5604.385396
10585.778404 -17504.609928
-2208.543747 -2648.007559
-7943.069513 9069.078165
-15669.769606 -572.202960
-13962.134212 7446.496310
-4486.103261 -6796.464905
-13127.500218 -10051.030580
-1434.701214 -8234.649372
-15308.469894 -15263.355008
1702.310787 9072.935085
3907.848319 -990.082731
-3.213615 5393.290317
-10920.095468 280.818080
4756.081467 -200.450323
4713.530049 13842.042901
16264.856796 -2197.035866
2661.913758 9107.159974
16732.744436 -15446.899570
-442.206776 165.475002
9034.731402 -2104.663514
-47.337186 2087.534128
573.477144 9895.007632
-620.166884 -2070.609100
10926.400599 6376.652461
9771.970288 -7934.605404
4544.251564 -14819.501600
-6547.394157 9341.212607
-8551.751049 6044.638771
-4282.132467 46823.027423
4729.555412 -2478.948448
694.470213 5508.184713
10570.524054 -17662.118810
-2178.600398 -2776.467378
-8041.832982 9043.594092
-15787.549660 -657.167954
-14089.304453 7496.777325
-4520.175840 -6912.413312
-13234.124831 -10131.630333
-1418.859552 -8435.999596
-15387.138707 -15410.025353
1730.268693 8985.826407
3860.091522 -1025.715644
23.341907 5451.340733
-10906.594417 257.280285
4833.330967 -213.957021
4824.083419 13788.018413
16445.646128 -2263.367208
2775.499428 9054.716760
16786.256460 -15661.563636
-403.186587 150.745547
9081.435558 -2210.355432
-48.489413 2126.853593
636.418740 9844.191924
-513.313442 -2128.953666
11093.764494 6361.630446
9903.551323 -8017.464585
4643.687870 -14857.604170
-6555.071401 9338.621601
-8659.404761 6070.016125
-4333.550299 46989.405929
4702.501469 -2571.884531
589.889644 5497.830404
10523.962855 -17816.121233
-2153.598546 -2827.542434
-8096.183035 8979.563855
-15915.421796 -763.179300
-14198.994138 7526.641404
-4513.105221 -7005.956335
-13363.036590 -10180.040328
-1361.450884 -8706.490808
-15506.032379 -15621.550261
1759.473795 8749.217677
3678.597174 -1068.004354
6.863455 5438.260975
-10935.363826 188.537158
4888.014042 -226.108316
4925.217570 13780.154274
16813.489099 -2222.168989
2927.237909 9040.069927
16988.325304 -15885.971044
-199.321948 138.935732
9115.378130 -2333.318368
-145.278507 2201.407745
636.884350 9773.940744
-565.143702 -2164.453122
11255.413236 6347.171366
10071.239328 -8120.660586
4709.356466 -15023.557338
-6569.907935 9335.524029
-8690.566641 6123.170281
-4350.967800 47384.607658
4750.544977 -2585.676327
507.709848 5592.866938
10554.136867 -18065.945431
-2127.682664 -2777.716240
-8077.377936 8982.430506
-16131.968149 -828.176663
-14427.472068 7633.807200
-4625.626046 -7034.101876
-13573.333236 -10093.189692
-1509.717975 -8800.314909
-15770.763466 -15738.232826
1713.860938 8687.828424
3429.352439 -1081.443937
-156.084744 5602.998736
-11104.167679 204.069751
4702.187373 -165.115381
4816.156200 13806.574772
16972.388941 -2258.299417
2869.767002 8937.772620
16889.364254 -16178.988268
-188.971784 39.890484
9101.210227 -2456.262167
-224.967412 2138.867680
610.207332 9645.785728
-510.413916 -2372.179736
11489.803266 6197.912498
10316.877333 -8239.873467
4992.891614 -15044.445284
-6203.367146 9449.310144
-8349.101485 6135.149233
-3994.466866 47461.516778
5138.992914 -2674.589158
717.288524 5725.554564
10752.890358 -18156.450380
-1964.875500 -2596.604664
-7861.636484 8916.593914
-16062.483315 -825.560069
-14429.508758 7627.055428
-4658.371401 -7087.167355
-13663.105085 -9920.518787
-1659.982075 -8837.430051
-15901.305634 -15600.293314
1631.094042 8621.565558
3087.512988 -1091.552326
-308.862190 5608.040658
-11280.661231 46.941785
4397.666567 -169.119983
4490.989930 13640.870582
16764.707383 -2332.839279
2616.579877 8673.633473
16599.937028 -16447.346840
-267.678997 -145.019847
9019.930528 -2663.030468
-351.800102 2115.523762
740.350225 9472.198989
-276.341656 -2537.010362
11634.761655 6132.488657
10602.228270 -8258.491096
5264.864956 -14969.723870
-5971.792403 9369.078233
-8168.211509 6109.474221
-3694.719639 47507.331079
5294.751799 -2679.580239
801.170654 5849.805108
10823.002133 -18193.122483
-1743.345089 -2493.870451
-7736.361279 8994.914963
-16052.805925 -836.930527
-14420.737891 7695.544669
-4653.208220 -7122.684246
-13730.873484 -9820.145182
-1644.318967 -8903.854299
-16094.606094 -15639.305866
1493.775042 8410.094104
2866.073063 -1247.433775
-478.713691 5511.804847
-11452.566811 -87.407269
4103.104698 -217.828194
4277.557968 13608.359122
16849.109934 -2336.972112
2647.523114 8626.606804
16561.944147 -16703.063927
-181.585917 -156.166563
9016.248370 -2766.694496
-405.176486 2202.898270
828.953884 9389.467242
-267.161765 -2628.262453
11732.655389 6037.515953
10719.502144 -8376.872874
5402.553113 -15004.913143
-5855.826011 9313.462009
-8028.683675 6144.715535
-3574.562901 47569.907081
5438.982227 -2678.701307
820.655869 6011.606139
10936.456669 -18233.348941
-1656.137981 -2282.732017
-7585.386884 8974.445432
-16133.357037 -780.353395
-14453.736693 7799.576315
-4716.751912 -7072.851466
-13829.782559 -9643.359481
-1835.588094 -8956.548772
-16173.337257 -15700.372947
1268.385231 8347.886569
2573.513106 -1295.286816
-664.514983 5662.041127
-11578.094844 -259.333798
3736.726080 -203.465040
4177.927356 13573.280390
16751.426874 -2280.697044
2561.728405 8511.270141
16347.582333 -16822.240721
-81.274699 -294.193927
8968.615654 -2764.800384
-526.501369 2109.721427
846.065412 9342.871020
-130.915798 -2738.243030
11862.714581 6035.029031
11029.393691 -8454.300273
5618.206409 -15041.529173
-5686.536371 9237.582421
-7704.046628 6169.095500
-3348.505052 47570.842912
5630.745136 -2574.938748
920.968907 6090.482639
11089.455718 -18194.395184
-1459.830511 -2182.783831
-7355.986073 9091.851269
-16073.175488 -716.455542
-14399.815016 7969.412220
-4701.097008 -6986.257650
-13812.685747 -9464.572297
-1963.921034 -8972.894878
-16324.474174 -15656.748884
1070.119647 8237.962701
2241.890603 -1374.366151
-969.726273 5724.834891
-11742.636042 -399.317440
3368.521243 -170.705097
3877.859441 13467.739833
16641.901140 -2283.219474
2490.275058 8288.789396
15981.057511 -16958.138757
-98.166503 -372.868127
8918.343265 -2772.485069
-659.422240 2021.193974
929.479275 9189.548679
70.614422 -2969.903616
11941.685622 5854.581594
11188.314394 -8536.246998
5866.972463 -15026.270135
-5406.945582 9180.970578
-7400.056323 6185.646963
-2994.418799 47407.268841
5952.254703 -2575.235643
1104.841668 6105.042592
11300.559280 -18145.735078
-1200.135322 -2009.588176
-7182.110357 9245.353397
-15910.154525 -595.148701
-14275.078852 8071.395366
-4571.116954 -6997.238704
-13734.091042 -9323.636816
-2059.846599 -9022.126285
-16506.143121 -15538.578119
910.704182 8144.371364
1811.873877 -1456.504081
-1220.796341 5653.258871
-11974.921672 -608.539904
2972.739614 -258.596770
3536.487613 13329.012869
16565.946435 -2294.009263
2375.265787 8147.862269
15761.454715 -17113.201505
-100.656647 -457.936123
8910.069788 -2935.385284
-791.661923 1977.604645
1045.155215 9015.953057
172.211777 -3046.840721
12024.261419 5729.334519
11337.305841 -8614.555355
6108.133949 -15162.298049
-5298.824157 9102.568179
-7187.035419 6228.363293
-2805.603947 47490.486935
6198.649235 -2467.664059
1300.480911 6194.713889
11567.301006 -18194.141510
-1010.129001 -1890.697891
-7023.495969 9306.466821
-15907.747256 -424.480996
-14258.284771 8120.774249
-4575.158513 -6907.350403
-13755.752161 -9304.353305
-2238.428060 -9084.097754
-16659.805531 -15561.136881
715.631118 8056.394348
1539.778383 -1479.751863
-1477.435331 5694.025383
-12194.635229 -732.050861
2630.348004 -276.556820
3314.376109 13196.127399
16478.356529 -2254.559295
2314.272146 7975.897112
15516.293969 -17206.560933
-63.620567 -641.722487
8876.351156 -3050.979856
-836.085822 1840.605660
1096.103318 8878.493762
289.575910 -3165.072518
12173.783798 5590.534916
11613.279783 -8727.529893
6410.902611 -15244.156961
-5078.649932 9121.723316
-6786.522555 6269.546099
-2566.990031 47507.349297
6490.439413 -2307.844609
1476.345950 6492.952340
11986.618729 -18121.570361
-971.562207 -1861.304599
-6865.045169 9331.385371
-15943.517093 -137.533657
-14182.419736 8389.265252
-4831.620356 -6724.472350
-13740.075309 -9259.747125
-2434.972635 -9062.528441
-16776.443386 -15568.451032
294.103312 8095.666564
1166.097246 -1539.946672
-1958.983110 5853.857390
-12432.338482 -805.635922
2202.766634 -276.875626
2848.193935 13015.323513
16036.300089 -2274.796395
2176.525358 7752.875118
15097.783534 -17109.064188
-234.933562 -793.044524
8709.770431 -2952.949593
-929.195658 1557.289304
1161.560196 8801.099644
558.986199 -3507.203695
12175.749506 5400.217154
11799.413260 -8934.905014
6678.439600 -15185.826994
-4692.239071 8933.153851
-6306.451553 6249.413239
-2051.209613 47176.218795
6930.980969 -2260.638707
2002.960341 6514.494467
12410.597042 -17976.013068
-516.474563 -1665.260505
-6429.774462 9459.216246
-15567.072143 31.020955
-13991.015683 8587.766671
-4580.780647 -6508.365561
-13477.292760 -8977.842790
-2454.778867 -9137.309971
-16890.511804 -15419.163400
94.161880 8056.347188
730.904357 -1482.686703
-2417.636123 5849.914903
-12867.668302 -889.913434
1809.204260 -489.413854
2277.991802 12733.463278
15473.871875 -2467.347121
1865.248115 7575.613091
14716.770922 -17165.375788
-551.214674 -877.816778
8816.771133 -2959.451883
-927.985962 1418.063602
1365.425471 8383.765829
688.772584 -3676.212406
12351.994780 5269.933200
11897.619174 -8729.044738
6803.831478 -15210.384972
-4546.360236 8777.369328
-5972.127464 6269.320500
-1897.340876 47330.974854
7231.687539 -1967.271117
2337.092433 6703.944517
12381.935880 -17709.914484
-178.434201 -1246.931503
-6202.407741 9865.756987
-15710.697447 337.435483
-14125.311672 8763.673286
-4410.259198 -6503.074922
-13720.049080 -8966.416942
-2854.643679 -9198.365757
-17373.220455 -15484.498053
-412.131847 7996.432077
246.593110 -1580.363092
-2691.229517 6025.526963
-13083.746965 -1162.615765
1418.847870 -427.124728
2236.838599 12671.645143
15531.860921 -2324.332947
2003.861855 7691.031141
14354.136294 -17269.086470
-557.360416 -743.527740
8855.037219 -3006.055397
-950.479627 1534.140353
1471.059632 8198.533912
898.881459 -3710.236195
12484.886226 5243.299166
12166.739412 -8728.350490
7144.515062 -15129.524802
-4307.995863 8802.857505
-5619.531872 6422.025490
-1659.741719 47540.632001
7645.128515 -1644.201005
2703.630035 6918.685301
12727.048554 -17644.980434
-69.767962 -1055.866990
-6005.924235 10281.499333
-15840.340838 758.675280
-14315.355327 9175.944439
-4538.034064 -6193.014438
-13806.859142 -8679.328004
-3264.742130 -9020.669176
-17757.543589 -15268.486223
-879.530979 8123.703101
-388.872487 -1371.337717
-3300.609172 6238.954552
-13546.795150 -1166.900806
528.026871 -311.823995
1739.170930 12376.256790
15083.882855 -2471.541987
1581.649327 7231.459415
13579.479058 -17160.601730
-538.544363 -863.661385
8535.418290 -3082.603606
-800.347014 1196.990174
1735.401862 7899.920912
1356.977662 -4043.779348
12664.139409 5199.118021
12811.992009 -8846.518347
7827.776233 -14950.855321
-3515.283429 8743.459991
-4710.636051 6487.950289
-795.902421 47193.394665
8155.762739 -1563.397087
3508.774564 7116.801788
13420.957704 -17370.247832
202.387956 -662.615294
-5478.660996 10466.400412
-15444.227326 987.477718
-13984.585715 9436.371825
-4405.137298 -6063.130664
-13617.509641 -8373.672559
-3745.992322 -9274.031504
-17954.878868 -14846.704138
-1317.377117 7905.304487
-902.635038 -1362.774962
-3949.365166 5976.913766
-13867.106442 -1647.953628
-17.083349 -412.736823
1324.281499 11852.717687
14457.963584 -2313.385534
1514.003905 6664.470167
13035.194733 -17057.188101
-520.257484 -1116.924274
8440.354063 -3180.691785
-736.320863 1147.010475
1690.729845 7618.215263
1708.328516 -3947.265400
12781.735241 5209.740841
12872.224622 -8718.415438
8022.796126 -14582.558560
-3201.590731 8565.849671
-4426.584456 6904.063830
-465.033678 46765.816048
8149.237554 -1098.352204
3652.246234 7033.301166
13323.095066 -17006.252540
235.681616 -580.651834
-5521.432345 10592.690771
-15510.127955 1227.465339
-14091.383679 9514.672665
-4421.620419 -5874.122735
-13533.858816 -8134.625198
-3922.552927 -9283.578855
-18094.355990 -14552.162768
-1593.646168 7699.097820
-1310.066094 -1238.123672
-4394.615865 5965.193859
-14046.936055 -1672.421049
-362.894748 -426.966212
870.725960 11839.406954
14419.089590 -2038.527448
1758.247699 6587.482221
12728.005107 -17083.819049
-515.013863 -1121.295571
8538.215838 -3002.967368
-834.706317 1308.476625
1669.203563 7533.690037
