0.000000 0.000000
0.000000 0.000000
0.000000 0.000000
0.000000 0.000000
0.000000 0.000000
0.000000 0.000000
0.000000 0.000000
0.000000 0.000000
0.000000 0.000000
0.000000 0.000000
0.000000 0.000000
0.000000 0.000000
0.000000 0.000000
0.000000 0.000000
0.000000 0.000000
0.000000 0.000000
0.000000 0.000000
0.000000 0.000000
0.000000 0.000000
0.000000 0.000000
0.000000 0.000000
0.000000 0.000000
0.000000 0.000000
0.000000 0.000000
0.000000 0.000000
0.000000 0.000000
0.000000 0.000000
0.000000 0.000000
0.000000 0.000000
0.000000 0.000000
0.000000 0.000000
0.000000 0.000000
0.000000 0.000000
0.000000 0.000000
0.000000 0.000000
0.000000 0.000000
0.000000 0.000000
0.000000 0.000000
0.000000 0.000000
0.000000 0.000000
0.000000 0.000000
0.000000 0.000000
0.000000 0.000000
0.000000 0.000000
0.000000 0.000000
0.000000 0.000000
0.000000 0.000000
0.000000 0.000000
0.000000 0.000000
0.000000 0.000000
0.000000 0.000000
0.000000 0.000000
0.000000 0.000000
0.000000 0.000000
0.000000 0.000000
0.000000 0.000000
0.000000 0.000000
0.000000 0.000000
0.000000 0.000000
0.000000 0.000000
0.000000 0.000000
0.000000 0.000000
0.000000 0.000000
0.000000 0.000000
0.000000 0.000000
0.000000 0.000000
0.000000 0.000000
0.000000 0.000000
0.000000 0.000000
0.000000 0.000000
0.000000 0.000000
0.000000 0.000000
0.000000 0.000000
0.000000 0.000000
0.000000 0.000000
0.000000 0.000000
0.000000 0.000000
0.000000 0.000000
0.000000 0.000000
0.000000 0.000000
0.000000 0.000000
0.000000 0.000000
0.000000 0.000000
0.000000 0.000000
0.000000 0.000000
0.000000 0.000000
0.000000 0.000000
0.000000 0.000000
0.000000 0.000000
0.000000 0.000000
0.000000 0.000000
0.000000 0.000000
0.000000 0.000000
1067.034460 844.802592
369.094802 1754.347972
47.769416 634.035529
-702.403156 1273.272272
-1367.114070 18.688129
-2249.390084 1829.400190
-1890.518422 1371.545949
-2846.273998 1811.063664
-3148.317764 1231.409110
-2549.534654 2094.751358
-1909.886560 575.448634
-3337.510164 1216.597426
-3081.973308 425.573038
-2450.092758 1662.289742
-1787.858970 -3.059270
-1174.931164 369.097896
-883.328772 -1192.099350
-1635.222628 -863.871660
-755.701610 205.295648
284.837594 -343.312674
51.715718 275.188044
1016.420238 -264.892151
1808.707544 614.256040
2767.201072 955.075567
4391.232846 1640.207790
4026.274698 1972.328674
3253.446810 1270.857466
2781.259236 1647.838925
2838.411004 1735.350743
1934.803210 1008.991241
1396.400348 1369.233768
3450.111224 2122.710935
547.084316 3781.754533
1645.492416 1097.873431
-152.899910 3893.402505
-3208.640792 22.563625
-6732.465930 3961.663761
-6328.182084 1790.398113
-8775.872486 3641.448137
-8612.568918 2354.063707
-8823.407048 2900.371920
-8664.391846 -562.765007
-10096.059096 1696.207615
-8896.890896 533.152709
-8544.947584 2977.117562
-5559.907796 -2042.898359
-3468.135350 1369.385274
-2777.263058 -2470.826169
-3752.469376 173.714604
749.052452 -1457.735642
539.491542 -3137.377511
1364.556024 -1181.210217
3964.414748 -1097.471717
5344.480082 1031.136129
6360.605634 514.604229
15642.592582 2496.591099
13339.383578 3002.071167
9104.276494 1387.066595
7975.835200 1639.338465
8332.859950 3008.223763
5638.641386 3003.492981
5053.098490 4479.012455
5130.993931 4192.095942
-160.011425 6466.745824
3357.154245 1343.713423
121.198009 6013.296224
-5489.296447 143.470081
-11802.656479 6786.936874
-11274.663429 3542.783635
-15161.295991 6969.924608
-13835.768675 3874.974850
-14420.325607 4062.000005
-14885.006161 -2611.051320
-16569.788851 2252.190154
-14424.636503 674.697198
-14456.441617 4896.217293
-9470.934819 -4003.133390
-6114.535867 2246.598469
-4640.407241 -3605.447508
-5086.502629 1195.392517
2119.466797 -2580.509505
1578.910625 -5190.934392
3422.145175 -1773.687468
7182.456315 -777.923473
8870.697105 2166.094030
10592.310771 1556.836727
26141.550633 4303.368582
22824.137437 4990.871946
15281.699457 2099.867520
13109.103437 1120.716047
13027.167791 4463.630391
8844.955585 4726.101513
7285.376133 8677.732060
5042.414666 6837.273320
-1315.504228 9139.520102
3377.662132 3769.229431
800.938912 9868.740500
-7156.524096 2456.693511
-15198.356536 9585.478806
-15812.696888 5988.695511
-18432.389604 11143.193870
-17325.886536 6820.667764
-18362.308516 5563.693678
-19370.877240 -2042.594274
-19295.494382 4341.743786
-17855.407020 3063.324078
-18451.531070 7251.685790
-11479.802680 -3138.335836
-7056.745884 5330.922856
-6008.744816 -1192.716620
-5480.186026 4961.514812
3672.919198 -1101.029392
1873.851408 -4789.881764
5117.340014 910.666866
9921.045194 1405.061779
10232.409648 6415.440180
11880.865580 3537.232935
34206.339038 7780.838652
28791.932866 7148.381620
16995.986966 3857.461868
15164.547528 1786.412713
14810.630488 6920.371017
8597.260404 8063.262335
8502.205806 13339.801872
5173.286291 6419.670828
-1292.286097 8988.649406
3878.943775 3804.213350
1763.519045 10076.327972
-6593.430689 2460.461808
-14721.939743 9216.557838
-15383.468607 5894.590954
-17853.488381 11168.085440
-16847.199087 6936.970006
-17760.453749 5092.275570
-19379.004593 -2104.007980
-18723.327871 4712.183244
-17366.917827 3304.729116
-18352.284441 7236.796750
-11338.132557 -3218.979364
-6947.137873 5953.100256
-6142.533085 -716.676644
-5685.933961 5537.522474
3568.381747 -1374.994448
1416.875577 -5044.373940
4773.454451 1176.821298
9579.757417 1226.547818
9242.240659 6657.140594
11055.067273 3059.883648
34227.461995 7565.182246
28578.625607 6361.894006
15752.258601 3293.504936
14757.819219 1451.568218
14421.003689 6624.928096
8213.074503 8048.728858
8652.704761 13250.927036
5797.604867 3287.517753
48.531243 6016.949829
5809.899867 778.411273
2912.127555 6481.402201
-4535.534197 -624.196967
-12560.938943 6100.594265
-13379.126681 3109.193929
-16155.368571 8236.467879
-14764.195815 3792.071971
-16294.880225 2186.705523
-17892.741017 -4929.954825
-17471.477099 1819.408825
-16136.314497 126.422205
-17488.942561 4115.217987
-11058.247209 -5923.209691
-7039.642929 3048.150223
-6315.122819 -3348.766533
-5914.132033 2304.139717
3106.532959 -4780.827065
1060.127319 -7766.836859
4074.182863 -2589.031657
8395.303169 -1752.176435
8328.186989 2578.032373
10407.994711 -183.362949
32308.739275 3577.787697
27086.280483 2656.528581
15566.685463 -303.360817
14662.275433 -2332.570339
14235.080481 3039.119819
9322.422129 4229.004745
8848.083065 9602.936189
5661.131994 3124.175524
29.207010 6151.615656
5857.120844 983.243255
3002.324836 6439.608846
-4431.260002 -738.986591
-12166.037972 6040.904110
-12824.049338 3070.288209
-15610.696930 8100.366106
-14291.066418 3680.635472
-15779.972118 2120.060923
-17464.130856 -4517.559158
-16992.099590 2150.671784
-15723.520746 261.890000
-17026.666916 4040.447751
-10619.150096 -5744.855084
-6774.036894 3252.747887
-6361.842134 -3191.946212
-6048.094454 2510.870793
3011.125430 -4606.943101
899.729528 -7316.920746
3802.078806 -2232.420196
8197.323754 -1850.482371
7908.059574 2507.625790
10013.854776 -399.999825
31755.084550 3582.588762
26191.741502 2476.819414
14439.973588 -279.888510
14304.216046 -2065.739343
13977.641042 2964.057557
9064.504520 4047.768363
8782.071048 9117.907206
5577.938744 2957.489422
-13.826358 6322.254604
5992.531258 1107.987540
3157.584356 6421.901096
-4332.471200 -921.570724
-11841.610756 5998.130738
-12393.350676 3126.659446
-15245.760390 8088.974216
-13961.372728 3702.942546
-15443.436488 2072.695026
-17190.041272 -4188.831564
-16620.357070 2457.161982
-15493.747808 366.245140
-16773.865396 4058.473070
-10310.064334 -5627.652392
-6601.833732 3385.545374
-6486.878468 -3152.962652
-6279.973674 2622.379888
2841.837962 -4477.922182
707.044476 -7048.224286
3534.546516 -1950.840290
8077.475366 -2041.620556
7552.432770 2425.666364
9691.630128 -565.878766
31469.193982 3641.947484
25626.298560 2457.554056
13655.460636 -288.364304
14172.035392 -1897.408660
13892.615888 2815.616418
8860.530482 3891.063302
8832.967720 8771.798498
5410.421164 2981.852251
-51.198886 6421.344355
6009.930170 1128.515082
3156.213538 6398.074531
-4324.571446 -1027.799056
-11694.843412 6084.647057
-12296.955306 3215.237496
-15123.431120 8133.289675
-13846.467076 3697.523883
-15333.816432 1965.062913
-17106.599976 -4068.237871
-16483.246672 2540.458431
-15417.002636 377.016445
-16659.440676 4039.863505
-10172.583806 -5721.631011
-6523.697564 3416.810759
-6539.151284 -3222.368621
-6401.720158 2741.069213
2820.693358 -4347.851639
746.914638 -6922.069201
3524.523962 -1787.130183
8112.879298 -2240.358470
7444.677542 2527.366525
9641.514686 -592.762268
31289.954204 3849.009701
25501.593026 2505.663335
13375.748660 -327.602949
14168.934876 -1879.033610
13823.467406 2656.485750
8735.764932 3868.357286
8785.062424 8639.698171
5168.129186 3103.180619
-226.690898 6559.670905
5784.156474 1126.537165
2915.766356 6405.504831
-4519.833890 -1192.181463
-11825.952670 6154.448685
-12441.268044 3176.784577
-15303.793690 8167.173171
-13989.073772 3671.526911
-15445.793376 1977.781248
-17163.203866 -3970.964001
-16499.922690 2533.724775
-15417.324938 371.702703
-16525.265164 3991.291102
-10025.320714 -5801.217415
-6398.940244 3431.867532
-6473.616076 -3318.941535
-6337.592164 2824.616298
2911.798608 -4254.764464
976.703102 -6808.687549
3719.803802 -1706.106231
8279.960846 -2366.074653
7592.032776 2691.429163
9854.645540 -506.321207
31317.722636 4172.021651
25589.299272 2699.840037
13383.245226 -156.517711
14274.355612 -1718.384463
13857.765060 2652.914477
8693.184966 3909.299117
8655.181120 8589.480841
5086.708726 3213.875330
-64.709370 6593.572892
5782.168366 1189.206271
2981.955828 6351.025840
-4371.316532 -1233.679299
-11569.454878 6149.732824
-12333.860976 3186.637723
-15062.846544 8211.000282
-13822.234356 3666.736488
-15316.317474 1944.338856
-17051.926736 -3830.538352
-16353.156856 2553.819462
-15357.162106 485.495598
-16369.757846 3955.677874
-9983.587696 -5669.653846
-6365.206228 3449.656544
-6515.870594 -3250.884956
-6360.309636 2787.235286
2776.821992 -4228.144486
913.393664 -6738.970062
3575.686792 -1698.858732
8090.908140 -2516.768219
7362.342212 2670.239658
9714.619158 -629.893219
30913.524832 4236.312136
25305.962284 2637.044102
13226.134042 -70.659500
14247.520780 -1655.030267
13842.542118 2624.631503
8747.857376 3898.687681
8647.766002 8471.266542
4832.111084 3412.028929
-35.038900 6618.315239
5597.830624 1118.388173
2797.945576 6258.633447
-4493.671898 -1263.265005
-11617.554374 6296.535237
-12537.413708 3352.674615
-15182.024418 8322.228085
-13887.200144 3719.069079
-15372.101378 1991.155254
-17069.972256 -3810.988527
-16432.881322 2462.833855
-15465.381528 562.010329
-16301.778460 4015.404956
-9979.399762 -5626.268157
-6359.730144 3258.604392
-6431.291896 -3383.792175
-6344.629744 2648.994708
2735.614984 -4111.049368
1063.276004 -6658.356307
3631.054728 -1706.354273
8087.412004 -2528.757649
7560.809020 2834.529489
9951.769274 -503.487755
30864.644846 4499.686155
25406.489044 2863.611723
13618.169886 132.367893
14334.562230 -1577.112855
13822.507320 2593.197435
8777.419266 3948.828043
8536.373256 8474.336473
4789.562898 3666.201202
262.260110 6669.084556
5552.982348 1161.037190
2752.160880 6202.758104
-4403.684404 -1205.760874
-11435.090530 6237.210552
-12776.216948 3381.138176
-15323.445506 8368.449830
-14037.828110 3933.572398
-15499.280288 2114.937172
-17235.270622 -3764.508010
-16570.963942 2202.712536
-15596.297096 428.951380
-16445.614664 3902.489968
-10292.540234 -5718.408798
-6657.420492 3075.550822
-6614.887288 -3466.044022
-6492.252454 2404.099348
2634.182378 -4152.720374
1103.679540 -6901.112486
3728.907130 -1942.657126
8065.708496 -2738.767046
7685.403824 2866.287128
10164.695314 -513.270522
30660.146194 4538.594980
25478.000388 2916.680404
14234.416470 232.996824
14569.728012 -1586.332390
14033.995950 2510.495728
9173.961336 3965.686710
8727.512096 8478.329956
4718.182211 3668.268380
481.551693 6492.341534
5442.626085 1124.050769
2588.930887 6085.125740
-4272.796723 -1059.509865
-10919.603061 6185.710948
-12512.911733 3232.564607
-15045.769337 8061.643318
-13741.134969 3861.299374
-15310.645935 2073.833193
-17142.730039 -3539.176028
-16354.894361 2127.467828
-15436.890717 401.046858
-16239.652591 3585.435533
-10205.292797 -5802.890612
-6649.156793 2881.348489
-6666.374847 -3366.269762
-6550.358035 2448.873715
2594.987413 -4103.667493
1079.067713 -6845.022900
3697.235705 -2207.338908
7897.943391 -2985.397395
7542.705425 2717.371754
9870.352201 -526.030659
30060.524133 4570.060688
25057.005379 2724.566784
14167.562471 137.647670
14431.893203 -1655.217997
13965.970609 2445.596479
9291.768559 3940.903201
8718.286585 8204.552974
4481.515705 3670.556489
565.356141 6401.681823
5281.841649 1266.194347
2458.965003 5955.928987
-4209.454481 -1088.652467
-10531.214059 6014.785223
-12373.067365 3089.197111
-14736.548977 7965.062161
-13401.199269 3775.145159
-15168.640455 2047.837344
-17002.765061 -3292.230389
-16042.122329 2174.853245
-15178.337379 388.063301
-16019.361539 3275.445854
-9955.058821 -5815.762259
-6528.367489 2802.281356
-6717.023331 -3298.906761
-6631.450513 2431.583570
2558.605807 -4040.713310
1048.930703 -6617.202891
3712.286115 -2198.812465
7800.092363 -3144.935119
7443.936643 2622.879629
9741.667925 -636.224143
29665.491343 4611.239887
24535.369571 2635.741273
13793.358057 251.000467
14250.687355 -1591.360667
13922.571901 2322.803683
9325.904695 3756.009349
8652.679597 7752.623017
4267.711856 3666.948143
588.028012 6334.528137
5192.887734 1440.498114
2417.927044 5851.695233
-4140.994662 -1057.984994
-10113.752628 5933.896967
-12073.547028 3003.763494
-14315.798026 7935.766845
-13010.657060 3713.866285
-14894.993604 2077.891177
-16743.170662 -3003.199917
-15750.870362 2268.953571
-14923.591918 452.656861
-15736.472194 3079.259109
-9723.103032 -5719.106939
-6429.196880 2728.926181
-6781.191336 -3145.867385
-6667.916402 2484.975651
2467.417202 -3906.683817
912.636888 -6308.070929
3664.276514 -2120.752011
7664.901362 -3215.380790
7170.820958 2524.457181
9532.444782 -733.781806
29214.338540 4637.831045
23815.635852 2542.839739
13329.039058 405.910677
14100.706388 -1516.770040
13745.946582 2217.276616
9280.892804 3583.054146
8667.223212 7346.336613
4210.266663 3521.926753
769.973991 6135.322201
5280.470193 1509.424329
2567.387709 5676.188319
-3899.663217 -963.248141
-9474.115597 5852.910383
-11567.402781 2969.270803
-13669.674187 7813.680395
-12364.230657 3651.081021
-14352.685057 2027.283212
-16322.186193 -2708.062993
-15297.418679 2397.432113
-14576.680813 561.985493
-15404.102263 2910.976150
-9501.496001 -5527.814363
-6342.647991 2645.740454
-6890.932043 -2970.610849
-6785.017623 2460.804920
2273.638021 -3804.463298
607.636333 -6050.902433
3342.814871 -2055.231197
7298.109867 -3270.825607
6711.735747 2366.423351
9079.689911 -882.081379
28578.295119 4439.973913
22918.594243 2227.624773
12665.948909 362.621297
13768.731847 -1522.233631
13478.094511 2067.200807
9109.243451 3336.021121
8701.766527 6875.731823
4108.884724 3448.334037
677.585940 6089.579763
5227.099312 1586.908326
2520.534290 5579.825861
-3980.351244 -999.992908
-9363.338370 5894.968951
-11371.984234 2983.609814
-13447.831744 7870.291881
-12142.707590 3575.857691
-14147.247144 2088.528053
-16071.343168 -2595.857763
-15140.570254 2571.802897
-14430.329186 621.483821
-15228.811408 2915.822009
-9309.973296 -5403.491487
-6187.040988 2624.600315
-6849.505268 -2960.637843
-6819.690932 2443.321781
2232.459252 -3696.741777
540.954078 -5743.705747
3225.274072 -1867.577289
7283.694258 -3192.381014
6608.094424 2316.504987
8988.861938 -894.294756
28492.004936 4513.228443
22575.288268 2215.252083
12242.575398 498.657577
13672.573192 -1444.541002
13341.385558 2063.682424
8938.414644 3182.781754
8603.312822 6629.951685
4074.925158 3463.070289
680.644446 6062.016605
5180.898912 1660.381637
2511.653520 5538.005551
-4072.422586 -994.820401
-9252.932490 5950.685507
-11267.640458 2991.153271
-13333.438564 7938.390069
-12022.210048 3524.668251
-14026.534658 2139.176993
-16003.945636 -2502.999383
-15014.405564 2621.700301
-14391.881770 681.878245
-15182.269504 2815.894649
-9259.288864 -5279.200879
-6122.477082 2571.326785
-6890.414572 -2963.848425
-6815.755958 2425.465973
2163.440522 -3659.069591
523.588788 -5525.547297
3190.593682 -1770.601801
7264.548420 -3182.411441
6591.292620 2303.817487
8954.625428 -944.229773
28397.915086 4614.980131
22383.901882 2152.486651
12023.217280 638.226281
13665.080004 -1440.817589
13307.344512 2072.861389
8872.156410 3111.008853
8571.170318 6489.129463
3792.951993 3362.823546
656.199675 5831.480308
5045.499937 1725.242445
2319.597443 5289.248476
-4033.988849 -872.436057
-8824.235429 5828.267424
-10959.091291 2969.780357
-12894.127733 7882.141916
-11489.679041 3427.330116
-13586.388355 2188.376518
-15535.930179 -2341.595718
-14540.848863 2679.670430
-13983.542289 707.379816
-14864.465873 2685.389228
-8925.878641 -5055.809424
-5917.380997 2461.478096
-6778.159173 -2802.953884
-6709.799995 2381.922390
2131.032361 -3517.750846
433.174363 -5120.851260
3127.110083 -1681.220852
7043.092061 -3023.649287
6339.015711 2239.082748
8670.220809 -837.177791
27802.158065 4582.284054
21585.723027 2062.044928
11586.382341 733.145978
13324.170185 -1431.297307
12870.088473 2049.533437
8645.804053 2940.652513
8358.356111 6125.954488
3638.806724 3340.076066
681.890282 5728.200214
4995.801024 1683.107747
2228.641404 5213.724494
-4033.614496 -818.962533
-8593.954812 5894.152954
-10811.367946 3035.075263
-12741.599666 7914.988884
-11248.240464 3497.900158
-13420.642328 2273.581021
-15372.560272 -2198.087908
-14381.012536 2705.473686
-13866.250950 736.172880
-14763.648222 2642.741067
-8899.888522 -4951.697184
-5889.502610 2356.017773
-6768.998120 -2754.408616
-6743.985168 2290.029485
2054.036148 -3444.682063
389.995924 -5020.881172
2999.827624 -1666.253676
6918.256070 -2981.384173
6248.536704 2268.899988
8566.087742 -727.013027
27559.445722 4640.800954
21324.209836 2117.220646
11594.861440 789.214610
13268.628594 -1395.528081
12765.964152 1996.446431
8574.216800 2917.749077
8320.031976 5982.621300
3626.271554 3327.963947
702.295640 5586.233745
4925.470674 1692.678759
2158.686200 5232.663751
-4081.053200 -710.036171
-8509.000800 5968.527207
-10785.028642 3035.332383
-12678.923928 7954.239329
-11197.630914 3513.389809
-13351.892832 2329.745493
-15324.067436 -2174.854585
-14388.507564 2658.831473
-13866.039100 745.716049
-14765.506724 2576.572231
-9011.966070 -4928.980583
-5892.507164 2265.053047
-6727.550618 -2762.342475
-6746.288684 2239.738579
2002.831226 -3414.761513
421.683010 -4967.867923
2998.297784 -1672.130035
6888.952540 -2926.442979
6275.433700 2331.484821
8582.333374 -681.487851
27461.947952 4680.625177
21296.764132 2074.513793
11681.520634 838.878417
13267.746788 -1428.726859
12684.469930 2030.373285
8564.073472 2939.317559
8342.041440 5962.842531
3501.745055 3149.954671
674.457429 5302.048721
4853.234545 1586.559888
2220.462357 5045.637207
-4001.010753 -708.131530
-8271.429757 5864.334287
-10506.169459 2914.783740
-12340.610031 7887.010105
-10851.915209 3428.200817
-12963.643823 2273.780280
-14990.960701 -2180.256505
-13999.087219 2587.931867
-13502.029895 719.113897
-14537.016631 2381.641870
-8865.205625 -4834.384331
-5741.172613 2211.322660
-6678.745161 -2662.407023
-6622.777061 2235.334138
2042.352193 -3461.010508
339.953961 -4878.715589
2886.281561 -1630.090149
6787.864459 -2831.613412
6048.174177 2341.349963
8267.696133 -707.511716
27130.692401 4625.869217
20894.962543 1833.150775
11278.204647 721.749515
13012.356435 -1580.978708
12387.112779 1874.500528
8266.174675 2795.328930
8151.654259 5720.542083
3394.716536 2981.064848
714.042530 4975.300830
4774.945352 1673.053873
2214.517382 4749.602614
-4024.916228 -597.981935
-7818.284848 5676.378042
-10127.379926 2935.640395
-11878.207340 7893.935552
-10306.614214 3439.614958
-12341.861250 2362.200887
-14460.267374 -1974.812000
-13526.622642 2681.623180
-13119.184288 879.209700
-14294.728904 2339.430437
-8604.911302 -4452.882422
-5563.063922 2065.081835
-6600.316720 -2604.131412
-6631.994038 2031.651469
1843.185154 -3376.895177
42.656556 -4464.254856
2733.234556 -1482.672890
6448.492496 -2683.404945
5735.208500 2206.892854
7951.571960 -703.053117
26673.240422 4496.439366
20014.835100 1657.317744
10801.518648 881.830258
12700.264508 -1513.591441
12008.181526 1856.529175
7991.764354 2582.413281
8146.479954 5277.940892
3347.045461 2846.642534
841.667289 4732.562138
4750.421697 1721.773579
2291.075119 4597.720352
-3877.698829 -343.835651
-7322.564713 5583.130736
-9640.603089 3010.840005
-11315.784633 7818.209668
-9720.982355 3492.495662
-11815.171987 2449.033148
-13997.137377 -1759.222208
-13109.068349 2746.361416
-12787.777263 935.469462
-14069.069413 2233.002834
-8426.563775 -4201.448610
-5585.721887 1873.921508
-6632.332045 -2457.987464
-6665.725671 1909.438160
1623.906789 -3192.268248
-297.976831 -4099.523426
2550.836093 -1342.130398
6183.991099 -2517.537863
5455.362049 2058.042874
7605.073579 -692.082791
26163.504645 4270.398570
19085.835443 1515.683616
10368.552999 892.527408
12371.425715 -1507.028115
11679.896425 1661.084627
7720.339791 2324.420789
8148.054563 4888.520060
3121.766475 2699.305787
726.446187 4401.128719
4497.217759 1664.362695
2057.490915 4386.424693
-3943.277899 -120.413825
-7055.390961 5472.628957
-9385.530651 2987.758033
-10895.088115 7599.675493
-9254.466499 3358.248153
-11488.575095 2451.337803
-13550.602149 -1646.986937
-12727.830827 2808.244241
-12463.097785 965.047009
-13741.312893 2144.192557
-7985.167959 -4034.340983
-5418.700059 1671.233495
-6399.772527 -2308.055837
-6439.092859 1893.585109
1639.537531 -2915.056633
-378.442963 -3762.121687
2566.832549 -1199.429969
6072.508847 -2358.550375
5355.668195 2013.608357
7331.077711 -507.621191
25805.689917 4144.397349
18394.339927 1549.141149
9983.229061 862.595221
11994.057679 -1448.015753
11306.728577 1583.511645
7242.499663 2175.069607
7986.079603 4612.438897
2716.524340 2520.566981
537.859854 3941.217605
4112.759580 1629.946626
1834.900890 4169.149277
-4056.613396 141.389264
-6686.835142 5292.436277
-9096.773154 2877.901022
-10444.503038 7349.982049
-8748.441012 3220.414429
-11096.850286 2391.721999
-13160.342324 -1607.735157
-12278.186584 2683.016941
-11981.524790 918.009853
-13390.165800 1843.556587
-7593.117578 -3891.764111
-5148.969766 1365.299461
-6101.780996 -2099.798399
-6121.092104 1843.620329
1726.918774 -2608.900079
-371.810298 -3468.814347
2657.301574 -1019.726225
6014.345826 -2148.804232
5338.260042 2024.448537
7060.757346 -334.046782
25330.386396 4011.562677
17655.910162 1557.602871
9673.201952 835.632809
11510.071818 -1500.153134
10855.348828 1358.564374
6663.546390 1982.132134
7758.580590 4253.658383
2274.578021 2354.791325
383.656265 3501.552493
3732.324259 1556.882548
1590.866973 3759.553815
-4030.063065 303.015742
-6184.902937 5000.293223
-8689.120777 2758.048296
-9871.610405 7128.541417
-8033.088037 3203.706871
-10407.395711 2407.810508
-12440.814229 -1399.405231
-11523.290153 2604.852645
-11254.300153 987.564233
-12850.581449 1672.492636
-7048.396731 -3466.018921
-4769.429117 1236.291826
-5818.368581 -1790.486879
-5768.341307 1786.058338
1858.476407 -2381.411980
-516.253221 -3105.239529
2573.407029 -878.895347
5720.646547 -1873.877004
5000.864551 2013.534289
6471.268981 -66.489690
24527.458041 3873.263411
16543.674697 1520.983193
9116.102995 858.853297
10906.261727 -1392.820158
10291.014305 1243.699590
6019.605463 1806.484590
7408.503497 3825.551529
2108.860846 2237.787181
235.466224 3282.176887
3466.540610 1425.427358
1282.813706 3518.439269
-4269.805772 245.786206
-6309.116768 4915.580031
-8685.709720 2698.318404
-9810.451912 7025.676453
-7860.158722 3095.494703
-10227.633936 2435.623211
-12107.144252 -1392.057235
-11268.547830 2558.516789
-11068.944870 950.960679
-12704.440870 1711.524233
-6757.565036 -3215.140301
-4514.179494 1250.698283
-5527.029844 -1847.943933
-5486.764138 1627.276331
2091.707744 -2397.404195
-491.155658 -2853.729473
2581.755338 -756.576321
5693.570098 -1615.544304
5066.285418 2024.737637
6440.995274 46.500030
24524.290234 3833.189735
16258.986124 1529.547799
8925.093870 973.505591
10725.496104 -1234.892776
10088.792640 1351.792822
5718.242620 1760.495710
7125.113124 3634.448095
1938.827296 2177.789973
39.496994 3102.278191
3284.418084 1347.677619
1060.568828 3353.899023
-4481.914986 176.588445
-6470.648390 4843.267457
-8710.350338 2671.164981
-9766.815004 6958.191055
-7730.479276 3031.550903
-10079.462530 2400.052910
-11784.104640 -1443.392149
-11054.329398 2507.109211
-10839.480618 894.031623
-12488.723530 1738.421342
-6604.380060 -3043.419907
-4304.554506 1316.813252
-5182.749276 -1820.498885
-5259.629372 1512.759384
2313.872828 -2389.667292
-365.095204 -2632.493569
2631.305536 -614.100343
5690.698594 -1276.326351
5158.102332 2054.055831
6432.117404 190.479069
24469.415420 3790.492011
16011.042176 1553.972359
8749.584670 1062.621781
10484.800428 -1168.561325
9846.350120 1431.740501
5424.931202 1724.529207
6803.812000 3557.938071
1805.009943 2100.427616
0.004149 2906.886022
3176.570469 1324.342457
1015.973973 3305.034176
-4611.695323 320.335647
-6381.646691 4826.623530
-8561.264751 2643.058581
-9559.927601 6900.549660
-7517.063417 3023.299700
-9800.640157 2431.684626
-11566.186975 -1359.052796
-10788.678801 2499.137414
-10570.963449 977.603430
-12291.733627 1695.684008
-6520.010463 -2802.316666
-4160.686965 1293.590558
-5019.431815 -1675.013568
-5069.888315 1453.025924
2316.352385 -2307.760846
-442.916265 -2428.844408
2571.182079 -399.945824
5623.180631 -1024.534641
5113.486157 2131.022246
6331.384525 231.829085
24285.801185 3735.884066
15593.771861 1501.847772
8520.853021 1155.254892
10239.262277 -1128.305481
9547.146235 1432.429319
5105.916635 1702.586457
6694.542093 3473.606606
1997.927416 1985.189929
152.739668 2802.851341
3414.157604 1401.839820
1220.758728 3337.065357
-4495.959598 402.801484
-6183.080770 4802.339741
-8285.187042 2575.859774
-9337.259696 6956.883263
-7349.561568 3013.579803
-9641.015956 2501.559846
-11477.209524 -1281.816695
-10692.533722 2524.622393
-10525.558448 1083.939263
-12320.605724 1663.058162
-6661.026822 -2577.140585
-4192.083664 1269.416272
-5114.914178 -1632.751137
-5130.137726 1348.198776
2070.360174 -2448.327566
-757.383156 -2296.277161
2363.071694 -410.238353
5444.865266 -926.580882
4943.351248 1918.196655
6185.044494 29.661840
24215.827596 3524.382455
15263.100120 1296.834837
8352.808530 1214.002539
10247.195958 -1224.188124
9450.591990 1424.537120
5137.111172 1588.074616
6878.160690 3385.632045
2228.580586 1909.259850
214.569644 2819.664254
3606.237202 1441.013763
1237.099476 3427.999972
-4563.084932 369.548259
-6421.625612 4872.725468
-8386.901218 2604.552257
-9519.232256 7145.261188
-7533.669320 3021.904046
-9834.794148 2622.642505
-11642.810400 -1405.322656
-11000.088880 2570.789860
-10796.752466 1123.252388
-12624.092568 1818.278367
-6937.397856 -2539.126534
-4279.678830 1294.547887
-5115.909392 -1831.873546
-5227.095616 1142.052937
1933.092444 -2701.308405
-862.530380 -2312.694348
2269.896110 -443.776202
5426.830466 -796.841329
5102.103718 1776.602222
6433.697914 -111.896605
24630.892586 3416.643188
15621.354918 1314.865044
8621.537994 1357.326328
10483.183078 -1208.433375
9623.676160 1605.188855
5443.565942 1578.882647
7040.983130 3478.623708
