2879.150981 -2799.125191
24316.103735 14172.225173
25080.429913 -10758.652769
19874.271533 -26779.253245
-1196.822253 18348.698609
-3321.192104 14561.051488
3503.188741 96404.463937
19043.830564 4801.238046
12478.329803 19431.257429
28698.676685 -27476.126677
2292.500998 3869.464918
-9528.808848 27218.241412
-29310.439096 8677.133032
-29240.516973 21003.290847
-8205.302616 -4148.000304
-28058.317973 -10308.273231
-11439.238499 -8758.624017
-39822.368542 -22358.225924
-5769.994244 21281.809642
-3232.531091 1297.907133
-11138.754767 11214.688391
-35467.835201 -1521.226751
-6986.300185 -1479.968355
-7497.827337 28118.394567
22808.514158 -2977.906900
-1986.688766 16456.783564
22538.474934 -31818.552576
-4537.563216 442.464600
20848.635047 -4009.007543
-11.064506 3985.840090
3728.295414 16550.645634
3116.062971 -3035.153519
24817.309039 14420.962357
25194.589718 -10763.099542
19506.002825 -26434.456905
-824.388306 19264.109068
-2626.765678 14432.065744
3894.356231 95959.234437
19796.353924 3795.400344
13129.187999 18859.042003
29136.855347 -27871.319493
2393.137241 3409.167919
-8921.542808 26256.289054
-28637.820786 7756.075386
-28586.440239 19664.611931
-7975.362143 -5082.397159
-27412.192468 -11646.897858
-11313.973606 -8651.344332
-38550.632594 -22225.380054
-5156.685285 22281.825215
-1969.221785 1816.432757
-9801.159822 11135.786656
-33659.361823 -1704.981135
-6101.173195 -1927.991615
-6802.509055 27804.893223
21981.532761 -3079.669455
-2716.780314 15990.002160
22240.906151 -31854.159163
-4853.648107 -1136.674939
19776.792018 -4782.407018
-142.277549 3103.683159
3330.719955 16727.680577
3132.101784 -2863.745438
24738.122438 14518.162646
24962.673688 -10902.455192
18725.985593 -26627.730803
-1728.722675 18914.027135
-3696.730131 14605.314969
2908.156660 95567.169952
18926.300571 4156.547943
12549.397551 17757.959263
28450.763528 -28274.718172
1940.569431 2347.320629
-9316.434508 25656.616436
-29025.950180 7133.770286
-28777.805316 18673.817480
-8493.404694 -5767.216380
-27094.358094 -12684.587168
-11149.435717 -9232.661287
-37685.427475 -23039.669187
-4880.006864 21682.074786
-623.167779 1724.692333
-8752.910560 10943.188994
-32415.719350 -1431.610912
-4965.164312 -1865.964556
-5022.821756 27594.942342
22839.156963 -3012.451375
-1782.542110 15743.874794
23009.208404 -31450.271142
-4317.836102 -1648.712562
19645.800134 -4712.775202
292.403155 3151.823769
3375.798831 16948.974085
2914.333755 -2813.068723
24439.919312 14309.872000
24834.324991 -11336.282167
17983.889248 -26694.686384
-2890.935678 18241.476082
-5287.467964 15249.840576
1935.538445 95148.536591
17898.428380 4350.128090
12000.796535 16351.229569
27488.018491 -28996.063043
1480.996773 1346.894307
-10367.167733 25027.608127
-29503.672262 6586.723102
-28997.383074 18113.153930
-8594.535680 -6651.112746
-26947.420165 -13765.421427
-10581.187646 -10367.135016
-36989.767160 -23816.810966
-4210.439894 21165.309788
420.884766 1632.547266
-7805.295824 10939.345750
-31371.535722 -1067.747976
-3665.036784 -1641.533530
-3069.978634 27728.536714
23882.917501 -3028.890125
-797.846533 16003.004025
23840.322323 -31279.787911
-4086.922488 -1201.016626
19475.771113 -4457.852955
216.758814 3697.017454
3101.840963 17040.490885
2448.568362 -2992.499408
23892.429024 13860.172810
24037.950759 -11825.596173
16936.937248 -26421.846334
-4178.227887 18562.110265
-6329.622878 15465.777504
1015.800603 94672.696843
17122.622235 3454.619873
11040.360586 15738.787770
26801.912004 -29221.370226
598.025165 1018.772369
-11095.461649 24945.598993
-29706.334072 6061.268052
-28973.232552 18050.184830
-8807.420508 -7487.473950
-27100.514367 -14414.616941
-10157.887311 -10634.664775
-36919.125586 -23737.477752
-3617.173927 21796.760061
891.312732 1507.985262
-7258.669283 11040.041129
-30377.815862 -977.614126
-2488.083326 -1489.671890
-2523.174014 28090.900114
24138.564144 -2968.166962
-467.992323 16491.092869
24487.647076 -31372.693392
-4179.502820 -1151.546250
19334.814367 -4540.797081
10.546606 3630.939924
2833.037410 17634.849082
2525.928512 -3186.714902
23859.406825 13668.067965
23470.193948 -12385.000296
16279.387548 -26310.698060
-4418.320280 19269.894860
-6643.297379 15155.291853
726.578619 94185.355791
17066.488545 1796.715149
10257.983614 15685.527704
26574.812891 -29318.415793
243.491011 962.251801
-11075.213865 24287.501411
-29468.171820 5157.322868
-28271.441465 17805.050817
-8648.700798 -8413.268062
-27125.858981 -14859.889863
-9570.938799 -10947.634947
-36201.488897 -23872.002359
-2920.632638 22098.545094
1273.250835 781.729031
-6570.228868 10797.050190
-29261.376923 -1225.211739
-1141.232229 -1455.994833
-1658.158845 28066.096349
24218.354304 -3406.605000
-135.286115 16665.454463
25476.983941 -31644.882963
-4051.671096 -1272.772504
19296.763197 -4823.609293
-151.881138 3304.638046
2758.320945 18230.489239
2809.790213 -3235.121419
23915.306904 14075.691604
23102.982657 -12873.320017
15700.139083 -26289.051943
-5041.400569 19564.859905
-7649.659906 14988.768470
-205.703687 94419.740671
16134.486054 760.716722
8978.802129 15614.566123
25733.145492 -29838.283020
-631.723312 546.902982
-11967.839153 23750.415715
-29991.652824 4455.626020
-28317.490016 17632.512420
-8908.787764 -9214.128328
-27436.680991 -15189.444555
-9081.245983 -11474.445319
-35730.400906 -24620.579800
-2535.569775 21483.076113
1583.842516 102.081036
-6061.381619 10758.736405
-28697.018356 -1072.574426
-107.119358 -1318.030582
-279.177882 27936.661936
25289.463154 -3526.383326
727.317456 16851.751786
26605.929878 -31308.654356
-3304.244200 -1061.973616
19467.022410 -4649.271124
184.821215 3458.535329
2801.126561 18295.013407
2517.418694 -3302.146348
23589.392494 13565.725836
22873.516012 -13274.850112
15071.175902 -26397.949728
-5797.731738 19621.445568
-8339.002687 14979.902445
-676.193579 93935.649723
15738.317111 206.593343
8663.216654 15093.017568
25140.897828 -30405.990266
-1200.005373 55.871129
-12548.086119 22864.015857
-30252.003674 3855.819232
-28369.681811 17017.174593
-9254.094948 -9923.710134
-27461.219681 -15695.364837
-8453.495890 -12151.564974
-34873.178490 -25002.440110
-1774.589880 20800.496348
2037.310398 7.595692
-5121.428288 10546.847518
-28021.069962 -969.519770
889.517551 -1292.969819
837.015910 27611.154172
25949.296664 -3777.618058
972.616074 16523.333922
27349.464478 -31229.295366
-3022.267020 -858.144228
19435.053483 -4734.152013
176.544073 3864.345959
2930.477369 18156.904551
2425.439648 -3108.590614
23516.390269 13277.137233
22510.327238 -13656.384516
14407.719203 -26429.036197
-6881.400525 19433.510539
-9323.255885 14930.345271
-1521.364442 93424.521456
14724.726861 -556.913557
7868.588636 14568.442594
24504.096901 -31126.246155
-1768.080322 -345.376812
-13037.332303 21986.695145
-30553.610057 3373.076571
-28259.067567 16495.207593
-9355.134802 -10396.673516
-27360.350125 -16368.682227
-7770.565223 -12867.086675
-34206.978785 -25688.406481
-1087.748447 20159.132935
2626.176503 -370.756097
-4453.346550 10365.446732
-27196.051060 -901.087280
2092.786034 -1363.825424
2015.896156 27401.031702
26903.215231 -3887.561543
1761.015996 16681.656142
28489.696379 -31105.824925
-2496.749989 -683.602983
19667.849110 -4732.244186
346.791016 4063.555252
2911.393027 18299.568661
2175.759161 -3079.200429
23267.953858 13359.617478
22196.119700 -13947.718368
13706.701361 -26679.008771
-7988.014075 19129.918479
-10650.773341 14765.686707
-2613.852642 93551.613982
13560.095007 -1035.564165
6775.783244 14186.584554
23621.764420 -31910.212872
-2459.951096 -1125.155070
-13799.496949 21246.326917
-31131.438274 2620.268420
-28492.182828 16008.836216
-9584.135100 -11075.034556
-27330.546437 -17148.807331
-6965.408302 -13797.552932
-33700.078193 -26823.536165
-300.428552 19311.048906
3566.625707 -820.071199
-3554.783851 10219.706955
-26227.740949 -752.230993
3603.801772 -1372.534170
3583.539678 27467.212300
28543.033344 -3879.479118
2867.473676 17138.249056
29952.593964 -30968.812808
-1763.199501 -159.295215
20109.260567 -4554.578973
520.212530 4507.935964
2918.629006 18583.381898
1602.136772 -3020.180754
22917.956451 13440.894167
21659.892939 -14286.432147
12836.314339 -27117.465107
-9471.424830 19042.275700
-12113.813332 14790.640144
-3733.244306 94034.073446
12454.344500 -1660.196676
5574.768349 13736.949129
22963.066767 -32744.122399
-3373.322080 -1639.606060
-14795.138316 20823.178178
-31842.530662 2208.059178
-28806.849792 15704.757250
-9971.402643 -11600.600795
-27564.842745 -17841.983187
-6518.207646 -14314.416878
-33542.861064 -27520.974490
213.509371 19233.451171
4317.702086 -943.464170
-2990.803386 10492.515370
-25717.778967 -462.712717
4832.265587 -1251.796457
4678.546800 27744.432248
29570.020604 -3755.041466
3476.789033 17662.973553
30876.922434 -30908.339184
-1487.406067 61.564259
20247.577767 -4492.500405
447.768009 4630.354415
2652.811073 18866.915773
1002.972696 -3052.281842
22749.560322 13248.233980
21394.526879 -14711.636095
12307.154095 -27465.474861
-10168.530130 19102.636104
-12697.556613 14646.014139
-4255.936390 94138.397836
12278.428473 -2408.015803
5258.362257 13312.182267
22678.095587 -33519.326891
-3681.230961 -2133.329741
-14985.617976 20052.372852
-31982.819890 1685.294216
-28690.547539 15232.618211
-9888.102426 -12081.962646
-27426.367496 -18503.631500
-5871.345010 -14747.912388
-32797.534192 -27921.357536
1069.365806 19074.334862
4957.962677 -905.072651
-2083.569031 10444.844749
-24851.023511 -392.795049
5925.983298 -1391.344242
5488.157531 27497.215039
30223.369918 -4027.757598
3477.737264 17506.524240
31438.937866 -30977.151400
-1385.867239 44.750665
20228.450779 -4636.742671
342.638659 4643.831591
2695.628649 18872.695915
793.078072 -2904.883224
22799.694114 13260.545752
21005.329159 -14829.771613
11801.722613 -27916.751929
-11186.498941 19081.324717
-13741.389797 14422.988651
-5145.334728 94232.902112
11536.275301 -3169.784883
4305.100351 12768.207725
22315.598292 -34284.419886
-4125.046432 -2592.645084
-15481.508756 19453.292360
-32235.844555 1147.485877
-28587.457695 14726.439307
-9909.976695 -12501.405867
-27301.001096 -19094.082620
-5302.151753 -15140.474805
-32353.236185 -28641.966145
1664.645354 19021.777042
5819.663999 -1301.936059
-1620.896462 10436.976262
-24437.583346 -386.299512
6712.784267 -1100.024215
6570.856004 27812.609638
30975.031603 -4063.251027
3991.050610 17611.719486
32222.254014 -31146.296868
-1040.166785 44.914655
20118.297389 -4551.325743
172.871966 4668.064544
2554.867398 19205.779136
435.120787 -3126.167513
22624.297889 13053.488345
20848.695167 -15406.241987
11218.312897 -28433.727771
-12038.830368 19118.002594
-14465.734018 14458.417110
-5902.121557 94785.696867
11058.750803 -3458.782077
3946.395013 12325.463153
22122.898706 -34970.499494
-4561.670046 -3174.098338
-16046.000837 19427.804613
-32540.571595 856.445027
-28867.048840 14641.309214
-10036.841250 -13079.772724
-27377.369461 -19765.699941
-4878.015483 -15682.668489
-32358.344441 -29141.811567
2180.552012 18873.729364
6368.853772 -1417.601490
-1154.481953 10465.721421
-23991.947533 -372.911599
7478.108133 -1118.368111
7129.711980 27856.879970
31769.196819 -4019.196793
4456.453397 17870.385897
32757.002796 -31199.957438
-805.290462 171.375904
20251.308771 -4627.523665
230.390946 4781.358988
2548.664352 19358.973192
106.962017 -3134.156701
22514.900084 12976.898116
20718.187408 -15698.818014
10830.638948 -29044.307542
-12767.467039 18979.563287
-15251.936031 14237.667313
-6552.296613 95196.634123
10731.856470 -3973.425728
3579.478477 12019.780315
22117.447859 -35619.071031
-4616.171575 -3717.187417
-16256.378245 19052.650893
-32742.949074 412.698904
-28762.287512 14549.503848
-9875.035584 -13410.578798
-27335.950431 -20285.253119
-4272.233791 -16235.393463
-32021.819527 -29814.270747
2775.116715 18653.931871
6878.083222 -1383.589850
-662.024043 10690.990231
-23583.757800 -168.710752
8241.335775 -1033.580373
7791.611003 27949.560725
32451.874547 -3919.340391
4614.453535 18090.742769
33114.646929 -31249.228805
-748.051167 372.762663
20047.999847 -4663.571517
-85.629012 4845.434344
2082.921728 19353.445992
-466.525726 -3210.879152
22312.637402 12925.158710
20407.206723 -16035.397269
10365.023226 -29374.368166
-13383.025374 18999.828494
-15778.691711 14133.459913
-6941.946464 95493.004154
10445.890845 -4462.418507
3104.294829 12026.729187
22062.317542 -35987.023592
-4936.278379 -3611.050949
-16275.387860 18934.165730
-32917.540999 358.389417
-28761.395130 14607.985514
-10019.934603 -13507.751221
-27523.973591 -20290.600579
-4373.628166 -16237.341084
-32026.163048 -29867.720692
2777.604371 18885.858259
6889.442034 -1336.138344
-583.180265 10894.481995
-23519.847036 -118.688974
8462.589312 -972.724504
8065.156879 28044.237635
32537.292633 -3977.797335
4467.381430 18024.841928
33288.476491 -31439.069979
-796.855676 37.635558
19909.579515 -4774.268389
-167.950271 4651.423757
2074.785474 19487.333588
-371.478945 -3321.414555
22627.279531 12919.014729
20798.804099 -16266.521871
10531.307399 -29538.125867
-13334.427121 19020.383379
-15696.335849 14032.862541
-6906.889061 95542.484033
10510.590422 -4811.016510
3136.420206 11852.739752
22171.282224 -36348.653096
-4731.938411 -3957.579705
-16102.146344 18497.025080
-32746.773784 -13.831378
-28489.443982 14441.773120
-9849.928695 -13708.500173
-27287.039724 -20584.673218
-3864.806290 -16562.193804
-31603.706416 -30267.658432
3151.684471 18611.251895
7168.672223 -1461.974685
-306.685801 10788.183893
-23261.679112 -147.427134
8741.161980 -980.303224
8378.020298 27951.698186
32720.372630 -4033.346280
4470.841825 17908.530719
33574.753324 -31532.574760
-738.298721 -14.823759
19620.318964 -4828.872638
-309.658817 4646.671499
1820.463151 19470.598961
-679.283171 -3314.053419
22547.326175 12872.783683
20599.247231 -16493.926657
10072.183748 -29893.442470
-13829.831849 18861.177617
-16245.892991 13928.179881
-7502.391077 95655.050239
9984.937581 -4854.880709
2682.768660 11786.663578
21985.343475 -36411.723565
-4785.507263 -4163.985367
-16225.944146 18303.005294
-32966.933814 -177.616164
-28619.210962 14482.500786
-10000.758701 -13726.656985
-27531.521344 -20843.741572
-3918.386368 -16801.620976
-31617.900757 -30698.246821
3161.799478 18362.793404
7250.777908 -1561.794398
-144.667073 10736.980841
-23016.364693 -42.781655
9102.435377 -948.399217
8872.726993 28083.264273
33284.589136 -4057.760704
4806.568796 17888.849184
34078.390288 -31654.647750
-378.881544 -120.429872
19668.499470 -4830.702448
-248.909592 4684.336048
2022.113770 19571.072704
-600.372715 -3335.356183
22763.894262 12870.788386
20842.462289 -16606.871753
10112.582547 -29980.432587
-13954.712705 18875.083829
-16419.320581 13959.992137
-7792.563424 95924.051048
9766.928793 -4875.567751
2391.878828 11865.168214
21838.687050 -36641.367202
-4817.667136 -4380.612176
-16389.383507 18084.858285
-33295.411338 -418.317408
-28847.868604 14567.281120
-10261.580172 -13868.036386
-27807.358052 -21076.099640
-3716.767107 -17302.376719
-31917.182777 -30979.218077
3292.119999 18352.550763
7777.165716 -1905.379440
-276.919029 11009.148509
-22601.233803 175.069379
9746.671437 -249.576491
9498.316939 27954.277027
33096.829373 -4227.556625
5214.426357 18440.770713
34234.475535 -31631.425641
-741.377941 399.462613
18845.596992 -4665.754188
-63.645421 4441.092385
1296.429675 20265.235431
-1224.536516 -3632.448156
22731.312273 13510.131167
20392.397595 -16624.471327
9559.796473 -30028.130953
-13336.707028 19088.225996
-17137.290564 13344.626276
-8465.685703 95987.282587
9930.411717 -5566.027487
1581.603525 11477.175209
21716.168929 -36689.139321
-4976.401537 -4870.682239
-16656.865526 18133.217918
-32874.178558 -861.226642
-28323.059614 15299.868288
-9609.462544 -14173.201812
-27277.805808 -20504.530740
-3197.341394 -17213.494300
-31442.427288 -30924.846058
3688.313623 18572.922875
7714.944258 -1970.743400
-260.562784 11139.332304
-22628.016836 130.310344
9820.475530 -296.068270
9812.726073 27875.538599
33404.273371 -4382.986777
5342.587921 18348.065739
34457.051393 -31942.976499
-633.042199 238.044063
18789.487653 -4739.344569
-175.177546 4396.827540
1295.167941 20362.279443
-1234.051217 -3760.162383
22981.978748 13506.755722
20631.642556 -16806.933700
9614.798739 -30228.173509
-13490.554221 19182.162679
-17321.275739 13320.047379
-8697.856990 96397.156588
9917.288283 -5683.600431
1330.268947 11396.956957
21706.015328 -37010.456608
-4983.841646 -5162.286196
-16728.858377 18062.846879
-33038.527600 -1151.989374
-28529.828168 15366.201246
-9727.815534 -14346.462954
-27431.557208 -20691.106474
-3092.223966 -17481.827010
-31565.389069 -31389.752603
3810.263094 18368.872466
7618.447419 -2156.569177
-295.644949 11273.925875
-22515.222621 153.448267
9971.157678 -264.344298
10018.666230 27830.524282
33885.421950 -4456.640706
5601.702673 18212.123371
34663.872369 -32317.641165
-478.421583 111.883313
18835.218846 -4903.952672
-212.584493 4364.725081
1293.300958 20333.906410
-1124.396787 -3971.801955
23290.493826 13469.143558
20875.342888 -17017.532178
9814.178938 -30425.978874
-13511.084692 19235.856454
-17508.823226 13330.831254
-8798.644476 96887.425698
9933.961984 -5887.516526
1085.662659 11382.264037
21605.537763 -37309.421533
-4979.516014 -5262.820544
-16795.921833 17994.095579
-33341.897792 -1455.255882
-28788.192445 15427.011887
-9704.951434 -14552.980874
-27765.639008 -20793.530024
-3030.020107 -18000.465893
-31838.221755 -31864.334063
3897.715578 17929.429414
7260.982216 -2287.630850
-338.717145 11269.247787
-22585.011754 -4.141308
10113.283622 -286.614142
10234.163660 27825.911314
34673.416851 -4390.737929
5863.425810 18239.373106
35115.328436 -32780.408316
-36.092935 66.536915
18973.237943 -5194.242029
-419.458272 4468.938248
1294.091596 20261.476882
-1261.560236 -4025.532498
23651.095472 13525.577506
21236.693957 -17204.365619
10014.939408 -30787.737950
-13489.223079 19238.213273
-17626.580148 13413.617942
-8830.075851 97840.792445
10070.101791 -5884.091199
903.351322 11629.288914
21621.715757 -37882.789539
-4965.135292 -5150.771894
-16819.553613 18041.180475
-33811.777312 -1553.136738
-29329.993345 15717.354893
-9918.017339 -14673.017459
-28300.601065 -20587.173271
-3394.749758 -18175.593784
-32410.765268 -32101.932678
3735.235018 17893.239338
6682.676531 -2340.903311
-607.345111 11694.733899
-22943.543610 -30.026338
9663.438791 -210.744973
10068.089682 27883.034382
34955.655947 -4453.153169
5758.541526 18121.049114
34918.108320 -33433.762860
-44.873494 -143.422122
18998.549786 -5466.275762
-510.596415 4396.920567
1244.678113 20001.734475
-1123.459526 -4395.071968
24162.113979 13314.817923
21824.396046 -17390.999584
10649.458872 -30791.703962
-12745.786201 19474.857047
-16907.323648 13425.104836
-8120.673773 98104.532455
10871.271390 -6054.591350
1296.345394 11933.078728
21979.963882 -38084.172132
-4644.987490 -4806.968314
-16353.441264 17936.267804
-33766.726750 -1600.066900
-29351.706101 15747.926785
-9996.919989 -14768.011143
-28480.286941 -20211.769563
-3682.498293 -18249.058931
-32684.906878 -31869.404996
3553.562955 17767.728293
6019.744014 -2341.955164
-930.267072 11740.173432
-23284.872794 -364.234592
9026.906162 -198.743244
9434.033525 27526.685661
34560.169497 -4591.009289
5216.270248 17594.269002
34358.163917 -33971.116275
-186.071621 -469.134403
18851.133272 -5875.551298
-740.415232 4346.435626
1496.849598 19676.835590
-655.496516 -4738.875284
24519.235163 13235.678853
22353.886209 -17445.747867
11198.488463 -30600.985733
-12231.955982 19322.020942
-16569.950706 13339.278542
-7529.708756 98193.682218
11186.844465 -6062.031519
1425.451763 12236.951105
22135.303078 -38137.258136
-4207.101436 -4589.844916
-16090.044181 18096.209703
-33717.304256 -1634.475400
-29358.604736 15924.144458
-9997.468332 -14839.461312
-28634.817359 -19976.834467
-3682.344842 -18342.732510
-32967.798187 -32094.645097
3139.737442 17488.656452
5644.775280 -2623.466080
-1205.201805 11696.247457
-23487.205514 -734.183268
8280.698160 -379.150158
9098.900944 27632.981680
34653.651757 -4559.917601
5169.669791 17582.821213
34139.531045 -34425.141097
60.049504 -576.192758
18755.896872 -5910.588206
-987.220756 4365.081264
1607.005444 19633.760114
-660.849890 -4908.792624
24622.914188 13128.923346
22682.973546 -17533.831126
11434.765973 -30788.241625
-12060.271242 19202.473422
-16126.650376 13267.927276
-7322.620535 98222.821963
11373.531268 -5928.064628
1384.222545 12338.203271
22227.213197 -38098.113215
-3971.074777 -4332.132547
-15795.275237 18334.836645
-33696.191898 -1574.088524
-29388.423439 16187.059151
-9915.090495 -14665.107817
-28636.152236 -19597.297118
-3937.447798 -18350.901378
-33330.110050 -32082.600532
2811.218330 17260.865704
4956.274653 -2814.951015
-1686.046721 11799.262909
-23876.812638 -1040.107296
7669.735274 -352.107240
8701.837635 27386.978453
34612.930112 -4529.017484
5149.953704 17320.808994
33795.648927 -34682.420045
214.299507 -689.067505
18860.393958 -6081.960424
-1037.482196 4346.780554
1842.534783 19365.124915
-355.753895 -5112.592615
24970.351155 12940.489309
23155.261426 -17716.520252
11925.425982 -30818.042296
-11646.048830 19111.441496
-15628.018385 13414.879055
-6860.010302 98262.495726
11913.967256 -5830.485236
1680.805537 12679.544193
22639.402051 -38044.476747
-3625.858111 -3929.029573
-15431.661900 18414.288766
-33705.060797 -1346.477297
-29314.907742 16434.995692
-10091.591041 -14545.341857
-28794.163133 -19336.938965
-4401.737096 -18398.676086
-33625.003172 -32037.764670
2375.470118 17061.071108
4215.452838 -3018.224196
-2384.952673 11947.241207
-24227.148239 -1211.779549
6891.628309 -227.410873
8196.455260 27151.297388
34296.349150 -4496.726752
4986.027108 16893.333684
33157.795225 -34876.378565
191.580836 -940.431052
18667.720220 -6139.010130
-1259.601299 4201.079045
1930.196728 19113.049740
11.814715 -5509.883203
25132.812690 12635.591926
23572.178852 -17949.997408
12455.055442 -30684.859828
-11100.303171 18965.611393
-15014.541279 13556.589313
-6175.168497 97981.302485
12525.884733 -5705.195877
2167.986341 12787.426027
23003.179600 -37964.511988
-3161.882386 -3603.787754
-14970.952426 18650.369066
-33413.244585 -1099.454873
-29095.339858 16668.956062
-9912.005542 -14584.256094
-28693.700227 -19040.466941
-4599.453614 -18541.740570
-33926.981563 -31745.336435
2068.659573 16816.479819
3410.293028 -3151.063904
-2884.234785 11873.754013
-24699.640909 -1452.813185
6272.642641 -417.409669
7421.198222 26727.625890
33993.488178 -4626.145204
4674.298006 16714.249320
32792.001591 -35033.571735
56.566973 -1227.626923
18742.818170 -6565.964504
-1399.072093 3978.658419
2275.026858 18666.392400
122.508876 -5551.784958
25420.861236 12306.561764
24001.545418 -17993.511116
13044.346076 -31003.193292
-10821.274529 18804.884493
-14361.882201 13448.086489
-6050.374571 97865.122361
12994.205821 -5466.349833
2558.802129 13206.804405
23472.165072 -37754.619086
-2785.198474 -3353.025812
-14436.924542 18595.117906
-33167.530169 -775.889509
-28825.239984 16601.000588
-10307.236947 -14011.744719
-28592.624082 -19355.811954
-5165.776560 -18560.217176
-34404.031982 -32181.209946
1471.995770 16602.919626
2977.179123 -3292.688455
-3856.077986 11567.299230
-24814.122514 -1783.145512
5767.411015 -444.650399
7085.143887 26484.029171
33787.307330 -4227.500462
4867.599889 16091.647541
32551.233438 -34963.851714
481.087130 -1839.138336
18646.923964 -6802.628690
-1485.868988 3516.533072
2084.625291 18419.113177
466.249524 -5780.240062
25726.099774 12076.530780
24266.250691 -18232.301147
13668.677404 -31030.813048
-10126.258425 18597.538631
-13553.322166 13932.407640
-5191.882499 97853.397615
13529.780112 -4837.973536
3049.060949 13290.533887
23875.440712 -37402.113406
-2577.187978 -3187.367100
-14287.557029 18836.457029
-33377.370898 -410.556838
-29163.930399 16999.951605
-10534.823751 -13642.415923
-28811.782970 -18948.923694
-5828.684812 -18522.654294
-34888.018612 -31818.310922
674.740228 16694.312640
1966.875898 -3067.022950
-4832.239298 11863.730820
-25501.309900 -1931.905808
4568.237889 -367.838589
6147.817425 26170.384053
32923.613500 -4171.968184
4349.258437 15537.940983
31373.118702 -35066.443002
233.105302 -2137.473106
18229.497850 -6864.368952
-1722.243660 3307.141242
2156.963016 17986.303586
1055.061919 -6148.251105
25993.630888 11687.523206
24867.289290 -18372.917348
14450.020201 -30871.650103
-9219.339463 18409.607699
-12472.503807 14183.636417
-3931.585102 97291.420660
14500.227047 -4571.289001
3873.190315 13453.249517
24947.822612 -37268.237304
-1876.899308 -3009.686954
-13695.745271 18914.360805
-33001.196408 257.871040
-28444.540750 17454.196482
-10391.424249 -13556.582727
-28170.544466 -18697.498688
-5841.462989 -18731.762207
-34701.696339 -31499.641889
-50.799260 16684.193056
1474.777831 -3238.032245
-5428.714584 11929.832450
-25803.922944 -2575.984312
3596.709897 -603.828397
5577.251970 25425.682088
31903.808905 -4388.619265
4262.868839 14959.392979
30551.500077 -35095.010311
-71.817792 -2247.988650
18071.558405 -6811.542617
-1715.109640 3015.764896
2545.827441 17815.680163
1762.860562 -6520.584824
25966.342580 11755.516234
25023.244297 -18679.668329
14657.675726 -30456.637058
-8943.780932 17757.840550
-12364.054009 14505.743771
-3705.522512 97186.189122
14768.744798 -3857.263416
4516.722510 13441.048002
25185.813020 -37234.561890
-1488.429011 -2784.683637
-13619.412630 19677.194714
-33318.186674 985.550188
-28794.221009 18259.754101
-10219.928458 -13371.713550
-28107.939905 -18431.280697
-6443.376845 -19111.996899
-35420.445766 -31380.386184
-873.813252 16657.391042
406.670769 -2968.794447
-6209.466401 12322.002167
-26241.593699 -2822.583635
2234.394010 -408.221526
5562.252877 24715.177705
31575.411956 -4574.406030
4110.655532 14558.243830
29470.807934 -34759.672866
217.754048 -1832.740888
17674.106372 -7078.996162
-1317.078726 2890.095574
3088.381465 17264.539847
2607.540256 -6937.938906
25962.679717 12095.395155
25923.833081 -18920.700891
15632.053416 -29770.393370
-8101.844735 17561.380173
-11482.462749 14880.276379
-2781.877523 97107.721765
15095.466182 -3488.448284
5521.651320 13994.306504
25975.002103 -36597.708333
-1470.451738 -1987.562578
-13142.794060 20732.352844
-33164.900947 1303.092245
-28885.242452 19204.679146
-10193.550470 -13227.326184
-28741.110609 -17358.702163
-7406.006102 -19192.524162
-36405.359891 -30518.307913
-1900.822028 16445.439352
-911.424234 -2879.102694
-7586.303389 12301.516373
-27570.718905 -3090.053091
1160.937670 -509.078910
4324.945299 24825.802549
31033.580059 -4286.145077
3926.902331 14086.928767
28499.881400 -35146.492606
-202.336342 -2449.079296
17652.211674 -6736.937452
-1560.250166 2898.354860
2851.432669 17062.885529
3136.949060 -7013.768488
26725.968642 11225.714526
26550.702392 -18769.653266
16355.706279 -29896.818599
-7056.913466 17922.432364
-10223.904170 15485.772740
-1457.191712 96713.226766
16555.868097 -2893.216705
6713.471587 13726.532235
26725.964318 -36378.665714
-373.911081 -1757.082895
-12565.746653 20777.526639
-32538.132073 2029.547851
-28826.533002 19294.744170
-10035.131487 -12604.990241
-27962.658938 -16909.968984
-7495.748833 -19120.320503
-36327.648953 -30047.673819
-2043.700689 16501.350957
-1718.242799 -2341.222811
-8316.117736 12439.306128
-28006.026301 -3148.487407
125.111170 -760.244196
3118.817913 24231.326001
29751.957932 -4459.673190
3414.801977 13200.159063
26956.289274 -35075.775458
-640.101314 -2602.666652
17443.605489 -6586.968545
-1774.777368 2811.524260
2916.648173 16368.083309
3986.852802 -7150.410714
26729.193359 10818.351303
26699.834507 -18406.512291
16496.846444 -29442.798872
-6724.912057 17911.955439
-9606.410862 16046.796174
-712.285899 96052.481727
16775.634340 -2302.015142
7338.783113 13796.509307
26812.708266 -35563.522042
24.066396 -1078.723728
-12445.884056 21491.425432
-32449.207551 2764.485677
-28918.572369 19563.031485
-10037.375277 -12264.419067
-27815.158950 -16375.204336
-8046.970406 -19136.854016
-36753.821520 -29433.844058
-2719.323252 16052.228160
-2644.189610 -2186.457008
-9257.076543 12353.586013
-28454.227789 -3301.087193
-863.241691 -603.288879
2547.784804 24047.161546
29524.518880 -4078.488076
3824.046719 12762.577699
26246.885733 -35118.118637
-598.627090 -2209.727770
17612.518546 -6170.824862
-1571.016570 3299.399548
3307.501887 15751.931283
