0.000000 0.000000
0.000000 0.000000
0.000000 0.000000
0.000000 0.000000
0.000000 0.000000
0.000000 0.000000
0.000000 0.000000
0.000000 0.000000
0.000000 0.000000
0.000000 0.000000
0.000000 0.000000
0.000000 0.000000
0.000000 0.000000
0.000000 0.000000
0.000000 0.000000
0.000000 0.000000
0.000000 0.000000
0.000000 0.000000
0.000000 0.000000
0.000000 0.000000
0.000000 0.000000
0.000000 0.000000
0.000000 0.000000
0.000000 0.000000
0.000000 0.000000
0.000000 0.000000
0.000000 0.000000
0.000000 0.000000
0.000000 0.000000
0.000000 0.000000
0.000000 0.000000
0.000000 0.000000
0.000000 0.000000
0.000000 0.000000
0.000000 0.000000
0.000000 0.000000
0.000000 0.000000
0.000000 0.000000
0.000000 0.000000
0.000000 0.000000
0.000000 0.000000
0.000000 0.000000
0.000000 0.000000
0.000000 0.000000
0.000000 0.000000
0.000000 0.000000
0.000000 0.000000
0.000000 0.000000
0.000000 0.000000
0.000000 0.000000
0.000000 0.000000
0.000000 0.000000
0.000000 0.000000
0.000000 0.000000
0.000000 0.000000
0.000000 0.000000
0.000000 0.000000
0.000000 0.000000
0.000000 0.000000
0.000000 0.000000
0.000000 0.000000
0.000000 0.000000
0.000000 0.000000
-26.845308 26.845308
0.000000 0.000000
-26.845308 -26.845308
-53.690616 -53.690616
-80.535924 -26.845308
-53.690616 0.000000
-80.535924 -26.845308
-53.690616 -53.690616
-26.845308 -80.535924
-0.000000 -107.381232
-26.845308 -80.535924
-0.000000 -107.381232
26.845308 -80.535924
53.690616 -107.381232
80.535924 -134.226540
107.381232 -161.071848
80.535924 -187.917156
121.659543 -175.350159
140.792687 -140.792687
167.133562 -138.576940
322.343870 -198.407716
341.796483 -113.779997
262.306981 387.780659
915.151003 214.916865
939.437806 -164.234578
646.346790 -330.037448
638.093314 496.241710
1196.226053 1084.734499
814.911165 880.667903
822.471459 653.652207
1067.034460 703.149920
420.318207 1561.471895
-83.465338 1756.838990
-851.419062 1383.082316
-1463.324908 1048.891786
-2061.968051 779.801467
-2927.648397 2041.949393
-3491.476545 2179.310105
-2843.861429 1224.985043
-2951.275414 245.127818
-2983.785663 -224.140937
-2912.885337 1252.227535
-2832.284497 -283.015401
-4041.702062 -1195.970026
-2226.117107 -1881.057681
-1692.685180 -1757.648682
-1500.592862 -939.352678
-1881.464571 -2317.133381
1594.528153 -4528.542379
159.100056 -3736.913946
1562.028065 -1816.526503
3459.511419 850.385965
3809.591103 217.349013
3241.782684 1893.858198
10848.272282 481.588070
9067.626588 -123.506768
5371.321971 -1038.712683
4945.049884 2140.751474
5865.512026 4073.074164
3907.364475 4804.414395
4147.210987 3068.525191
3450.111224 1618.111174
549.465992 3274.773096
1494.713648 4780.850524
-279.071042 3519.737228
-3387.587037 3441.677363
-6719.538265 2593.442351
-7261.928806 5077.918550
-9268.988386 3563.784858
-8444.802371 2050.577373
-8765.158449 -2280.065741
-9272.455259 -1752.714843
-9652.083180 1462.690070
-8456.616889 -197.945741
-9443.024966 -2838.837638
-5943.608721 -4430.933633
-4006.754899 -4012.288459
-3314.476842 -2130.010402
-3834.675129 -4273.752443
2405.404613 -8516.723897
636.120059 -6679.286405
2784.705344 -3259.286042
5954.521760 2659.006968
6450.539716 541.449204
6894.417247 4791.218669
21088.849522 1882.531894
18377.077302 1350.067654
11403.673006 -902.240676
9997.263932 3911.807330
10464.831831 7804.225219
7160.592709 8944.669425
6425.779092 6974.859192
5130.993931 3348.820115
301.088458 5162.370114
2827.591747 7776.206709
525.016942 5688.401230
-4971.720099 6314.099057
-10860.008503 4612.600711
-12327.605825 9323.360953
-14399.282418 7772.050810
-12625.079023 3841.706727
-14148.474068 -3568.641702
-15520.765573 -2996.916489
-14468.257246 2347.082658
-14255.044402 1172.534056
-16305.823951 -3400.580725
-10061.530424 -4514.891332
-6858.127018 -4264.411058
-6683.148620 -1784.508226
-5701.341819 -4164.077629
2492.522792 -11480.183688
-337.664368 -6872.034832
3368.215933 -1931.222239
7560.364279 6886.006877
7395.340441 3676.518877
8103.081024 8785.817588
29601.030671 4627.461151
24865.098407 3427.974451
13729.690065 847.135103
12555.988151 6901.865377
12878.021118 12711.773688
7262.631399 14452.645371
7822.505592 11556.671366
5042.414666 5733.843028
-1261.021476 7981.607058
3285.273104 11585.630500
877.671316 8797.543308
-7111.227358 10168.561766
-15074.291056 8250.857234
-15959.240464 13745.099652
-18331.910496 10422.608334
-17026.238956 5814.804528
-18218.082208 -4481.307362
-19486.650205 -3155.138089
-18995.727111 3467.082011
-17787.505824 2313.431652
-18786.288853 -2879.250073
-11663.945182 -4215.833080
-7168.502980 -4368.088490
-6289.389676 -1870.078174
-5696.343110 -4669.236428
3549.366798 -11427.408768
1551.799666 -5951.276422
4965.572909 150.605949
9934.194428 9321.894794
9678.087528 5677.348240
11433.567057 11086.236283
34605.956150 6599.666616
28916.846073 5553.028591
16021.169015 2407.108579
14943.830265 9366.361005
14562.439845 14495.145993
8260.159152 15824.595248
8678.302308 12172.412906
5173.286291 5315.559151
-1748.222651 8340.474283
4058.694387 11353.244479
1287.285202 8536.577030
-7358.189565 9489.757433
-15809.122616 8054.290688
-15846.701485 13747.272997
-18939.311960 9356.663382
-17569.058513 5009.764009
-18104.029841 -5841.737029
-19284.960257 -4528.811785
-19437.347203 2825.231053
-17335.655879 555.540839
-17785.929662 -3661.154324
-10821.928164 -5899.209852
-6163.572726 -5843.922654
-4778.895763 -4012.801835
-5057.272657 -7250.887675
4572.039310 -13105.435232
3274.913646 -7849.472246
5895.102592 -1720.031720
10916.082100 7474.458638
11223.591021 3318.036719
13889.033286 9247.951306
36251.338399 4476.584885
30464.535856 3977.903322
18325.983086 390.967596
16847.066656 7147.742656
15743.204369 11842.765479
10341.129654 12543.234042
9359.458972 9072.094700
5797.604867 2245.300357
12.490529 5010.773147
5854.773788 8029.059124
2943.919170 5335.311762
-4561.920056 6643.295650
-12543.040321 5211.475733
-13203.975234 10609.951122
-16040.068980 7236.032972
-14583.848705 2569.803527
-16241.579047 -7239.799153
-17886.524444 -5853.345226
-17511.902238 1014.212794
-16198.265671 -729.405017
-17491.491163 -5180.309827
-10955.985871 -6775.038651
-6985.117420 -6236.449438
-6435.233968 -4374.680634
-6099.543789 -6942.136885
2924.960291 -13940.609197
935.704614 -8269.196342
3818.120234 -3215.153940
8299.815318 5545.058014
8076.212723 1460.768967
10184.662934 6926.787714
32026.296802 2580.484462
26467.519430 1671.860656
14692.483224 -1173.468522
14496.823371 5297.370945
14130.310095 10287.229573
9153.560121 11307.326927
8842.937089 8154.415681
5661.131994 2099.817958
-4.058727 5160.523827
5888.793968 8122.073094
3018.748938 5332.295704
-4457.508556 6388.048226
-12171.112876 5114.630674
-12716.669677 10409.551481
-15532.048309 7124.214199
-14133.643430 2494.852786
-15739.302518 -7185.615730
-17472.212520 -5452.625766
-16960.348260 1316.867608
-15758.536666 -606.451816
-17034.905569 -5115.827287
-10485.165083 -6651.973879
-6680.375406 -5932.038718
-6507.917994 -4245.959420
-6208.397959 -6589.190573
2887.153024 -13634.998640
779.436529 -7927.841437
3608.851006 -2929.093800
8175.339867 5248.862519
7676.853180 1400.046776
9790.583254 6642.092184
31591.770158 2628.322402
25745.898297 1547.458207
13769.437492 -1230.302490
14251.422854 5287.925830
13960.429020 9989.376578
8888.200506 11024.680354
8853.357596 7777.053084
5577.938744 1942.354132
-31.595019 5324.887975
6007.207700 8199.258126
3159.549887 5369.262953
-4342.978248 6153.161592
-11874.911170 5043.395370
-12328.761071 10290.829747
-15242.929575 7091.475433
-13888.393529 2579.567635
-15442.922519 -7116.075121
-17175.434235 -5148.141533
-16614.139078 1542.733314
-15462.652470 -554.939778
-16743.265355 -5083.726455
-10223.074795 -6657.571545
-6568.118059 -5751.365003
-6560.166145 -4213.997391
-6378.903363 -6387.782179
2763.960779 -13484.348763
739.068146 -7906.227238
3473.747608 -2886.957214
8062.430686 4921.476012
7439.342307 1418.139277
9635.489850 6546.651804
31339.101278 2772.184592
25555.384606 1559.000434
13439.618867 -1334.119113
14217.778103 5235.283147
13877.327377 9775.819251
8761.831997 10959.897881
8815.578929 7660.861315
5410.421164 1972.498890
-60.056978 5420.849086
6009.344134 8194.574648
3156.407159 5370.811365
-4340.970838 6017.469426
-11750.512878 5111.290076
-12279.401959 10283.109859
-15165.298265 7099.067521
-13876.898223 2592.683341
-15380.160839 -7166.564243
-17108.366666 -5063.755032
-16499.625097 1531.306489
-15385.065694 -610.873774
-16555.828481 -5115.867647
-10080.809856 -6791.315558
-6435.317863 -5713.524011
-6483.296892 -4318.098772
-6345.400910 -6303.751244
2839.216705 -13385.563381
911.291040 -7855.953440
3624.071399 -2800.292875
8167.852980 4698.952926
7470.574359 1560.684243
9719.862447 6521.637305
31220.481586 3054.024712
25521.660866 1654.070500
13346.012660 -1228.806020
14246.513419 5325.517165
13846.959453 9713.852691
8689.529286 10977.387258
8667.584433 7591.635037
5168.129186 2092.931502
-198.557030 5521.287920
5778.642584 8203.794876
2949.027233 5418.262573
-4471.028791 5932.264951
-11771.178804 5190.159632
-12397.332062 10255.415134
-15245.767052 7165.664222
-13986.484948 2648.529334
-15494.680676 -7075.979846
-17212.985942 -4884.479904
-16521.257629 1582.503935
-15464.252719 -531.377077
-16501.950864 -5106.017812
-10069.851156 -6743.283296
-6423.288986 -5618.685626
-6554.099409 -4285.816039
-6375.376203 -6174.544859
2741.440491 -13212.049023
979.425409 -7674.103131
3676.320251 -2712.376527
8182.525825 4571.083347
7460.515124 1649.812146
9788.151561 6473.635003
31015.782353 3276.651467
25393.491474 1746.083404
13294.869919 -1041.296535
14276.194618 5354.116920
13865.535679 9628.098413
8759.578298 10890.881952
8668.847219 7495.137281
5086.708726 2216.664852
-76.078623 5607.731667
5783.676489 8168.171497
2975.316266 5337.716418
-4401.184446 5734.201198
-11616.408201 5169.490531
-12330.878075 10149.065859
-15098.475493 7150.143625
-13889.996411 2631.137173
-15322.779003 -7024.479887
-16982.678128 -4859.769140
-16372.112043 1520.008393
-15314.038414 -517.685158
-16198.198729 -5018.962603
-9921.524482 -6672.056206
-6304.495264 -5609.351710
-6408.622496 -4319.914288
-6334.015825 -6178.817105
2725.852193 -13074.419507
1060.607800 -7655.055962
3627.987903 -2824.071587
7992.991975 4420.345943
7425.657347 1726.235451
9798.024559 6452.079521
30731.560593 3428.928269
25271.568336 1793.058226
13511.685245 -974.449969
14237.993923 5295.754771
13763.526826 9503.652874
8749.768566 10890.613276
8538.723014 7481.052526
4832.111084 2416.395224
6.119785 5581.522849
5602.724842 8082.929888
2790.346289 5352.916399
-4417.647247 5804.569453
-11549.080423 5319.123249
-12535.812957 10204.998277
-15210.602976 7257.751342
-13982.177157 2822.837251
-15480.006186 -6860.078652
-17129.661486 -4774.280002
-16534.943401 1415.863449
-15476.153978 -468.195518
-16283.081522 -4938.045428
-10107.396677 -6672.670073
-6479.594503 -5720.964849
-6400.233381 -4395.494539
-6351.531406 -6319.160996
2646.595729 -12988.671281
1134.557024 -7763.637084
3729.814236 -3012.270394
7993.344431 4222.861379
7605.066680 1724.966498
10051.782529 6407.714465
30606.240840 3463.156908
25426.460346 1939.979086
14214.095128 -807.324220
14546.137771 5313.336187
14018.305973 9418.064569
9157.504851 10872.489043
8742.993460 7504.774346
4789.562898 2677.164228
287.473430 5654.834262
5594.911103 8042.367253
2754.464057 5261.844593
-4367.415794 5865.940124
-11312.634475 5348.465537
-12690.374869 10232.882433
-15354.100680 7250.528564
-14097.994054 2969.649644
-15578.331764 -6643.204814
-17357.634237 -4652.331655
-16700.793058 1274.316324
-15560.747805 -558.577749
-16383.389188 -4997.754940
-10381.573957 -6694.020363
-6740.672099 -5824.917155
-6634.711036 -4388.560962
-6579.324056 -6392.661464
2568.307136 -12909.352986
1103.511840 -7852.180382
3670.739031 -3173.905455
7943.264009 3987.081785
7662.143990 1758.316588
10048.717351 6414.155443
30334.865213 3637.227689
25304.472767 1930.991999
14415.913966 -728.953364
14636.281848 5337.030936
14120.384408 9387.870566
9400.071583 10837.066513
8790.915686 7307.487748
4718.182211 2698.574053
485.810603 5518.388297
5456.607300 7897.929842
2594.078170 5118.801950
-4248.253614 5748.805384
-10891.977563 5263.128369
-12483.344478 10062.941960
-15036.868880 7111.772322
-13678.042792 2805.988212
-15398.497212 -6689.010462
-17201.551954 -4475.700394
-16399.174782 1291.110078
-15396.677738 -515.301874
-16255.356770 -5163.561430
-10143.330735 -6725.028611
-6579.419380 -5815.761566
-6640.234070 -4359.876704
-6660.087261 -6286.187871
2507.416691 -12748.076299
1076.482995 -7551.041363
3680.381940 -3150.282910
7800.923536 3727.382576
7478.928226 1594.343472
9809.642207 6162.136543
29878.763816 3640.288502
24750.959706 1838.160764
14016.612287 -640.416543
14427.320036 5283.931350
14064.317818 9163.208936
9432.874303 10561.638293
8731.539550 6874.531636
4481.515705 2713.605155
565.224162 5444.862468
5307.983833 7938.711499
2473.020991 4984.657707
-4186.324636 5638.633476
-10483.531744 5142.568328
-12299.904002 9870.252968
-14671.424177 7003.712657
-13326.336165 2729.924051
-15231.608559 -6553.417471
-17014.026436 -4181.193896
-16084.397515 1368.708033
-15207.191328 -466.467852
-15986.192334 -5270.737618
-9861.973496 -6665.526412
-6525.734563 -5786.837941
-6767.751024 -4208.351360
-6716.968347 -6120.175327
2380.955065 -12484.300313
924.166317 -7224.160541
3634.189924 -3062.785248
7672.894953 3515.629339
7240.477152 1532.089082
9627.546295 5971.982023
29437.537249 3697.855531
24034.969944 1770.682682
13532.770519 -459.065733
14267.311321 5246.621015
13880.881251 8948.997407
9368.594297 10267.541761
8730.378139 6467.093523
4267.711856 2724.550126
579.144728 5401.013404
5229.820955 8000.351015
2428.847388 4880.610304
-4132.337114 5568.476886
-10044.650357 5074.203683
-11978.005141 9693.170347
-14236.389504 6993.635810
-12901.769927 2727.501213
-14873.223945 -6369.659403
-16744.910199 -3869.406367
-15767.864133 1482.961241
-14940.545207 -392.335693
-15736.570775 -5288.780675
-9697.178133 -6481.401387
-6430.432632 -5667.456946
-6867.452490 -4003.551568
-6819.235934 -5939.869154
2257.695707 -12191.776491
712.748783 -6900.166555
3431.515239 -2913.482779
7439.046316 3412.446990
6915.989256 1481.937522
9318.434736 5784.150060
28943.458076 3616.558694
23251.055394 1553.021948
12954.980000 -420.399622
13990.004852 5152.202788
13654.035099 8696.304809
9226.920956 9906.862040
8776.852288 6028.937096
4210.266663 2600.046265
733.290080 5250.125624
5302.772333 7940.285603
2565.517010 4682.810708
-3954.938755 5443.059447
-9500.723835 4969.737473
-11525.547293 9527.252603
-13649.448349 6899.908135
-12282.164379 2624.298827
-14312.561905 -6317.498249
-16263.588688 -3660.334904
-15288.842911 1563.943977
-14555.019016 -323.264446
-15359.051274 -5327.273498
-9366.316064 -6333.886174
-6230.514443 -5670.582813
-6867.228680 -3908.957282
-6827.004308 -5872.139892
2208.482820 -12008.726544
550.667543 -6668.555579
3211.248923 -2780.933301
7271.144588 3279.555506
6613.550879 1377.106065
8995.422248 5571.641974
28542.387668 3577.402128
22637.415740 1338.903428
12295.728928 -410.719480
13714.997133 5031.561473
13384.631212 8540.606612
8969.821068 9647.866712
8625.029649 5732.571579
4108.884724 2529.237104
675.615243 5172.453527
5218.077499 8029.608673
2554.693601 4622.628223
-4008.880301 5436.288269
-9349.178824 4990.002448
-11353.197775 9471.861575
-13406.027113 6969.691045
-12127.507191 2601.726207
-14123.452225 -6184.349913
-16076.289225 -3502.137697
-15128.265435 1688.954869
-14451.590725 -241.599403
-15210.287110 -5367.639396
-9290.082840 -6197.220356
-6123.559651 -5651.297177
-6869.515008 -3878.827710
-6843.103480 -5845.769274
2142.949553 -11926.337525
517.314640 -6462.159244
3145.776133 -2710.506943
7228.326766 3244.450736
6556.715317 1352.906363
8935.578723 5476.061905
28435.892774 3681.613194
22426.009969 1263.141487
12066.125793 -283.456709
13703.533319 5010.068165
13342.681673 8520.630989
8904.117010 9555.401892
8595.435181 5597.332549
4074.925158 2547.008512
668.065695 5158.533579
5207.741558 8045.971430
2506.187086 4602.252706
-4081.157047 5429.716787
-9225.479462 5078.450916
-11222.677022 9448.445414
-13305.262905 6993.077113
-11969.321356 2574.462206
-14031.169787 -6060.685247
-15937.813846 -3420.120222
-15020.386477 1777.206659
-14347.931409 -221.259231
-15113.160237 -5306.130245
-9144.910244 -6015.420032
-6060.620904 -5620.009386
-6804.753149 -3846.649913
-6856.459529 -5832.303981
2035.397497 -11699.105261
415.392730 -6076.093962
3056.485500 -2574.977488
7053.816989 3336.649197
6412.156883 1355.672375
8830.309268 5542.038456
28101.553388 3761.367972
21858.453255 1342.434561
11836.332486 -56.706134
13536.772643 5059.211811
13029.570664 8486.922288
8765.031670 9337.786790
8429.835335 5300.589903
3792.951993 2465.979737
647.320810 4943.515364
5075.250214 7973.398828
2296.939567 4397.304813
-4038.203097 5433.669945
-8804.155129 4967.270941
-10924.628175 9226.937645
-12923.438766 6920.641714
-11481.124287 2530.483071
-13586.113743 -5835.455063
-15516.811693 -3213.735393
-14531.128322 1807.213882
-13910.119758 -208.381854
-14773.141613 -5335.385021
-8893.349917 -5878.709977
-5865.579340 -5574.698146
-6749.341427 -3668.238503
-6734.360621 -5666.587359
2067.600505 -11460.733435
394.043436 -5887.142276
3006.008429 -2585.673649
6903.274254 3274.822430
6247.689475 1356.156337
8582.779481 5528.600065
27605.569732 3755.830764
21354.750320 1249.950332
11629.404353 -91.870889
13295.065169 4854.009141
12791.402273 8244.985199
8591.922027 9158.554951
8333.338993 5106.913939
3638.806724 2451.061688
689.525082 4831.551036
4991.874514 7910.134904
2235.921502 4332.699618
-4038.096276 5431.306074
-8570.870847 4996.178367
-10810.480650 9223.783626
-12753.264971 7012.382277
-11273.460862 2646.342602
-13401.621576 -5680.309626
-15366.311420 -3102.761252
-14385.112236 1780.231578
-13843.646183 -148.888113
-14725.604775 -5344.727399
-8936.063454 -5771.304262
-5878.844469 -5626.556173
-6723.642862 -3629.756258
-6734.475847 -5731.274959
1975.407043 -11420.315029
388.884869 -5883.743571
2942.286571 -2595.278301
6817.163392 3258.187002
6241.786561 1418.420505
8572.601544 5525.669848
27475.331107 3764.515119
21308.849360 1187.786294
11693.309919 -51.647463
13289.879434 4794.490808
12712.753611 8259.741987
8578.768129 9155.097237
8350.264378 5085.196180
3626.271554 2442.094658
691.459820 4711.200276
4926.915368 7892.319086
2151.375936 4332.433086
-4113.318000 5482.859758
-8514.061372 5057.205098
-10799.358667 9224.881081
-12706.834371 7063.841287
-11174.266294 2625.607418
-13319.640723 -5618.413877
-15276.294423 -3089.957765
-14322.932507 1752.291465
-13804.061581 -166.134091
-14722.658142 -5398.916704
-8977.258060 -5708.945842
-5817.139180 -5677.223208
-6686.548732 -3610.530280
-6716.459191 -5753.211957
1996.075764 -11419.968750
368.937911 -5759.703041
2856.257943 -2482.437233
6829.218414 3383.618322
6170.759474 1511.865832
8461.022720 5544.990288
27429.104404 3838.687238
21167.626207 1134.353133
11511.409578 -33.297388
13207.650699 4740.600937
12540.456797 8154.129927
8370.847619 9026.287255
8208.188363 4901.892561
3501.745055 2274.771045
661.491722 4439.830802
4856.168984 7709.910830
2238.289378 4126.695146
-4029.401259 5400.550407
-8249.410457 4988.591745
-10489.002669 9122.092523
-12277.760515 7053.089431
-10785.514524 2539.727950
-12915.185896 -5589.576750
-14901.859979 -3138.997717
-13996.251853 1740.705257
-13505.505211 -103.000999
-14509.813144 -5319.421616
-8736.324305 -5440.381171
-5637.138641 -5618.139597
-6526.187849 -3552.324913
-6650.748144 -5736.305632
1871.249444 -11177.327936
126.090711 -5264.795521
2765.399698 -2303.324932
6519.400615 3465.476059
5839.149661 1386.794475
8081.928869 5429.910385
26928.534056 3704.687972
20235.574517 950.959743
10989.742589 96.736107
12860.210548 4669.344372
12134.825639 8006.163061
8081.544999 8695.183699
8202.925445 4473.959273
3394.716536 2120.637738
695.785398 4133.130852
4812.728446 7658.260552
2205.127838 3862.050784
-4023.960908 5426.590178
-7774.942885 4868.447993
-10054.470346 9035.182032
-11803.280787 7022.695027
-10209.321854 2588.504596
-12293.853355 -5318.421037
-14356.500013 -2831.508557
-13531.334056 1902.564280
-13128.042374 54.991166
-14273.686382 -5176.747356
-8533.127464 -5077.043568
-5575.317452 -5592.909794
-6590.956483 -3420.217241
-6754.620618 -5738.824608
1642.488770 -10918.407314
-271.626209 -4907.813899
2524.740965 -2167.163925
6179.250810 3488.822746
5500.376512 1233.758422
7755.603979 5310.091809
26466.720187 3514.532917
19356.260821 806.724697
10609.883445 157.022945
12573.521719 4602.956035
11855.145150 7744.221498
7854.465373 8366.434517
8214.480007 4110.961483
3347.045461 2002.658513
816.205419 3914.039987
4775.606381 7604.477041
2271.940065 3721.947645
-3903.635792 5538.511346
-7349.362587 4777.489477
-9599.246132 8952.097640
-11323.223094 6940.484736
-9681.776451 2600.167045
-11813.124750 -5122.214492
-13893.886019 -2626.854217
-13098.201623 1901.752645
-12740.003244 58.258180
-14008.608654 -5221.639664
-8229.835481 -4922.208315
-5522.481582 -5675.944906
-6523.511136 -3345.321920
-6644.288333 -5697.973309
1604.953734 -10661.156722
-446.971962 -4674.524276
2485.568283 -2055.365501
6024.210965 3532.939775
5371.544197 1227.924117
7485.635294 5392.188342
26084.969927 3411.040349
18638.361528 796.092212
10213.190576 137.947052
12186.159077 4571.176917
11479.140741 7583.015081
7385.898164 8145.559380
8047.163640 3841.081324
3121.766475 1866.864177
701.448758 3593.684538
4517.567889 7471.103837
2024.415523 3537.063617
-3976.549283 5680.659375
-7095.881676 4645.932940
-9373.586749 8794.745901
-10954.865159 6724.661545
-9239.524149 2510.471451
-11470.848803 -5018.070615
-13439.743900 -2539.774054
-12695.075854 1933.779514
-12340.941245 73.160007
-13639.454648 -5230.926064
-7824.587272 -4744.324328
-5299.759191 -5776.104035
-6241.808465 -3209.821289
-6422.561519 -5667.832751
1606.679381 -10317.733887
-483.581331 -4365.001171
2488.615290 -1935.625296
5897.564428 3649.937534
5356.197257 1217.329591
7258.990149 5498.464135
25735.443120 3293.304648
18001.992730 890.675816
9999.839309 163.190501
11796.903066 4506.442784
11106.401777 7329.381993
6852.481795 7890.832209
7849.565803 3527.534357
2716.524340 1703.457742
530.235892 3131.732328
4146.227461 7316.243415
1797.736494 3373.956510
-4047.212200 5888.192652
-6664.536460 4497.323164
-9069.935121 8553.652001
-10482.637295 6469.560681
-8720.337661 2434.486449
-11114.836276 -4874.699106
-13077.155277 -2432.367771
-12226.806993 1833.655051
-11861.373062 36.914256
-13290.368067 -5326.981619
-7416.633188 -4500.489122
-5012.447462 -5863.343348
-5927.029166 -2903.156722
-6063.167490 -5489.814504
1728.133155 -9750.070695
-557.235004 -3933.427740
2515.149270 -1677.712800
5766.639099 3777.119809
5156.891216 1283.701160
6754.966818 5634.224960
25006.468638 3258.335470
16965.773396 986.825796
9489.939507 258.215321
11209.980643 4449.357025
10524.903298 7016.046850
6193.762431 7519.099825
7500.136579 3125.976287
2274.578021 1563.583001
352.004000 2741.996434
3738.097401 7089.567673
1561.191213 2934.716721
-4086.754375 5783.102543
-6254.891057 4179.509537
-8732.400399 8309.160399
-9922.162453 6306.980469
-8044.519237 2369.334909
-10422.579126 -4726.772376
-12346.973993 -2292.397991
-11479.364573 1710.089599
-11206.115424 23.621280
-12814.933905 -5407.158211
-6864.777041 -4125.305557
-4580.345135 -5865.831435
-5578.976283 -2692.749393
-5617.048391 -5528.462337
2037.777603 -9562.128691
-524.282985 -3725.851747
2560.414710 -1542.335906
5705.430747 3889.485103
5076.427172 1262.825050
6486.215902 5597.376954
24610.118982 3106.351638
16342.088829 780.984469
8989.893755 209.196835
10771.321040 4348.675116
10119.852943 6920.596081
5757.523821 7337.519867
7144.114376 2862.343210
2108.860846 1446.681044
197.303457 2529.233517
3480.486759 6949.224165
1249.487742 2684.333562
-4331.513793 5720.478413
-6375.476922 4103.641182
-8709.265109 8259.765751
-9850.342350 6202.532744
-7862.351797 2284.843871
-10180.458644 -4712.833982
-12010.545047 -2281.194861
-11250.524567 1713.560025
-10998.743697 18.187641
-12651.553224 -5369.309166
-6654.680334 -3928.703988
-4369.167843 -5832.089917
-5301.971825 -2688.601391
-5388.801207 -5678.254027
2216.093599 -9534.804527
-445.538927 -3514.098705
2572.602242 -1402.540450
5641.380386 4173.889244
5148.202936 1261.918808
6490.759294 5726.473614
24557.571278 3046.807010
16107.880498 806.106494
8819.434845 321.420333
10540.910295 4412.900411
9895.286662 7006.028912
5463.473126 7288.423000
6814.669821 2779.459911
1938.827296 1388.453992
27.276369 2325.162835
3291.146456 6866.301116
1057.236881 2543.453739
-4511.051685 5695.651257
-6460.596931 4039.688361
-8702.977291 8204.323111
-9753.799211 6159.008777
-7711.504694 2281.376340
-10004.823206 -4653.228716
-11713.683227 -2261.855533
-11006.747352 1676.886762
-10824.493985 74.360555
-12442.472342 -5297.073010
-6605.836232 -3656.421868
-4251.254272 -5697.463466
-5096.598619 -2560.855449
-5204.394502 -5669.021668
2266.757700 -9482.974662
-456.024157 -3237.814109
2517.263222 -1227.142854
5566.330222 4467.075582
5096.869252 1345.924726
6372.932692 5760.329972
24417.784492 2978.239418
15703.011780 765.211084
8609.927486 394.076556
10324.258649 4440.581481
9631.485575 7000.659249
5170.568398 7251.128810
6727.962023 2723.613595
1805.009943 1317.014675
6.400944 2117.076286
3170.562630 6814.240886
1042.912573 2507.476225
-4618.321849 5824.424265
-6316.931712 4021.135044
-8565.707042 8175.496362
-9478.188219 6151.483885
-7482.315794 2288.355936
-9743.983363 -4572.800377
-11568.918223 -2148.101951
-10751.925687 1717.366217
-10670.024094 230.382310
-12342.206986 -5296.457432
-6600.717136 -3398.773124
-4195.321729 -5718.159993
-5075.520389 -2403.711615
-5092.260195 -5697.569917
2173.260042 -9391.524114
-625.486091 -3044.122609
2465.946261 -1062.241499
5545.719561 4548.843525
5030.161492 1259.230614
6274.111810 5536.980920
24301.506711 2815.233399
15326.170437 551.354813
8373.273705 453.773563
10278.720559 4275.426579
9471.125517 6913.160749
5150.577689 7069.631235
6877.929901 2604.245527
1997.927416 1204.034200
145.616341 2028.818939
3394.118285 6889.969241
1228.132234 2534.289468
-4530.318487 5836.678529
-6200.064519 3958.510843
-8344.401908 8066.602312
-9332.560513 6220.088147
-7363.166543 2258.410605
-9599.500028 -4570.708402
-11468.026094 -2175.279026
-10693.224281 1680.503487
-10569.757516 271.138568
-12357.851012 -5378.196644
-6692.718320 -3317.591406
-4155.720818 -5794.764320
-5020.470105 -2465.598843
-5088.457841 -5879.929123
2061.340351 -9641.542927
-764.360301 -3105.026077
2379.739397 -1136.175093
5486.266418 4644.643014
5065.626191 1062.133085
6322.558825 5351.083575
24401.011830 2610.805748
15403.814233 384.741779
8400.346560 457.371172
10309.845952 4180.043954
9473.400870 7016.728020
5344.694171 7041.825331
6983.092530 2626.188186
