0 0.000000 418.934383 -5677.370814 5692.806459 -1.497140 -4445.239882 0
1 1500.000000 2393.942783 -4096.055732 4744.326570 -1.041889 -2024.133119 0
2 3000.000000 6995.810555 -906.257691 7054.265966 -0.128825 3209.146181 1
3 4500.000000 7959.015035 -885.587692 8008.132484 -0.110813 3770.941901 1
4 6000.000000 8000.597369 -1742.000188 8188.047564 -0.214388 3088.169098 1
5 7500.000000 2313.992606 -4509.956982 5068.951939 -1.096735 -2410.697256 0
6 9000.000000 7332.489128 -2531.836953 7757.293031 -0.332473 2058.929893 1
7 10500.000000 8233.389651 -1665.660882 8400.186386 -0.199612 3282.784501 1
8 12000.000000 8927.042854 -1102.044511 8994.809404 -0.122829 4139.905167 1
9 13500.000000 8202.946072 -1584.897193 8354.652797 -0.190859 3332.173304 1
10 15000.000000 2476.900528 -4511.090945 5146.355772 -1.068668 -2319.498395 0
11 16500.000000 7790.179365 -1814.046539 7998.603589 -0.228786 2909.748104 1
12 18000.000000 1952.088825 -3438.847017 3954.278643 -1.054497 -1732.022468 0
13 19500.000000 8276.112215 -1694.486387 8447.799566 -0.201953 3283.174015 1
14 21000.000000 2413.482420 -3423.414632 4188.635235 -0.956727 -1458.349937 0
15 22500.000000 6842.551820 -593.733780 6868.262896 -0.086554 3380.210225 1
16 24000.000000 -825.371956 -5705.390115 5764.782322 -1.714465 -5172.076329 0
17 25500.000000 -596.103948 -5630.761322 5662.226857 -1.676269 -4980.864784 0
18 27000.000000 -1589.951720 -5266.102225 5500.888938 -1.864015 -5242.207183 0
19 28500.000000 962.930044 -2811.125577 2971.474596 -1.240781 -1773.763399 0
20 30000.000000 6710.777760 -1164.928791 6811.137735 -0.171878 2834.615230 1
21 31500.000000 6127.788750 -386.287313 6139.952186 -0.062955 3147.052222 1
22 33000.000000 5752.979865 -804.544742 5808.964587 -0.138947 2590.135500 1
23 34500.000000 6236.008914 -1374.845602 6385.766015 -0.216997 2392.985380 1
24 36000.000000 1797.615058 -3914.416891 4307.444660 -1.140294 -2211.592692 0
25 37500.000000 6546.586428 -942.197292 6614.040338 -0.142940 2925.443741 1
26 39000.000000 1176.121531 -3228.850655 3436.384496 -1.221480 -1997.692155 0
27 40500.000000 6907.818251 -1076.192263 6991.147458 -0.154551 3019.234970 1
28 42000.000000 6839.980252 -270.295887 6845.318817 -0.039497 3645.497606 1
29 43500.000000 8005.033931 -1263.563313 8104.144649 -0.156554 3485.248860 1
30 45000.000000 8393.083453 -1355.062851 8501.767180 -0.160069 3629.253396 1
0 0.000000 1584.659579 -5919.718514 6128.149253 -1.309237 -4573.757398 0
1 1500.000000 3419.810595 -3819.987255 5127.124646 -0.840617 -1872.883545 0
2 3000.000000 7408.634791 178.239141 7410.778546 0.024054 3492.454915 1
3 4500.000000 8324.602042 108.424047 8325.308098 0.013024 3842.214891 1
4 6000.000000 8394.993596 -515.765860 8410.822308 -0.061360 3316.439949 1
5 7500.000000 3183.262730 -4248.781371 5308.983400 -0.927796 -2362.253783 0
6 9000.000000 7818.104967 -1475.198214 7956.065299 -0.186497 2200.047284 1
7 10500.000000 8483.935778 -616.864444 8506.332231 -0.072582 3266.168476 1
8 12000.000000 9187.632698 56.199461 9187.804578 0.006117 4183.867319 1
9 13500.000000 8615.124660 -605.680173 8636.389371 -0.070189 3335.180995 1
10 15000.000000 3240.531566 -4211.986172 5314.308266 -0.915020 -2303.626837 0
11 16500.000000 8133.574443 -815.406357 8174.345280 -0.099918 2931.222916 1
12 18000.000000 2510.403228 -3271.847036 4123.967434 -0.916331 -1792.514249 0
13 19500.000000 8476.840136 -674.999049 8503.672290 -0.079461 3211.057746 1
14 21000.000000 2992.284650 -3237.510357 4408.541793 -0.824741 -1545.042276 0
15 22500.000000 6973.678450 330.188413 6981.490923 0.047312 3432.461771 1
16 24000.000000 -27.356444 -5828.103812 5828.168016 -1.575490 -5217.213360 0
17 25500.000000 214.717802 -5788.438460 5792.419489 -1.533719 -5072.875966 0
18 27000.000000 -728.759160 -5513.082428 5561.040170 -1.702222 -5251.450580 0
19 28500.000000 1475.171442 -2686.028567 3064.454314 -1.068566 -1735.106251 0
20 30000.000000 6972.439350 -372.566434 6982.386142 -0.053383 2804.294942 1
21 31500.000000 6264.673031 409.132777 6278.018622 0.065215 3183.970636 1
22 33000.000000 5956.423475 -39.735863 5956.556014 -0.006671 2644.412590 1
23 34500.000000 6799.407812 -645.953107 6830.022109 -0.094717 2482.291553 1
24 36000.000000 2348.836878 -3716.594389 4396.601930 -1.007189 -2262.396346 0
25 37500.000000 6759.279912 -157.273578 6761.109370 -0.023264 2900.662379 1
26 39000.000000 1560.803250 -3024.278904 3403.288068 -1.094359 -1998.660257 0
27 40500.000000 7045.454730 -349.148173 7054.100708 -0.049516 2858.059991 1
28 42000.000000 6903.578087 342.652908 6912.076491 0.049593 3412.054055 1
29 43500.000000 8128.292608 -630.101365 8152.678606 -0.077365 3094.336872 1
30 45000.000000 8593.544987 -705.987188 8622.495773 -0.081969 3235.890727 1
0 0.000000 2205.249840 -5976.803911 6370.660237 -1.217324 -4712.063688 0
1 1500.000000 3920.107843 -3608.399768 5328.019744 -0.744018 -1873.158716 0
2 3000.000000 7502.541702 705.245602 7535.615659 0.093725 3469.750920 1
3 4500.000000 8398.421016 674.045431 8425.426565 0.080087 3777.099254 1
4 6000.000000 8496.380967 134.824532 8497.450629 0.015867 3314.073387 1
5 7500.000000 3581.676478 -4102.564894 5446.048577 -0.853081 -2458.222098 0
6 9000.000000 7937.710368 -874.028951 7985.685474 -0.109669 2169.287257 1
7 10500.000000 8564.069515 -75.820242 8564.405138 -0.008853 3144.237015 1
8 12000.000000 9241.749819 600.813141 9261.258885 0.064919 4025.763931 1
9 13500.000000 8679.531460 -9.215628 8679.536352 -0.001062 3249.310247 1
10 15000.000000 3641.675234 -4028.386950 5430.441964 -0.835774 -2366.947312 0
11 16500.000000 8217.106648 -292.062102 8222.295417 -0.035528 2813.573866 1
12 18000.000000 2803.524634 -3062.528181 4151.966911 -0.829522 -1786.307494 0
13 19500.000000 8560.478631 -158.117351 8561.938769 -0.018469 3066.609338 1
14 21000.000000 3284.352676 -3000.441561 4448.552806 -0.740255 -1548.282175 0
15 22500.000000 6957.448284 828.213787 7006.570109 0.118482 3379.127935 1
16 24000.000000 529.627781 -5793.462564 5817.620997 -1.479632 -5171.070392 0
17 25500.000000 773.602994 -5902.398008 5952.878618 -1.440473 -5180.465057 0
18 27000.000000 -109.003362 -5655.711437 5656.761758 -1.590067 -5283.100586 0
19 28500.000000 1819.434970 -2617.584412 3187.803595 -0.963379 -1743.273316 0
20 30000.000000 7090.628214 126.190848 7091.751025 0.017795 2778.423303 1
21 31500.000000 6253.421316 987.177110 6330.860669 0.156570 3262.212730 1
22 33000.000000 6033.813563 568.259909 6060.513628 0.093902 2791.495722 1
23 34500.000000 6916.140276 -21.513614 6916.173736 -0.003111 2576.024611 1
24 36000.000000 2750.421693 -3527.786219 4473.264479 -0.908591 -2237.479677 0
25 37500.000000 6888.036828 337.152977 6896.283309 0.048909 2897.918204 1
26 39000.000000 1860.338377 -2800.947072 3362.463884 -0.984516 -1897.876115 0
27 40500.000000 7094.555418 204.864509 7097.512666 0.028868 2852.818702 1
28 42000.000000 6864.192897 907.541004 6923.927701 0.131451 3417.651732 1
29 43500.000000 8096.664012 -24.403309 8096.700787 -0.003014 3016.454414 1
30 45000.000000 8637.890448 -105.435388 8638.533904 -0.012206 3144.495822 1
0 0.000000 2700.121938 -5967.230846 6549.694836 -1.145872 -4827.618594 0
1 1500.000000 4337.386236 -3540.307081 5598.811801 -0.684560 -2011.141112 0
2 3000.000000 7509.123303 1093.641797 7588.345351 0.144625 3380.825703 1
3 4500.000000 8307.292338 1189.614280 8392.037186 0.142234 3720.921422 1
4 6000.000000 8445.733371 638.477754 8469.832703 0.075454 3240.442269 1
5 7500.000000 3887.969759 -3997.846100 5576.655116 -0.799331 -2586.013899 0
6 9000.000000 7971.245270 -448.660130 7983.861664 -0.056225 2059.549334 1
7 10500.000000 8510.548490 380.807862 8519.063929 0.044716 3015.834669 1
8 12000.000000 9188.907062 1119.565317 9256.859051 0.121241 3929.297542 1
9 13500.000000 8620.047283 446.315427 8631.593864 0.051730 3112.222686 1
10 15000.000000 3928.010637 -3913.485246 5544.784426 -0.783546 -2493.373255 0
11 16500.000000 8291.913114 36.646173 8291.994093 0.004419 2620.654384 1
12 18000.000000 3044.477123 -2831.981054 4157.999236 -0.749253 -1741.332536 0
13 19500.000000 8614.751259 262.119347 8618.738063 0.030417 2935.560668 1
14 21000.000000 3497.329083 -2797.567820 4478.581966 -0.674689 -1567.413421 0
15 22500.000000 6959.760905 1165.681226 7056.704937 0.165948 3277.953778 1
16 24000.000000 1021.884896 -5800.372503 5889.700325 -1.396410 -5192.440018 0
17 25500.000000 1273.586363 -5990.638002 6124.521687 -1.361319 -5294.724032 0
18 27000.000000 500.033575 -5740.731728 5762.467731 -1.483913 -5298.512953 0
19 28500.000000 2198.554593 -2484.801766 3317.812851 -0.846442 -1675.267853 0
20 30000.000000 7196.276150 540.301449 7216.530751 0.074940 2757.518267 1
21 31500.000000 6150.651173 1463.232628 6322.306507 0.233557 3308.345538 1
22 33000.000000 6009.348585 1086.757453 6106.825049 0.178911 2906.579456 1
23 34500.000000 6908.353362 519.139549 6927.831698 0.075006 2647.622872 1
24 36000.000000 3013.355626 -3339.111037 4497.774410 -0.836633 -2232.877826 0
25 37500.000000 7015.288750 719.968668 7052.136636 0.102270 2871.784728 1
26 39000.000000 2074.612365 -2561.422762 3296.195236 -0.890021 -1786.719279 0
27 40500.000000 7123.700806 733.758756 7161.390583 0.102640 2918.695454 1
28 42000.000000 6776.053348 1416.188159 6922.462559 0.206033 3458.678983 1
29 43500.000000 7953.873986 562.553476 7973.743024 0.070609 3014.917736 1
30 45000.000000 8558.686917 446.540301 8570.327881 0.052127 3093.301096 1
0 0.000000 3073.652378 -5938.458697 6686.750379 -1.093181 -5028.114421 0
1 1500.000000 4736.057083 -3408.399657 5835.017131 -0.623806 -2173.229281 0
2 3000.000000 7474.274869 1502.152288 7623.729160 0.198334 3250.672742 1
3 4500.000000 8306.061541 1768.136190 8492.170742 0.209742 3708.360306 1
4 6000.000000 8302.323819 1118.798930 8377.367835 0.133950 3077.073313 1
5 7500.000000 4168.952695 -3810.827595 5648.236320 -0.740549 -2699.908164 0
6 9000.000000 7993.964801 74.006911 7994.307366 0.009258 1988.821285 1
7 10500.000000 8359.014444 921.513262 8409.655711 0.109798 2899.138674 1
8 12000.000000 9047.003982 1669.236930 9199.708310 0.182455 3790.026708 1
9 13500.000000 8525.089403 997.989531 8583.305449 0.116535 3013.208704 1
10 15000.000000 4234.466403 -3730.207383 5643.150967 -0.722171 -2605.929957 0
11 16500.000000 8342.104365 514.199805 8357.936747 0.061561 2499.654865 1
12 18000.000000 3287.442635 -2614.784104 4200.520800 -0.671921 -1750.151664 0
13 19500.000000 8648.091269 828.859537 8687.720687 0.095551 2878.509814 1
14 21000.000000 3740.486244 -2538.981898 4520.803737 -0.596345 -1567.920192 0
15 22500.000000 6912.559019 1657.009185 7108.386008 0.235271 3266.310235 1
16 24000.000000 1522.239227 -5737.252761 5935.762926 -1.311447 -5204.812292 0
17 25500.000000 1811.290754 -5954.331486 6223.731810 -1.275493 -5346.241704 0
18 27000.000000 1110.028942 -5654.507717 5762.431932 -1.376953 -5223.330721 0
19 28500.000000 2537.878962 -2269.056695 3404.327821 -0.729533 -1594.259345 0
20 30000.000000 7236.567074 1126.101692 7323.660836 0.154375 2828.591723 1
21 31500.000000 5974.258820 1985.379579 6295.514318 0.320840 3360.092472 1
22 33000.000000 5930.786106 1616.286773 6147.081158 0.266064 2991.344310 1
23 34500.000000 6836.234563 1089.682223 6922.536410 0.158068 2697.234125 1
24 36000.000000 3323.420869 -3102.415536 4546.439093 -0.751018 -2214.927146 0
25 37500.000000 7042.956068 1287.494114 7159.669774 0.180809 2938.846554 1
26 39000.000000 2309.613355 -2294.183587 3255.394320 -0.782047 -1673.391768 0
27 40500.000000 7093.271812 1389.345602 7228.055493 0.193419 3049.792033 1
28 42000.000000 6595.325256 1905.296383 6865.017810 0.281229 3431.279334 1
29 43500.000000 7826.447843 1099.239729 7903.266023 0.139539 2943.968507 1
30 45000.000000 8464.225302 1025.960498 8526.177625 0.120623 3025.768153 1
0 0.000000 3566.185548 -5819.001146 6824.840929 -1.020981 -5105.112045 0
1 1500.000000 5156.290877 -3072.824424 6002.464957 -0.537427 -2123.042226 0
2 3000.000000 7342.776771 2013.582857 7613.861480 0.267647 3267.511733 1
3 4500.000000 8080.567381 2241.640628 8385.733236 0.270607 3621.165137 1
4 6000.000000 8160.684771 1633.457570 8322.557273 0.197551 3036.388262 1
5 7500.000000 4516.716739 -3581.632350 5764.444499 -0.670441 -2735.925155 0
6 9000.000000 8028.559769 659.644970 8055.613165 0.081978 2054.481333 1
7 10500.000000 8212.514227 1405.270850 8331.877105 0.169472 2820.793183 1
8 12000.000000 8887.924218 2208.620263 9158.231291 0.243563 3729.943600 1
9 13500.000000 8462.529727 1543.293099 8602.102241 0.180385 3000.438751 1
10 15000.000000 4603.628743 -3536.754742 5805.345098 -0.655081 -2676.530301 0
11 16500.000000 8314.924103 1044.643171 8380.288909 0.124980 2483.652656 1
12 18000.000000 3537.961806 -2508.406021 4336.966049 -0.616739 -1850.545128 0
13 19500.000000 8609.230318 1382.883514 8719.587920 0.159268 2868.177534 1
14 21000.000000 3927.834110 -2315.639612 4559.612660 -0.532697 -1592.524955 0
15 22500.000000 6923.274777 2167.309955 7254.582419 0.303383 3345.452729 1
16 24000.000000 1916.771996 -5668.258995 5983.575429 -1.244709 -5245.347215 0
17 25500.000000 2220.567790 -5818.021348 6227.382573 -1.206190 -5339.633495 0
18 27000.000000 1516.863678 -5489.536017 5695.250750 -1.301204 -5139.367138 0
19 28500.000000 2770.866920 -2123.636880 3491.065322 -0.653925 -1605.957058 0
20 30000.000000 7159.846640 1620.359996 7340.910736 0.222563 2848.343890 1
21 31500.000000 5753.367842 2402.595931 6234.878406 0.395585 3372.371440 1
22 33000.000000 5820.939599 2011.341852 6158.638962 0.332692 2998.980390 1
23 34500.000000 6742.712580 1513.340875 6910.453931 0.220782 2669.976887 1
24 36000.000000 3582.160639 -2905.709340 4612.485405 -0.681510 -2233.982381 0
25 37500.000000 7001.238321 1766.793518 7220.726927 0.247193 2964.760843 1
26 39000.000000 2486.825600 -2106.734523 3259.237935 -0.702842 -1639.023406 0
27 40500.000000 6983.009107 1921.634265 7242.588932 0.268540 3114.021940 1
28 42000.000000 6458.105536 2258.605931 6841.668500 0.336436 3353.934167 1
29 43500.000000 7725.416438 1427.919323 7856.272191 0.182771 2757.848939 1
30 45000.000000 8395.737603 1399.731200 8511.618961 0.165200 2847.403523 1
0 0.000000 3889.943617 -5700.133238 6900.955026 -0.971960 -5165.259090 0
1 1500.000000 5393.927581 -2771.787694 6064.425923 -0.474683 -2070.918487 0
2 3000.000000 7176.034935 2349.843323 7550.976164 0.316453 3234.271223 1
3 4500.000000 7872.280100 2483.210544 8254.642850 0.305559 3454.201209 1
4 6000.000000 8032.414172 1892.395429 8252.323181 0.231376 2888.236605 1
5 7500.000000 4734.920431 -3442.239454 5853.928932 -0.628611 -2818.976295 0
6 9000.000000 8520.511622 1108.922136 8592.370256 0.129420 2172.420137 1
7 10500.000000 8062.072059 1658.698009 8230.934635 0.202910 2660.129752 1
8 12000.000000 8716.328796 2493.754009 9066.046368 0.278658 3570.885213 1
9 13500.000000 8372.378255 1859.804610 8576.455611 0.218587 2898.689729 1
10 15000.000000 4838.557160 -3427.954022 5929.797987 -0.616385 -2791.761659 0
11 16500.000000 8246.589379 1397.960056 8364.241072 0.167923 2424.686573 1
12 18000.000000 3707.397400 -2466.277773 4452.788063 -0.587008 -1980.089129 0
13 19500.000000 8490.378844 1779.485121 8674.854478 0.206598 2833.859339 1
14 21000.000000 4011.040085 -2201.287868 4575.380950 -0.501927 -1678.992384 0
15 22500.000000 6799.580012 2531.193489 7255.427542 0.356364 3366.802275 1
16 24000.000000 2224.952389 -5656.262474 6078.134443 -1.196026 -5331.277939 0
17 25500.000000 2523.156194 -5714.958065 6247.164386 -1.155033 -5351.977604 0
18 27000.000000 1831.199625 -5322.914066 5629.094619 -1.239457 -5050.134109 0
19 28500.000000 2968.898155 -2013.375262 3587.204511 -0.595914 -1623.728441 0
20 30000.000000 7033.253120 1996.151248 7311.037495 0.276544 2865.422065 1
21 31500.000000 5578.043890 2699.413776 6196.886991 0.450714 3379.953532 1
22 33000.000000 5731.979149 2372.006794 6203.386269 0.392363 3074.522618 1
23 34500.000000 6642.601892 1889.611262 6906.141515 0.277148 2710.565316 1
24 36000.000000 3803.662855 -2717.848720 4674.885323 -0.620414 -2217.544772 0
25 37500.000000 6958.030939 2152.125373 7283.257387 0.299968 3010.689277 1
26 39000.000000 2653.860329 -1945.965800 3290.859696 -0.632700 -1596.502765 0
27 40500.000000 6847.087183 2404.045432 7256.861396 0.337659 3246.643977 1
28 42000.000000 6269.893798 2629.189853 6798.838689 0.397063 3397.357948 1
29 43500.000000 7516.133868 1869.401511 7745.123003 0.243772 2800.451118 1
30 45000.000000 8221.030474 1832.266757 8422.739669 0.219291 2852.323557 1
0 0.000000 4192.947605 -5548.704395 6954.777501 -0.923681 -5236.831501 0
1 1500.000000 5593.345786 -2520.228176 6134.905634 -0.423333 -2116.525918 0
2 3000.000000 7003.582359 2687.373824 7501.476117 0.366389 3178.099149 1
3 4500.000000 7615.828298 2811.950362 8118.368402 0.353698 3345.853171 1
4 6000.000000 7836.846469 2200.305408 8139.871403 0.273717 2751.453934 1
5 7500.000000 4955.865137 -3263.861886 5934.087433 -0.582387 -2903.565770 0
6 9000.000000 8396.305475 1568.579818 8541.568256 0.184689 2161.066664 1
7 10500.000000 7852.201942 2011.188037 8105.674103 0.250740 2563.905145 1
8 12000.000000 8513.974035 2845.564849 8976.914458 0.322551 3443.184448 1
9 13500.000000 8189.862687 2269.697112 8498.551395 0.270350 2845.747597 1
10 15000.000000 5056.852897 -3271.915558 6023.055092 -0.574282 -2904.425214 0
11 16500.000000 8166.526329 1758.972762 8353.809757 0.212147 2334.655756 1
12 18000.000000 3935.784564 -2286.448752 4551.730224 -0.526286 -2001.085519 0
13 19500.000000 8362.481247 2239.132730 8657.066939 0.261622 2827.522761 1
14 21000.000000 4195.485279 -2082.940812 4684.094272 -0.460821 -1779.643309 0
15 22500.000000 6565.891978 2805.549730 7140.171339 0.403810 3264.884227 1
16 24000.000000 2655.370608 -5598.006345 6195.858948 -1.127885 -5395.233982 0
17 25500.000000 2979.527097 -5600.907638 6344.111292 -1.081899 -5375.100793 0
18 27000.000000 2326.436158 -5215.298491 5710.660517 -1.151208 -5036.859540 0
19 28500.000000 3290.487322 -1816.628180 3758.649327 -0.504442 -1578.291944 0
20 30000.000000 6972.086178 2356.943388 7359.698893 0.325993 2846.266090 1
21 31500.000000 5492.291277 3004.791385 6260.513935 0.500608 3387.357000 1
22 33000.000000 5664.406608 2765.090387 6303.271140 0.454124 3160.488148 1
23 34500.000000 6540.220097 2273.887033 6924.235782 0.334604 2732.741028 1
24 36000.000000 4053.130710 -2523.072117 4774.281250 -0.556799 -2228.775160 0
25 37500.000000 6992.440897 2460.765554 7412.799526 0.338382 2951.271909 1
26 39000.000000 2855.988780 -1769.629959 3359.800902 -0.554722 -1562.277993 0
27 40500.000000 6745.366247 2788.785804 7299.129542 0.392036 3260.911993 1
28 42000.000000 6087.345478 2942.729004 6761.318582 0.450294 3367.722363 1
29 43500.000000 7253.702672 2251.853106 7595.198804 0.301009 2761.446534 1
30 45000.000000 7987.702390 2184.656596 8281.069612 0.266973 2746.561030 1
0 0.000000 4399.422116 -5440.451392 6996.672516 -0.890803 -5306.843465 0
1 1500.000000 5719.727456 -2331.495149 6176.661865 -0.387061 -2159.898934 0
2 3000.000000 6865.593818 2893.335772 7450.353707 0.398839 3096.777663 1
3 4500.000000 7345.284767 3048.239130 7952.670627 0.393364 3265.916279 1
4 6000.000000 7635.272934 2401.217330 8003.951365 0.304697 2627.829511 1
5 7500.000000 5066.131029 -3113.411740 5946.344782 -0.551052 -2960.957724 0
6 9000.000000 8267.330538 1879.232237 8478.223164 0.223510 2124.924186 1
7 10500.000000 7629.174613 2215.990460 7944.489851 0.282684 2442.503162 1
8 12000.000000 8302.841782 3017.419591 8834.138478 0.348580 3263.664314 1
9 13500.000000 7985.690928 2488.615414 8364.476450 0.302096 2725.638018 1
10 15000.000000 5174.301991 -3179.355268 6073.030629 -0.550978 -3023.646322 0
11 16500.000000 8085.650161 1981.787701 8324.975737 0.240361 2222.016425 1
12 18000.000000 4087.825732 -2117.150967 4603.547266 -0.477878 -1994.312560 0
13 19500.000000 8208.030934 2554.474656 8596.342977 0.301715 2798.098040 1
14 21000.000000 4294.596537 -1980.825697 4729.400581 -0.432159 -1851.882112 0
15 22500.000000 6496.375678 3049.034119 7176.315629 0.438823 3241.396872 1
16 24000.000000 2944.910502 -5520.085244 6256.503733 -1.080717 -5429.814710 0
17 25500.000000 3290.781420 -5458.387791 6373.636296 -1.028258 -5357.830997 0
18 27000.000000 2759.958817 -5165.183637 5856.320916 -1.080056 -5080.586094 0
19 28500.000000 3506.190958 -1607.253510 3857.024615 -0.429821 -1501.985912 0
20 30000.000000 6894.368513 2641.195931 7382.969128 0.365848 2845.607996 1
21 31500.000000 5400.744033 3224.782585 6290.251094 0.538284 3384.395997 1
22 33000.000000 5573.211212 3047.212266 6351.864750 0.500353 3212.047529 1
23 34500.000000 6415.670725 2568.087507 6910.564687 0.380751 2758.257556 1
24 36000.000000 4220.153582 -2349.485602 4830.090977 -0.507995 -2222.597926 0
25 37500.000000 6973.720107 2731.215391 7489.479932 0.373282 2937.953649 1
26 39000.000000 2992.505802 -1616.977687 3401.427320 -0.495398 -1527.023597 0
27 40500.000000 6612.686986 3129.553988 7315.855202 0.442032 3325.349278 1
28 42000.000000 5909.420003 3198.939118 6719.706560 0.496161 3373.732485 1
29 43500.000000 7002.781502 2545.305374 7451.008537 0.348625 2752.992902 1
30 45000.000000 7775.791378 2470.489462 8158.814236 0.307629 2701.261027 1
0 0.000000 4609.041671 -5324.536767 7042.297701 -0.857302 -5410.989262 0
1 1500.000000 5827.607109 -2124.701239 6202.850955 -0.349615 -2234.839223 0
2 3000.000000 6696.046707 3129.038474 7391.070510 0.437144 3001.485714 1
3 4500.000000 7084.182481 3261.559208 7798.936459 0.431469 3126.621649 1
4 6000.000000 7475.755076 2642.586421 7929.071632 0.339778 2500.334041 1
5 7500.000000 5245.268615 -2951.786672 6018.794513 -0.512581 -3050.731901 0
6 9000.000000 8144.277341 2245.557546 8448.182177 0.269037 2090.698099 1
7 10500.000000 7440.088549 2455.933066 7834.955318 0.318833 2314.390669 1
8 12000.000000 8103.452171 3252.494994 8731.818869 0.381688 3098.228695 1
9 13500.000000 7826.748793 2767.692639 8301.693755 0.339896 2618.761191 1
10 15000.000000 5390.090494 -3035.288792 6185.956158 -0.512863 -3136.965539 0
11 16500.000000 7987.527877 2276.112041 8305.497433 0.277601 2124.219841 1
12 18000.000000 4316.648501 -1961.678715 4741.480534 -0.426544 -2043.190808 0
13 19500.000000 8047.371498 2910.065478 8557.375130 0.346986 2756.924331 1
14 21000.000000 4487.949528 -1847.022523 4853.162182 -0.390425 -1931.803947 0
15 22500.000000 6384.465314 3337.165050 7204.031365 0.481643 3215.483974 1
16 24000.000000 3325.744029 -5421.302784 6360.117705 -1.020540 -5483.400236 0
17 25500.000000 3666.673108 -5289.544813 6436.130515 -0.964654 -5358.131655 0
18 27000.000000 3145.137721 -5021.479320 5925.128339 -1.011236 -5080.223496 0
19 28500.000000 3731.310007 -1431.813418 3996.594054 -0.366402 -1502.319909 0
20 30000.000000 6783.452216 2957.344726 7400.075121 0.411121 2828.165206 1
21 31500.000000 5339.710491 3534.376137 6403.461783 0.584698 3432.473287 1
22 33000.000000 5523.190512 3426.345652 6499.652141 0.555253 3320.982547 1
23 34500.000000 6340.386792 2934.821509 6986.678894 0.433511 2814.048741 1
24 36000.000000 4533.699497 -2119.629957 5004.723997 -0.437334 -2205.229997 0
25 37500.000000 6928.268008 3111.731113 7594.983088 0.422135 2979.777406 1
26 39000.000000 3248.254804 -1419.265860 3544.781355 -0.411933 -1480.613503 0
27 40500.000000 6463.269303 3531.898829 7365.334984 0.500119 3408.688219 1
28 42000.000000 5756.069666 3529.426883 6751.976905 0.550044 3419.628703 1
29 43500.000000 6806.524450 2929.375362 7410.129223 0.406417 2799.763309 1
30 45000.000000 7609.231523 2881.554758 8136.569437 0.362004 2736.728029 1
0 0.000000 4996.835265 -5154.557001 7178.984646 -0.800934 -5573.258981 0
1 1500.000000 6030.210165 -1842.236069 6305.336499 -0.296496 -2364.426913 0
2 3000.000000 6518.817695 3479.267667 7389.200744 0.490264 2893.650097 1
3 4500.000000 6870.905454 3604.808872 7759.122938 0.483171 2987.802277 1
4 6000.000000 7303.224003 3015.250564 7901.190847 0.391548 2362.572739 1
5 7500.000000 5498.868568 -2716.885118 6133.434623 -0.458901 -3189.061638 0
6 9000.000000 7990.587292 2707.435627 8436.805850 0.326688 1995.612602 1
7 10500.000000 7211.914011 2821.881432 7744.334608 0.372967 2177.964676 1
8 12000.000000 7883.831361 3636.061493 8681.920301 0.432133 2930.024775 1
9 13500.000000 7632.488195 3183.045937 8269.622572 0.395108 2500.819337 1
10 15000.000000 5644.222292 -2788.724809 6295.572361 -0.458904 -3273.382464 0
11 16500.000000 7828.436042 2713.414446 8285.350253 0.333652 2015.801158 1
12 18000.000000 4549.783499 -1697.743221 4856.218893 -0.357146 -2090.547416 0
13 19500.000000 7771.827888 3406.409006 8485.571933 0.413084 2711.089767 1
14 21000.000000 4705.715966 -1624.623962 4978.269355 -0.332432 -2031.397334 0
15 22500.000000 6203.737848 3775.168168 7262.111124 0.546669 3216.064631 1
16 24000.000000 3812.463176 -5228.032978 6470.487175 -0.940718 -5542.493189 0
17 25500.000000 4152.893635 -5022.100932 6516.749444 -0.879853 -5367.237232 0
18 27000.000000 3688.841717 -4776.185784 6034.857402 -0.913150 -5081.539111 0
19 28500.000000 4002.803703 -1120.072016 4156.560935 -0.272844 -1467.094717 0
20 30000.000000 6578.801142 3455.814556 7431.236687 0.483679 2865.022464 1
21 31500.000000 5165.921422 3986.655692 6525.348094 0.657259 3517.830146 1
22 33000.000000 5363.130164 3930.413134 6649.158786 0.632440 3444.494683 1
23 34500.000000 6184.528255 3478.578527 7095.695759 0.512363 2922.305849 1
24 36000.000000 4836.562447 -1782.463083 5154.562149 -0.353094 -2200.112289 0
25 37500.000000 6782.781600 3653.669967 7704.247560 0.494102 3044.209850 1
26 39000.000000 3509.252877 -1119.116861 3683.378653 -0.308709 -1422.821860 0
27 40500.000000 6213.709437 4083.021964 7435.136403 0.581350 3521.854959 1
28 42000.000000 5491.276526 3983.153281 6783.776820 0.627544 3485.783232 1
29 43500.000000 6493.076368 3447.789778 7351.686546 0.488135 2864.553145 1
30 45000.000000 7350.260686 3420.549776 8107.187732 0.435557 2762.178989 1
0 0.000000 5475.300174 -4916.626800 7358.813157 -0.731690 -5740.247110 0
1 1500.000000 6280.337512 -1448.801423 6445.282370 -0.226722 -2449.106635 0
2 3000.000000 6259.569612 3980.719763 7418.109029 0.566429 2911.766555 1
3 4500.000000 6540.214026 4043.687292 7689.330687 0.553753 2928.340264 1
4 6000.000000 6937.684926 3460.262003 7752.734051 0.462658 2288.130065 1
5 7500.000000 5768.958235 -2359.030466 6232.648222 -0.388171 -3264.246942 0
6 9000.000000 7740.562782 3296.841509 8413.410493 0.402648 1996.541544 1
7 10500.000000 6884.725802 3275.015516 7623.986884 0.444014 2113.937917 1
8 12000.000000 7564.750934 4161.756318 8633.983573 0.502959 2878.524305 1
9 13500.000000 7371.238654 3711.517501 8252.909878 0.466454 2465.671580 1
10 15000.000000 5907.741194 -2445.019014 6393.709721 -0.392403 -3371.624326 0
11 16500.000000 7607.625275 3228.708182 8264.412795 0.401366 1950.892462 1
12 18000.000000 4789.203921 -1376.407084 4983.068397 -0.279856 -2135.608416 0
13 19500.000000 7433.200720 3975.504051 8429.537675 0.491122 2716.097854 1
14 21000.000000 4930.502629 -1315.017364 5102.854774 -0.260643 -2097.970812 0
15 22500.000000 5959.179250 4272.234428 7332.380537 0.621989 3248.178518 1
16 24000.000000 4312.914532 -4953.226019 6567.775861 -0.854391 -5587.664229 0
17 25500.000000 4657.878820 -4679.117544 6602.270525 -0.787673 -5373.191643 0
18 27000.000000 4230.207293 -4450.108879 6139.879704 -0.810726 -5077.794304 0
19 28500.000000 4259.479091 -759.717600 4326.700008 -0.176503 -1441.105725 0
20 30000.000000 6326.165743 3944.219734 7455.014575 0.557503 2864.939751 1
21 31500.000000 4957.414574 4442.437556 6656.666636 0.730667 3578.746128 1
22 33000.000000 5156.464260 4428.683788 6797.232066 0.709616 3532.861934 1
23 34500.000000 5979.405132 3978.781431 7182.199344 0.587135 2955.334619 1
24 36000.000000 5068.871843 -1433.345677 5267.631498 -0.275579 -2237.191828 0
25 37500.000000 6594.582424 4151.437996 7792.493490 0.561845 3025.835789 1
26 39000.000000 3698.961498 -838.389779 3792.784410 -0.222890 -1427.742373 0
27 40500.000000 5936.555927 4552.056542 7480.903356 0.654157 3527.961531 1
28 42000.000000 5211.697776 4335.017096 6778.950283 0.693824 3431.471306 1
29 43500.000000 6161.916840 3834.747172 7257.720373 0.556677 2783.582731 1
30 45000.000000 7051.467953 3826.680959 8022.885233 0.497205 2631.217650 1
0 0.000000 5801.068292 -4692.743372 7461.516848 -0.680171 -5854.715118 0
1 1500.000000 6408.228088 -1126.809551 6506.541861 -0.174059 -2509.933496 0
2 3000.000000 5977.992197 4310.193933 7369.814274 0.624688 2888.395449 1
3 4500.000000 6201.603965 4326.084432 7561.408483 0.609097 2854.668049 1
4 6000.000000 6657.000793 3778.568540 7654.622118 0.516261 2220.329410 1
5 7500.000000 5890.514540 -2113.730537 6258.275987 -0.344525 -3358.667039 0
6 9000.000000 7460.047407 3695.902522 8325.383040 0.459982 1962.901105 1
7 10500.000000 6549.512053 3560.781306 7454.882403 0.497971 2031.548947 1
8 12000.000000 7126.615052 4366.668217 8358.016118 0.549725 2690.615319 1
9 13500.000000 7075.908357 4026.637727 8141.393644 0.517361 2370.090156 1
10 15000.000000 6041.892257 -2205.751883 6431.936210 -0.350042 -3481.756491 0
11 16500.000000 7365.727536 3571.206331 8185.808256 0.451447 1862.028680 1
12 18000.000000 4895.462634 -1126.508885 5023.402898 -0.226176 -2176.605471 0
13 19500.000000 7099.289500 4359.573255 8331.013766 0.550712 2689.710133 1
14 21000.000000 5041.240031 -1084.211466 5156.511956 -0.211842 -2167.438610 0
15 22500.000000 5701.856216 4620.656348 7339.048262 0.681037 3252.032246 1
16 24000.000000 4652.941543 -4727.767788 6633.374198 -0.793375 -5636.120585 0
17 25500.000000 5026.820445 -4380.904721 6667.926961 -0.716848 -5380.076713 0
18 27000.000000 4626.851569 -4165.755733 6225.855465 -0.733005 -5082.153171 0
19 28500.000000 4425.294689 -455.388897 4448.664084 -0.102545 -1418.443369 0
20 30000.000000 6042.969204 4306.155179 7420.272854 0.619125 2870.151119 1
21 31500.000000 4724.807573 4790.269573 6728.334800 0.792278 3632.581085 1
22 33000.000000 4857.514775 4756.546251 6798.542640 0.774896 3570.469687 1
23 34500.000000 5747.950590 4399.593439 7238.463816 0.653297 3026.245210 1
24 36000.000000 5219.915246 -1118.703173 5338.446587 -0.211121 -2240.419382 0
25 37500.000000 6361.506292 4557.731173 7825.706086 0.621684 3045.429159 1
26 39000.000000 3847.513435 -594.522156 3893.175597 -0.153309 -1426.964828 0
27 40500.000000 5623.175168 4945.721703 7488.675592 0.721387 3586.444089 1
28 42000.000000 4897.037147 4622.491474 6734.122085 0.756566 3431.002960 1
29 43500.000000 5808.631071 4175.486001 7153.661878 0.623260 2794.277213 1
30 45000.000000 6714.653546 4184.017641 7911.546995 0.557244 2603.139039 1
0 0.000000 6115.547164 -4451.984227 7564.395592 -0.629257 -6005.633398 0
1 1500.000000 6505.513824 -802.797771 6554.860362 -0.122782 -2617.500561 0
2 3000.000000 5635.089400 4638.286654 7298.488586 0.688673 2846.721047 1
3 4500.000000 5786.283408 4588.853209 7385.028738 0.670493 2756.379765 1
4 6000.000000 6316.968722 4079.858713 7519.929584 0.573457 2117.617178 1
5 7500.000000 5988.306525 -1835.121444 6263.184952 -0.297364 -3460.405396 0
6 9000.000000 7103.036415 4131.708987 8217.307678 0.526842 1944.064622 1
7 10500.000000 6152.805951 3876.283162 7272.041819 0.562189 1969.053123 1
8 12000.000000 6838.104624 4754.081450 8328.323078 0.607520 2616.053556 1
9 13500.000000 6716.510858 4390.883261 8024.423587 0.579003 2302.349988 1
10 15000.000000 6158.146371 -1908.172461 6447.006194 -0.300479 -3578.687555 0
11 16500.000000 7056.015981 3979.072596 8100.640731 0.513472 1811.069783 1
12 18000.000000 4997.595451 -818.835749 5064.232645 -0.162403 -2204.582853 0
13 19500.000000 6687.873039 4794.608060 8228.967871 0.621986 2697.581473 1
14 21000.000000 5150.168534 -782.243169 5209.236057 -0.150735 -2212.832777 0
15 22500.000000 5405.087937 5012.290821 7371.433706 0.747710 3270.649403 1
16 24000.000000 5024.171136 -4424.221073 6694.477404 -0.721986 -5669.029329 0
17 25500.000000 5504.059602 -4108.052773 6868.097967 -0.641172 -5502.185438 0
18 27000.000000 5020.094283 -3829.876288 6314.214044 -0.651712 -5098.004578 0
19 28500.000000 4580.769645 -104.287789 4581.956622 -0.022763 -1401.072086 0
20 30000.000000 5691.174147 4710.366945 7387.626137 0.691382 2899.902933 1
21 31500.000000 4475.163132 5149.105953 6822.050804 0.855309 3665.957054 1
22 33000.000000 4600.860476 5169.834121 6920.628726 0.843565 3650.129628 1
23 34500.000000 5480.977801 4842.201848 7313.551558 0.723599 3086.010461 1
24 36000.000000 5399.288833 -767.031085 5453.499481 -0.141117 -2269.005023 0
25 37500.000000 6063.353994 4986.597368 7850.504122 0.688260 3059.046339 1
26 39000.000000 3969.742479 -289.708079 3980.299753 -0.072850 -1405.305379 0
27 40500.000000 5242.994805 5374.930213 7508.586373 0.797823 3664.392987 1
28 42000.000000 4534.295842 4934.888262 6701.713284 0.827678 3443.766375 1
29 43500.000000 5409.375143 4533.062117 7057.619400 0.697487 2809.939951 1
30 45000.000000 6341.243933 4585.040012 7825.213513 0.626029 2595.097768 1
0 0.000000 6463.699802 -4126.070583 7668.368378 -0.568138 -6118.727720 0
1 1500.000000 6573.902703 -426.050443 6587.694265 -0.064719 -2688.688297 0
2 3000.000000 5236.507210 4969.893978 7219.477399 0.759282 2835.232717 1
3 4500.000000 5340.760786 4864.671955 7224.178777 0.738781 2700.291652 1
4 6000.000000 5924.097305 4425.993147 7394.886356 0.641653 2085.929972 1
5 7500.000000 6077.000689 -1509.264130 6261.614455 -0.243431 -3531.056047 0
6 9000.000000 6283.525237 4303.791385 7616.121696 0.600542 1846.209686 1
7 10500.000000 5706.714165 4174.972676 7070.854503 0.631614 1926.324033 1
8 12000.000000 6388.035800 5102.117567 8175.488062 0.673947 2558.169557 1
9 13500.000000 6312.851282 4765.580112 7909.667826 0.646631 2268.880108 1
10 15000.000000 6239.587148 -1594.325117 6440.055928 -0.250165 -3667.411998 0
11 16500.000000 6705.620298 4372.021980 8004.993428 0.577775 1763.178303 1
12 18000.000000 5038.696176 -525.005596 5065.973749 -0.103820 -2246.826516 0
13 19500.000000 6229.380848 5214.872263 8124.043234 0.696981 2719.116609 1
14 21000.000000 5220.171151 -465.497023 5240.884880 -0.088938 -2254.240034 0
15 22500.000000 5040.672233 5383.391757 7374.909042 0.818264 3291.045413 1
16 24000.000000 5357.960835 -4108.822301 6752.048950 -0.654206 -5717.494763 0
17 25500.000000 5851.461892 -3746.647119 6948.163132 -0.569521 -5549.847617 0
18 27000.000000 5376.762096 -3460.292357 6393.996703 -0.571838 -5116.107058 0
19 28500.000000 4689.733885 237.453767 4695.741497 0.050589 -1410.570249 0
20 30000.000000 5308.631641 5081.523283 7348.703883 0.763544 2914.757835 1
21 31500.000000 4159.747276 5490.821305 6888.585922 0.922460 3698.525126 1
22 33000.000000 4286.160522 5541.632654 7005.773654 0.912457 3702.133575 1
23 34500.000000 5180.875486 5244.066533 7371.682617 0.791460 3111.616670 1
24 36000.000000 5512.210784 -402.571982 5526.891706 -0.072903 -2296.954155 0
25 37500.000000 5728.027302 5404.801404 7875.415862 0.756373 3071.749272 1
26 39000.000000 4068.969529 -8.366396 4068.978130 -0.002056 -1424.827263 0
27 40500.000000 4845.674124 5751.291087 7520.499111 0.870651 3703.822472 1
28 42000.000000 4151.832436 5228.533907 6676.472077 0.899680 3455.411936 1
29 43500.000000 5001.413590 4855.911333 6970.940595 0.770638 2810.254223 1
30 45000.000000 5966.658766 4954.120422 7755.277299 0.692946 2566.177345 1
0 0.000000 6784.711494 -3793.065757 7773.008291 -0.509773 -6276.748693 0
1 1500.000000 6639.539417 -44.176950 6639.686384 -0.006654 -2808.816945 0
2 3000.000000 4817.346068 5281.700807 7148.649282 0.831346 2791.764743 1
3 4500.000000 4893.611648 5121.761566 7083.775583 0.808174 2614.592193 1
4 6000.000000 5531.024199 4751.246481 7291.541114 0.709706 2012.029270 1
5 7500.000000 6166.080553 -1133.004453 6269.310048 -0.181721 -3601.030463 0
6 9000.000000 5880.920917 4724.609586 7543.683886 0.676798 1841.913101 1
7 10500.000000 5267.200324 4500.909741 6928.317816 0.707110 1894.509782 1
8 12000.000000 5938.988669 5440.035575 8053.916654 0.741578 2467.955553 1
9 13500.000000 5895.029020 5161.701214 7835.465945 0.719171 2233.306206 1
10 15000.000000 6334.147383 -1201.014797 6447.003925 -0.187385 -3732.928884 0
11 16500.000000 6315.256900 4794.830006 7929.241105 0.649392 1724.620462 1
12 18000.000000 5063.002571 -172.581344 5065.943086 -0.034074 -2268.114524 0
13 19500.000000 5706.262690 5628.017724 8014.737512 0.778495 2735.859957 1
14 21000.000000 5282.117763 -102.669090 5283.115464 -0.019435 -2295.940959 0
15 22500.000000 4607.389310 5796.595300 7404.630533 0.899207 3347.307749 1
16 24000.000000 5688.255278 -3689.412729 6779.971563 -0.575392 -5725.319299 0
17 25500.000000 6112.412383 -3253.873706 6924.541807 -0.489183 -5506.326333 0
18 27000.000000 5736.631924 -3002.734144 6474.979395 -0.482217 -5121.364439 0
19 28500.000000 4761.832260 620.780878 4802.126130 0.129635 -1421.434210 0
20 30000.000000 4843.710118 5462.597444 7300.787528 0.845376 2945.189452 1
21 31500.000000 3768.001826 5820.177676 6933.419499 0.996249 3718.763537 1
22 33000.000000 3892.167807 5928.649732 7092.098271 0.989864 3765.577901 1
23 34500.000000 4809.631175 5666.163359 7432.224381 0.866980 3144.422964 1
24 36000.000000 5563.181134 29.350051 5563.258555 0.005276 -2293.150107 0
25 37500.000000 5302.331792 5845.383274 7891.972381 0.834074 3101.863010 1
26 39000.000000 4122.788832 346.536926 4137.327108 0.083857 -1404.217947 0
27 40500.000000 4360.501100 6118.189303 7513.069292 0.951590 3742.558652 1
28 42000.000000 3709.057165 5520.913727 6651.134748 0.979235 3471.339813 1
29 43500.000000 4536.560231 5182.952872 6887.915447 0.851805 2819.098631 1
30 45000.000000 5532.929640 5313.805644 7671.364991 0.765199 2522.549303 1
0 0.000000 7053.522421 -3393.788698 7827.514310 -0.448453 -6326.341527 0
1 1500.000000 6635.249948 376.067679 6645.898643 0.056617 -2806.984766 0
2 3000.000000 4363.724055 5564.435964 7071.423847 0.905754 2838.734558 1
3 4500.000000 4423.085215 5351.675055 6942.917882 0.880113 2623.199887 1
4 6000.000000 5090.201997 5049.013604 7169.567264 0.781336 2041.001041 1
5 7500.000000 6208.530455 -765.668040 6255.565358 -0.122706 -3611.109600 0
6 9000.000000 5443.757489 5109.416203 7465.964743 0.753727 1926.996186 1
7 10500.000000 4824.232921 4756.090175 6774.482787 0.778286 1908.711342 1
8 12000.000000 5480.347923 5737.750842 7934.481589 0.808339 2463.299120 1
9 13500.000000 5466.891838 5464.253926 7729.487521 0.785157 2228.692491 1
10 15000.000000 6367.070601 -863.501055 6425.357742 -0.134797 -3772.293767 0
11 16500.000000 5944.647303 5117.485172 7843.945821 0.710763 1697.195605 1
12 18000.000000 5066.470638 110.744199 5067.680831 0.021855 -2298.756083 0
13 19500.000000 5245.687765 5927.744691 7915.516234 0.846365 2741.686918 1
14 21000.000000 5268.551834 186.749665 5271.860569 0.035431 -2327.369623 0
15 22500.000000 4219.073563 6074.751324 7396.160178 0.963754 3356.776754 1
16 24000.000000 5902.880901 -3343.761852 6784.154056 -0.515395 -5738.035863 0
17 25500.000000 6348.245267 -2879.956209 6970.965911 -0.425895 -5540.036314 0
18 27000.000000 5970.144153 -2639.669155 6527.669910 -0.416303 -5149.492034 0
19 28500.000000 4782.876519 930.799144 4872.606576 0.192208 -1442.093043 0
20 30000.000000 4443.878903 5696.891977 7225.139300 0.908337 2917.526635 1
21 31500.000000 3445.287278 6057.089089 6968.380921 1.053632 3707.199025 1
22 33000.000000 3575.275619 6193.160903 7151.072488 1.047240 3765.606738 1
23 34500.000000 4505.049052 5952.011547 7464.710873 0.922897 3113.373750 1
24 36000.000000 5611.213388 348.462481 5622.022927 0.062021 -2346.960070 0
25 37500.000000 4965.007748 6139.737912 7896.054937 0.890793 3061.224183 1
26 39000.000000 4130.843043 597.536457 4173.836852 0.143656 -1427.324592 0
27 40500.000000 3969.207808 6367.864018 7503.619311 1.013407 3733.211817 1
28 42000.000000 3358.257935 5687.629730 6605.075950 1.037429 3422.840911 1
29 43500.000000 4155.288465 5386.046999 6802.640994 0.913682 2780.146132 1
30 45000.000000 5147.940894 5555.466025 7573.935450 0.823454 2459.913942 1
0 0.000000 7173.695381 -3090.183243 7810.962674 -0.406744 -6412.221963 0
1 1500.000000 6576.234893 708.418824 6614.281714 0.107310 -2870.885258 0
2 3000.000000 3970.209490 5727.748802 6969.194339 0.964680 2767.715250 1
3 4500.000000 4002.111406 5469.517623 6777.353372 0.939103 2531.574319 1
4 6000.000000 4676.821408 5234.941008 7019.776765 0.841648 1976.095429 1
5 7500.000000 6162.901727 -474.544693 6181.144745 -0.076849 -3657.228876 0
6 9000.000000 5052.252100 5396.964534 7392.731394 0.818376 1915.448359 1
7 10500.000000 4399.875205 4945.484601 6619.419895 0.843715 1876.520336 1
8 12000.000000 5017.171846 5902.537221 7746.738603 0.866301 2363.315384 1
9 13500.000000 5035.496097 5699.709333 7605.452480 0.847192 2181.393638 1
10 15000.000000 6342.996698 -552.685779 6367.029817 -0.086914 -3818.684658 0
11 16500.000000 5562.067892 5398.829671 7751.384461 0.770506 1647.831085 1
12 18000.000000 5020.946709 420.517748 5038.525680 0.083558 -2294.128701 0
13 19500.000000 4768.086784 6195.193408 7817.612995 0.914842 2743.371345 1
14 21000.000000 5223.955713 491.274593 5247.005243 0.093767 -2341.236542 0
15 22500.000000 3807.229349 6360.469936 7412.865379 1.031424 3391.095286 1
16 24000.000000 6115.394333 -2937.268208 6784.216416 -0.447770 -5723.541919 0
17 25500.000000 6575.070121 -2459.712230 7020.094825 -0.357979 -5560.716391 0
18 27000.000000 6207.917096 -2226.698631 6595.181685 -0.344393 -5168.966062 0
19 28500.000000 4793.925694 1265.851788 4958.236008 0.258161 -1456.377237 0
20 30000.000000 3908.167826 5846.279846 7032.265908 0.981534 2901.134648 1
21 31500.000000 3055.141835 6284.901896 6988.124461 1.118324 3724.050679 1
22 33000.000000 3200.762801 6472.763176 7220.910305 1.111561 3806.693446 1
23 34500.000000 4132.134997 6280.256435 7517.723094 0.988848 3151.414286 1
24 36000.000000 5620.581265 766.918783 5672.662354 0.135611 -2316.586113 0
25 37500.000000 4537.422399 6473.862543 7905.637119 0.959478 3101.822412 1
26 39000.000000 4130.957715 921.631613 4232.518927 0.219509 -1398.625451 0
27 40500.000000 3501.763212 6608.549827 7478.988997 1.083529 3763.067330 1
28 42000.000000 2946.289934 5913.190855 6606.546031 1.108544 3465.863278 1
29 43500.000000 3722.230652 5620.622077 6741.394037 0.985861 2807.682692 1
30 45000.000000 4711.581003 5842.526357 7505.605224 0.892148 2473.715870 1
0 0.000000 7383.746716 -2656.221694 7846.988547 -0.345325 -6467.231031 0
1 1500.000000 6525.032134 1105.891820 6618.084395 0.167889 -2911.469602 0
2 3000.000000 3525.671107 5924.598225 6894.289005 1.033995 2751.851381 1
3 4500.000000 3540.545936 5614.228705 6637.396288 1.008153 2491.179976 1
4 6000.000000 4226.414363 5470.533304 6912.981484 0.913001 1974.101929 1
5 7500.000000 6129.152372 -108.033320 6130.104403 -0.017624 -3665.933172 0
6 9000.000000 4606.442842 5704.505121 7332.168460 0.891493 1942.200441 1
7 10500.000000 3958.029740 5148.361919 6493.968730 0.915375 1869.216549 1
8 12000.000000 4552.407447 6112.931205 7621.833210 0.930685 2305.345551 1
9 13500.000000 4575.640169 5947.579242 7504.011047 0.915040 2157.533790 1
10 15000.000000 6322.205626 -197.445078 6325.288020 -0.031220 -3851.231313 0
11 16500.000000 5134.525951 5652.456521 7636.335605 0.833376 1591.645607 1
12 18000.000000 4992.393333 707.996837 5042.345755 0.140876 -2339.758393 0
13 19500.000000 4273.578828 6438.357994 7727.608275 0.984803 2732.339060 1
14 21000.000000 5167.432267 782.222814 5226.301633 0.150235 -2381.683069 0
15 22500.000000 3377.835123 6592.689296 7407.652953 1.097309 3380.578292 1
16 24000.000000 6308.541193 -2534.264928 6798.543279 -0.381988 -5740.506058 0
17 25500.000000 6786.981301 -2022.691345 7081.976804 -0.289644 -5604.477158 0
18 27000.000000 6424.914207 -1803.394229 6673.211618 -0.273646 -5215.054862 0
19 28500.000000 4773.985383 1604.447120 5036.386303 0.324222 -1484.427634 0
20 30000.000000 3453.786581 6047.894085 6964.600822 1.051919 2893.921108 1
21 31500.000000 2657.049438 6504.729185 7026.479452 1.183001 3729.961235 1
22 33000.000000 2806.864408 6741.581508 7302.561813 1.176274 3834.797900 1
23 34500.000000 3737.618704 6578.825604 7566.421869 1.054141 3159.279467 1
24 36000.000000 5591.733012 1159.570586 5710.698909 0.204474 -2323.024661 0
25 37500.000000 4086.174228 6772.945195 7910.095223 1.027948 3113.396186 1
26 39000.000000 4095.356757 1247.720027 4281.209203 0.295733 -1377.866675 0
27 40500.000000 2977.023139 6837.098747 7457.116470 1.160131 3813.008572 1
28 42000.000000 2507.495112 6077.582501 6574.537307 1.179492 3470.473386 1
29 43500.000000 3268.249859 5851.233519 6702.118384 1.061407 2842.570414 1
30 45000.000000 4246.201375 6117.742604 7446.945729 0.964055 2488.016121 1
0 0.000000 7552.608357 -2181.771816 7861.426159 -0.281221 -6512.875758 0
1 1500.000000 6430.036164 1523.258006 6608.001212 0.232609 -2948.533105 0
2 3000.000000 3060.972158 6070.967565 6798.985051 1.103796 2701.808967 1
3 4500.000000 3060.373079 5753.625582 6516.908065 1.081953 2458.483636 1
4 6000.000000 3714.903582 5675.754024 6783.413032 0.991249 1979.462913 1
5 7500.000000 6086.544204 283.571227 6093.146394 0.046556 -3680.573167 0
6 9000.000000 4101.164922 6010.294183 7276.207108 0.972010 1988.984586 1
7 10500.000000 3458.731594 5340.045367 6362.303731 0.996042 1885.723442 1
8 12000.000000 4030.080119 6292.063025 7472.054796 1.001127 2250.903355 1
9 13500.000000 4050.180481 6190.151806 7397.428020 0.991408 2159.764622 1
10 15000.000000 6281.179564 186.077060 6283.935184 0.029616 -3880.106988 0
11 16500.000000 4669.323021 5898.070622 7522.620191 0.901156 1538.902894 1
12 18000.000000 4936.580539 1029.957078 5042.880030 0.205687 -2370.835631 0
13 19500.000000 3731.095027 6651.605062 7626.592948 1.059599 2718.516564 1
14 21000.000000 5100.534866 1098.592087 5217.505198 0.212147 -2423.136499 0
15 22500.000000 3078.533846 7239.242931 7866.638981 1.168709 3587.761053 1
16 24000.000000 6486.956618 -2054.237296 6804.446858 -0.306681 -5732.397926 0
17 25500.000000 6957.698010 -1535.453623 7125.109082 -0.217203 -5635.491118 0
18 27000.000000 6075.265629 -1220.477284 6196.645646 -0.198254 -4828.413107 0
19 28500.000000 4723.823858 1956.659522 5113.025359 0.392697 -1522.888509 0
20 30000.000000 2939.673785 6257.260174 6913.391848 1.131598 2922.565978 1
21 31500.000000 2190.971967 6674.603255 7025.004396 1.253623 3722.605973 1
22 33000.000000 2350.555680 6957.603577 7343.933520 1.244995 3837.730492 1
23 34500.000000 3278.413283 6832.309139 7578.155569 1.123407 3147.228211 1
24 36000.000000 5517.853973 1545.000712 5730.073269 0.273009 -2347.595303 0
25 37500.000000 3589.706573 7025.630554 7889.580342 1.098432 3096.314162 1
26 39000.000000 4032.485761 1554.903203 4321.882157 0.368026 -1388.632717 0
27 40500.000000 2439.888360 7017.236286 7429.310891 1.236173 3826.310263 1
28 42000.000000 2008.806667 6211.976498 6528.702492 1.258034 3483.996985 1
29 43500.000000 2770.180109 6027.882052 6633.947532 1.140020 2854.968878 1
30 45000.000000 3715.844939 6312.259976 7324.761403 1.038749 2467.677284 1
0 0.000000 7668.794945 -1733.803539 7862.346381 -0.222347 -6570.539449 0
1 1500.000000 6307.020364 1896.453882 6585.973216 0.292089 -3011.809145 0
2 3000.000000 2563.704882 6187.851623 6697.916872 1.178013 2675.744291 1
3 4500.000000 2530.424184 5836.053100 6361.018970 1.161677 2445.561197 1
4 6000.000000 3182.762341 5812.080112 6626.481068 1.069789 1975.568015 1
5 7500.000000 5967.297765 628.920327 6000.348606 0.105007 -3688.607950 0
6 9000.000000 3578.316988 6266.750124 7216.405586 1.051973 2028.390152 1
7 10500.000000 2948.996725 5474.193401 6217.988025 1.076663 1894.540748 1
8 12000.000000 3474.279872 6413.732853 7294.284732 1.074353 2206.415169 1
9 13500.000000 3518.716724 6352.362740 7261.809675 1.064947 2131.391294 1
10 15000.000000 6202.606084 536.436345 6225.759888 0.086271 -3918.500529 0
11 16500.000000 4165.763255 6095.226128 7382.774889 0.971266 1497.202376 1
12 18000.000000 4850.485332 1338.303975 5031.725896 0.269213 -2402.794371 0
13 19500.000000 3159.249847 6829.923113 7525.204936 1.137547 2724.691144 1
14 21000.000000 4998.194305 1380.745676 5185.403064 0.269527 -2474.750597 0
15 22500.000000 2558.914498 7439.184208 7866.988311 1.239497 3579.976851 1
16 24000.000000 6621.548926 -1591.434255 6810.108162 -0.235868 -5741.233130 0
17 25500.000000 7122.310785 -1024.609412 7195.633076 -0.142879 -5680.679701 0
18 27000.000000 6221.730805 -736.452087 6265.165272 -0.117820 -4848.200682 0
19 28500.000000 4665.163745 2311.111233 5206.245087 0.459959 -1573.796899 0
20 30000.000000 2427.462313 6413.068157 6857.114296 1.208945 2932.445552 1
21 31500.000000 1692.772943 6834.168718 7040.691891 1.327991 3745.507363 1
22 33000.000000 1860.298296 7145.782337 7383.963364 1.316114 3853.590939 1
23 34500.000000 2802.212025 7083.149582 7617.309251 1.194074 3154.794013 1
24 36000.000000 5448.898054 1953.952866 5788.645939 0.344312 -2374.860973 0
25 37500.000000 3079.123512 7270.873288 7895.986321 1.170208 3097.766140 1
26 39000.000000 3963.576010 1881.023899 4387.275430 0.443104 -1396.528425 0
27 40500.000000 1867.641944 7181.105208 7419.997200 1.316356 3873.925337 1
28 42000.000000 1513.700552 6303.333863 6482.538635 1.335116 3487.607360 1
29 43500.000000 2261.990498 6172.062019 6573.503676 1.219508 2873.771267 1
30 45000.000000 3195.268294 6502.330662 7245.001277 1.114050 2463.840658 1
0 0.000000 7807.868138 -1233.157583 7904.649422 -0.156644 -6637.348298 0
1 1500.000000 6188.450994 2305.460247 6603.943720 0.356614 -3069.632003 0
2 3000.000000 2063.397393 6259.501662 6590.824672 1.252371 2641.228148 1
3 4500.000000 2051.513431 5890.815083 6237.820910 1.235676 2404.005123 1
4 6000.000000 2657.468730 5931.179175 6499.309691 1.149565 1979.707367 1
5 7500.000000 5868.150525 991.584507 5951.338541 0.167396 -3708.033979 0
6 9000.000000 3053.000741 6477.497360 7160.920721 1.130351 2049.795167 1
7 10500.000000 2402.033050 5567.759569 6063.803211 1.163502 1927.365840 1
8 12000.000000 2922.443270 6521.550792 7146.418641 1.149506 2176.420274 1
9 13500.000000 2986.186428 6491.682928 7145.576017 1.139656 2109.017800 1
10 15000.000000 6118.605278 888.295732 6182.750185 0.144172 -3963.478718 0
11 16500.000000 3647.279329 6264.010565 7248.480866 1.043523 1464.764899 1
12 18000.000000 4759.060375 1632.650705 5031.322289 0.330480 -2454.258373 0
13 19500.000000 2571.134940 6948.956076 7409.367410 1.216414 2723.293110 1
14 21000.000000 4874.583882 1648.629942 5145.828282 0.326133 -2529.620471 0
15 22500.000000 2004.508914 7583.241215 7843.698318 1.312373 3568.584951 1
16 24000.000000 6752.130051 -1147.047300 6848.866894 -0.168273 -5793.697007 0
17 25500.000000 7219.883625 -496.425603 7236.930146 -0.068650 -5707.775238 0
18 27000.000000 6329.998941 -247.616656 6334.840219 -0.039098 -4879.040287 0
19 28500.000000 4567.859044 2639.195261 5275.479871 0.523917 -1640.077513 0
20 30000.000000 1886.944167 6516.409056 6784.109763 1.288937 2944.095776 1
21 31500.000000 1183.899693 6922.228762 7022.739459 1.401407 3738.489818 1
22 33000.000000 1363.032409 7286.458569 7412.849373 1.385870 3848.192783 1
23 34500.000000 2318.187724 7263.663882 7624.618503 1.261866 3121.701435 1
24 36000.000000 5296.848127 2327.020489 5785.466657 0.413938 -2391.290292 0
25 37500.000000 2522.271656 7468.168119 7882.600419 1.245088 3106.218204 1
26 39000.000000 3850.200376 2193.372288 4431.131337 0.517825 -1403.213017 0
27 40500.000000 1260.975217 7312.916749 7420.836198 1.400044 3941.850920 1
28 42000.000000 978.144796 6350.163160 6425.055595 1.417963 3509.895691 1
29 43500.000000 1716.779973 6281.730783 6512.102203 1.304014 2914.180852 1
30 45000.000000 2607.562990 6616.891487 7112.147193 1.195407 2474.536113 1
0 0.000000 7867.345731 -710.557484 7899.368379 -0.090073 -6705.074253 0
1 1500.000000 5984.344978 2703.859020 6566.828643 0.424368 -3144.224919 0
2 3000.000000 1532.412895 6340.871558 6523.414857 1.333671 2600.357094 1
3 4500.000000 1507.843533 5908.429537 6097.797284 1.320928 2359.237825 1
4 6000.000000 2078.685748 6005.479304 6355.054375 1.237572 1962.323777 1
5 7500.000000 5717.478099 1370.249760 5879.382639 0.235223 -3735.353281 0
6 9000.000000 2448.904287 6682.018096 7116.635303 1.219506 2074.846325 1
7 10500.000000 1809.248107 5718.561920 5997.943743 1.264379 2004.301169 1
8 12000.000000 2314.421959 6584.613563 6979.518950 1.232795 2123.412584 1
9 13500.000000 2379.508574 6587.045487 7003.658280 1.224143 2072.951807 1
10 15000.000000 5988.990547 1295.002899 6127.400777 0.212952 -3997.336271 0
11 16500.000000 3033.171692 6388.068853 7071.601954 1.127496 1431.486594 1
12 18000.000000 4642.412229 1950.430647 5035.491140 0.397741 -2527.857590 0
13 19500.000000 1883.217371 7034.549456 7282.265699 1.309220 2738.701685 1
14 21000.000000 4746.421951 1931.306279 5124.301443 0.386438 -2622.368131 0
15 22500.000000 1346.337954 7713.615962 7830.229696 1.397997 3576.443386 1
16 24000.000000 6884.205749 -579.003335 6908.511682 -0.083909 -5841.397169 0
17 25500.000000 7274.733807 126.727190 7275.837528 0.017418 -5727.478019 0
18 27000.000000 6450.217271 321.268972 6458.213111 0.049766 -4952.377397 0
19 28500.000000 4428.212259 3009.209965 5353.915243 0.596872 -1718.623584 0
20 30000.000000 1237.814832 6563.042025 6678.750346 1.384382 2969.338941 1
21 31500.000000 559.251072 6978.264715 7000.638556 1.490825 3761.045850 1
22 33000.000000 715.012426 7390.602960 7425.109755 1.474350 3885.377701 1
23 34500.000000 1703.071227 7444.777452 7637.091260 1.345905 3129.752866 1
24 36000.000000 5109.319270 2762.835940 5808.477067 0.495709 -2410.559991 0
25 37500.000000 1855.182793 7629.911962 7852.213684 1.332279 3120.014518 1
26 39000.000000 3714.944630 2542.939353 4501.927827 0.600258 -1430.685330 0
27 40500.000000 554.435287 7359.839908 7380.693867 1.495606 3994.941176 1
28 42000.000000 389.394546 6360.415032 6372.323556 1.509651 3524.055642 1
29 43500.000000 1087.996191 6393.661135 6485.571557 1.402243 2986.745882 1
30 45000.000000 1963.656610 6751.369328 7031.140383 1.287752 2503.795713 1
0 0.000000 7969.193103 -48.837372 7969.342746 -0.006128 -6751.789383 0
1 1500.000000 5762.066339 3153.196252 6568.413438 0.500717 -3171.440888 0
2 3000.000000 968.849156 6363.375280 6436.708292 1.419703 2595.805195 1
3 4500.000000 956.176575 6038.639555 6113.872858 1.413757 2432.304314 1
4 6000.000000 1459.934415 6070.459072 6243.547216 1.334780 2024.227170 1
5 7500.000000 5568.354735 1789.773678 5848.919924 0.310989 -3739.330174 0
6 9000.000000 1797.362342 6843.115325 7075.220048 1.313945 2153.926251 1
7 10500.000000 1188.103087 5831.233983 5951.040137 1.369799 2125.312952 1
8 12000.000000 1641.254455 6630.691614 6830.796987 1.328149 2171.724251 1
9 13500.000000 1747.930788 6665.349217 6890.728715 1.314330 2100.286030 1
10 15000.000000 5824.645116 1705.516712 6069.207360 0.284848 -4000.823584 0
11 16500.000000 2425.113151 6478.816240 6917.820008 1.212627 1428.718027 1
12 18000.000000 4520.443788 2282.289755 5063.917314 0.467545 -2590.749643 0
13 19500.000000 1198.465878 7070.545884 7171.397323 1.402891 2781.363381 1
14 21000.000000 4585.466504 2212.812850 5091.467742 0.449607 -2682.894543 0
15 22500.000000 706.344621 7759.043149 7791.127858 1.480012 3566.014731 1
16 24000.000000 6969.975906 -19.970363 6970.004515 -0.002865 -5893.016171 0
17 25500.000000 7272.906904 727.240529 7309.175987 0.099662 -5747.852935 0
18 27000.000000 6494.545290 869.972374 6552.554498 0.133162 -5014.390772 0
19 28500.000000 4271.216465 3346.928941 5426.345310 0.664661 -1809.316978 0
20 30000.000000 668.322364 6591.167402 6624.963586 1.469745 2971.627514 1
21 31500.000000 20.441580 6988.406785 6988.436682 1.567871 3731.494361 1
22 33000.000000 170.405431 7422.985348 7424.941042 1.547844 3838.050708 1
23 34500.000000 1199.451642 7540.987148 7635.782305 1.413060 3032.887221 1
24 36000.000000 4881.428821 3136.520711 5802.250383 0.571114 -2437.172964 0
25 37500.000000 1271.313937 7730.680693 7834.517413 1.407805 3073.995202 1
26 39000.000000 3552.546400 2822.086819 4537.043083 0.671307 -1484.333834 0
27 40500.000000 -31.345293 7353.851867 7353.918670 1.575059 3971.233186 1
28 42000.000000 -67.183274 6316.723164 6317.080427 1.581432 3445.138345 1
29 43500.000000 569.195871 6399.215546 6424.480022 1.482082 2952.317714 1
30 45000.000000 1431.939577 6797.431889 6946.620131 1.363173 2437.818726 1
0 0.000000 7919.531128 457.953470 7932.760847 0.057762 -6715.460660 0
1 1500.000000 5499.455248 3476.224387 6506.008301 0.563691 -3139.318589 0
2 3000.000000 514.392578 6322.143501 6343.035407 1.489612 2600.239103 1
3 4500.000000 487.902855 5962.772294 5982.700279 1.489153 2450.024399 1
4 6000.000000 984.393793 6038.444584 6118.156923 1.409197 2051.680859 1
5 7500.000000 5370.319889 2068.848301 5755.038576 0.367716 -3705.348821 0
6 9000.000000 1294.831875 6907.644290 7027.954128 1.385498 2199.214826 1
7 10500.000000 707.326946 5847.942759 5890.564143 1.450428 2202.426800 1
8 12000.000000 1121.031465 6562.210053 6657.275143 1.401598 2184.749891 1
9 13500.000000 1286.142475 6643.142259 6766.498469 1.379558 2079.188960 1
10 15000.000000 5618.936007 1976.649495 5956.474215 0.338263 -3967.594166 0
11 16500.000000 1912.349499 6450.671177 6728.167599 1.282593 1437.837749 1
12 18000.000000 4339.088980 2486.406968 5000.991181 0.520349 -2600.633956 0
13 19500.000000 655.284661 7011.129323 7041.685336 1.477604 2809.309647 1
14 21000.000000 4413.045596 2380.232786 5014.028276 0.494640 -2716.644859 0
15 22500.000000 221.493529 7745.548556 7748.714850 1.542208 3543.649777 1
16 24000.000000 6958.122780 357.754923 6967.313772 0.051370 -5921.747016 0
17 25500.000000 7202.217697 1154.581431 7294.175624 0.158957 -5751.029330 0
18 27000.000000 6480.230671 1247.213072 6599.161310 0.190139 -5073.965631 0
19 28500.000000 4108.618688 3578.870316 5448.766857 0.716596 -1871.599880 0
20 30000.000000 219.346830 6524.825389 6528.511269 1.537192 2956.464678 1
21 31500.000000 -373.008701 6926.508261 6936.544686 1.624597 3669.122585 1
22 33000.000000 -237.411064 7366.835173 7370.659705 1.603012 3762.838907 1
23 34500.000000 805.466892 7579.060210 7621.740653 1.464918 2951.827677 1
24 36000.000000 4674.464889 3369.623461 5762.376617 0.624588 -2468.178321 0
25 37500.000000 790.001050 7742.240823 7782.441431 1.469110 3044.117203 1
26 39000.000000 3387.207608 3030.405405 4544.945797 0.729858 -1504.404586 0
27 40500.000000 -530.286744 7315.863839 7335.057446 1.643154 3994.762319 1
28 42000.000000 -443.365206 6238.455372 6254.190446 1.641747 3398.722517 1
29 43500.000000 123.084916 6363.261686 6364.451994 1.551456 2962.813944 1
30 45000.000000 1024.305062 7098.769308 7172.288795 1.427492 2528.388282 1
0 0.000000 7844.727723 905.187204 7896.778895 0.114880 -6716.795801 0
1 1500.000000 5239.537256 3738.783590 6436.711380 0.619776 -3154.493539 0
2 3000.000000 117.597483 6234.861455 6235.970376 1.551937 2542.675285 1
3 4500.000000 62.137151 5856.477047 5856.806675 1.560187 2432.108752 1
4 6000.000000 555.904572 6001.959586 6027.648693 1.478439 2046.942317 1
5 7500.000000 5182.185290 2334.050215 5683.558286 0.423186 -3699.433017 0
6 9000.000000 814.165894 6931.258182 6978.911526 1.453869 2208.002151 1
7 10500.000000 255.115815 5838.683921 5844.254787 1.527130 2249.855656 1
8 12000.000000 610.068748 6474.290253 6502.969949 1.476844 2198.599008 1
9 13500.000000 809.190455 6610.761632 6660.101992 1.448997 2076.330388 1
10 15000.000000 5408.566340 2242.636315 5855.083902 0.393067 -3943.204181 0
11 16500.000000 1432.027863 6399.286526 6557.558375 1.350644 1422.656282 1
12 18000.000000 4183.793876 2712.529237 4986.175494 0.575209 -2634.832236 0
13 19500.000000 113.421465 6936.682478 6937.609691 1.554447 2844.652287 1
14 21000.000000 4242.138854 2591.901269 4971.286981 0.548461 -2738.902344 0
15 22500.000000 -282.962795 7692.772686 7697.975028 1.607563 3524.732278 1
16 24000.000000 6816.632659 798.078347 6863.192395 0.116548 -5831.627335 0
17 25500.000000 7124.711706 1628.359950 7308.424798 0.224692 -5757.736071 0
18 27000.000000 6448.188646 1668.948929 6660.670187 0.253267 -5128.071089 0
19 28500.000000 3931.941071 3824.983585 5485.495421 0.771610 -1934.173091 0
20 30000.000000 -235.066910 6498.884325 6503.134161 1.606951 2974.103629 1
21 31500.000000 -784.993113 6876.349751 6921.011493 1.684463 3632.302845 1
22 33000.000000 -678.178989 7240.418620 7272.110322 1.664190 3690.299085 1
23 34500.000000 377.257731 7604.409991 7613.762192 1.521227 2889.526514 1
24 36000.000000 4446.641103 3624.192727 5736.496319 0.683845 -2485.416747 0
25 37500.000000 281.785954 7745.472573 7750.596668 1.534432 3035.887935 1
26 39000.000000 3201.522501 3265.948415 4573.419440 0.795359 -1510.493729 0
27 40500.000000 -1047.253364 7232.032000 7307.463750 1.714604 4020.838435 1
28 42000.000000 -857.825389 6145.326402 6204.909426 1.709490 3387.629443 1
29 43500.000000 -364.909413 6312.626743 6323.164973 1.628538 3012.503938 1
30 45000.000000 525.315086 7084.926255 7104.374426 1.496786 2534.774924 1
0 0.000000 7713.285495 1393.242518 7838.105501 0.178702 -6680.488525 0
1 1500.000000 4942.611987 4006.253967 6362.348945 0.681143 -3149.961197 0
2 3000.000000 -326.461640 6145.663467 6154.328286 1.623867 2536.328026 1
3 4500.000000 -394.616413 5735.275049 5748.834838 1.639493 2450.771519 1
4 6000.000000 96.190839 5935.627027 5936.406395 1.554592 2066.252329 1
5 7500.000000 4962.783983 2621.065456 5612.415611 0.485909 -3671.868746 0
6 9000.000000 305.294280 6925.111870 6931.838068 1.526740 2230.819010 1
7 10500.000000 -230.934532 5789.486724 5794.090721 1.610664 2317.958037 1
8 12000.000000 82.509457 6353.047907 6353.583676 1.557810 2230.610462 1
9 13500.000000 339.586064 6540.475725 6549.285564 1.518922 2059.165724 1
10 15000.000000 5160.990514 2508.026593 5738.119943 0.452351 -3897.596033 0
11 16500.000000 937.049317 6355.974917 6424.677312 1.424423 1435.492269 1
12 18000.000000 3984.546673 2932.403693 4947.282447 0.634444 -2647.356681 0
13 19500.000000 -429.728177 6843.339525 6856.818662 1.633509 2885.944577 1
14 21000.000000 4035.368736 2772.220622 4895.856208 0.601935 -2752.887943 0
15 22500.000000 -768.795939 7614.383327 7653.096148 1.671422 3481.906766 1
16 24000.000000 6769.950380 1238.786676 6882.355743 0.180981 -5857.675775 0
17 25500.000000 7003.935430 2078.441965 7305.821822 0.288476 -5770.710945 0
18 27000.000000 6377.160131 2081.306501 6708.204535 0.315469 -5185.699190 0
19 28500.000000 3740.623706 4052.307408 5514.840074 0.825373 -2013.332511 0
20 30000.000000 -666.732100 6410.027396 6444.608825 1.674438 2949.380010 1
21 31500.000000 -1201.451748 6778.907575 6884.553306 1.746209 3581.563045 1
22 33000.000000 -1111.358368 7145.957465 7231.861829 1.725083 3630.938234 1
23 34500.000000 -57.857847 7595.465773 7595.686133 1.578414 2812.649291 1
24 36000.000000 4192.344194 3892.960527 5721.091811 0.748387 -2492.080183 0
25 37500.000000 -210.316044 7703.673551 7706.543909 1.598090 2993.997812 1
26 39000.000000 3007.917986 3486.334278 4604.573521 0.858933 -1536.231621 0
27 40500.000000 -1551.623836 7134.650856 7301.423105 1.784939 4037.030266 1
28 42000.000000 -1264.420142 6031.826451 6162.928576 1.777429 3368.884475 1
29 43500.000000 -851.430517 6225.855420 6283.805346 1.706710 3054.571987 1
30 45000.000000 27.970526 7036.721252 7036.776842 1.566821 2529.741216 1
0 0.000000 7561.443010 1871.767325 7789.668370 0.242663 -6652.837911 0
1 1500.000000 4634.155426 4264.116437 6297.466594 0.743837 -3143.098518 0
2 3000.000000 -767.838972 6027.921200 6076.628233 1.697494 2539.198362 1
3 4500.000000 -818.253675 5584.395278 5644.024247 1.716286 2454.364109 1
4 6000.000000 -357.462257 5848.836748 5859.750043 1.631837 2094.012872 1
5 7500.000000 4708.607712 2894.041966 5526.885695 0.551106 -3624.759891 0
6 9000.000000 -208.636500 6987.855627 6990.969564 1.600644 2293.409752 1
7 10500.000000 -705.341415 5691.145769 5734.688019 1.694104 2378.637274 1
8 12000.000000 -437.322202 6214.381479 6229.750226 1.641053 2279.760766 1
9 13500.000000 -135.437632 6455.272319 6456.692966 1.591774 2063.952766 1
10 15000.000000 4877.021051 2751.478868 5599.640194 0.513659 -3828.159354 0
11 16500.000000 446.259303 6262.400293 6278.280401 1.499656 1451.190508 1
12 18000.000000 3764.888839 3133.812127 4898.486135 0.694174 -2652.562204 0
13 19500.000000 -964.859456 6690.900697 6760.111383 1.714014 2925.866420 1
14 21000.000000 3789.589594 2966.464507 4812.577372 0.664161 -2726.284013 0
15 22500.000000 -1245.780510 7459.173638 7562.489038 1.736282 3424.136055 1
16 24000.000000 6665.857473 1687.388827 6876.113503 0.247931 -5853.684491 0
17 25500.000000 6832.046004 2506.106090 7277.184918 0.351577 -5766.851367 0
18 27000.000000 6253.524154 2495.889946 6733.203618 0.379745 -5217.986784 0
19 28500.000000 3523.049391 4252.582878 5522.348970 0.878947 -2086.528128 0
20 30000.000000 -1103.957726 6275.479092 6371.841217 1.744931 2934.062128 1
21 31500.000000 -1589.352576 6651.340538 6838.594341 1.805350 3509.794079 1
22 33000.000000 -1508.872069 7011.165005 7171.689456 1.782773 3540.858115 1
23 34500.000000 -461.331638 7536.547023 7550.653476 1.631933 2698.939187 1
24 36000.000000 3922.120197 4104.118130 5676.866430 0.808070 -2511.750273 0
25 37500.000000 -680.951718 7609.164354 7639.573117 1.660050 2930.227567 1
26 39000.000000 2779.051228 3677.580867 4609.525655 0.923674 -1549.069120 0
27 40500.000000 -2036.764341 7001.171770 7291.420652 1.853900 4041.487430 1
28 42000.000000 -1628.321577 5866.665667 6088.447849 1.841536 3311.792872 1
29 43500.000000 -1294.919376 6085.440585 6221.688139 1.780459 3059.287670 1
30 45000.000000 -445.377346 6942.868338 6957.138905 1.634857 2505.783979 1
0 0.000000 7354.707348 2291.182124 7703.326275 0.301997 -6623.014400 0
1 1500.000000 4291.573758 4450.734616 6182.769925 0.803602 -3142.626640 0
2 3000.000000 -1187.292896 5852.239151 5971.462760 1.770958 2511.890058 1
3 4500.000000 -1252.075597 5378.801891 5522.608359 1.799503 2465.131674 1
4 6000.000000 -804.589432 5721.161041 5777.460326 1.710514 2109.223442 1
5 7500.000000 4426.720086 3099.696901 5404.069911 0.610876 -3587.353969 0
6 9000.000000 -720.031401 6862.505634 6900.175997 1.675336 2291.612630 1
7 10500.000000 -1175.894275 5540.797945 5664.200669 1.779918 2428.588434 1
8 12000.000000 -944.676756 5997.343650 6071.288581 1.727029 2309.531223 1
9 13500.000000 -613.850472 6296.263915 6326.116636 1.667984 2057.031392 1
10 15000.000000 4568.141640 2948.821224 5437.229501 0.573219 -3759.904790 0
11 16500.000000 -50.320631 6124.511491 6124.718211 1.579012 1469.035345 1
12 18000.000000 3533.735524 3295.760386 4832.113748 0.750567 -2673.244857 0
13 19500.000000 -1504.743853 6498.670644 6670.605235 1.798333 2970.577118 1
14 21000.000000 3532.198634 3120.766938 4713.344191 0.723635 -2712.325458 0
15 22500.000000 -1729.515709 7300.317210 7502.390016 1.803417 3375.100472 1
16 24000.000000 6545.025494 2127.967835 6882.267492 0.314347 -5873.243224 0
17 25500.000000 6646.495092 2962.333116 7276.765387 0.419271 -5778.483785 0
18 27000.000000 6131.373607 2927.461711 6794.392863 0.445450 -5285.486537 0
19 28500.000000 3271.956123 4440.779911 5515.997017 0.935798 -2153.104883 0
20 30000.000000 -1498.320046 5795.841365 5986.379547 1.823774 2801.363856 1
21 31500.000000 -2021.876647 6493.131936 6800.643170 1.872667 3472.332211 1
22 33000.000000 -1940.984506 6833.816275 7104.116112 1.847535 3472.638862 1
23 34500.000000 -947.364608 7454.447450 7514.405265 1.697206 2650.003441 1
24 36000.000000 3630.870460 4341.264177 5659.487163 0.874273 -2525.312353 0
25 37500.000000 -1189.910262 7483.743550 7577.750586 1.728476 2892.731852 1
26 39000.000000 2544.208889 3859.981239 4623.035154 0.988033 -1579.860352 0
27 40500.000000 -2541.525415 6788.678595 7248.828077 1.929021 4046.347159 1
28 42000.000000 -2043.699732 5687.804690 6043.825840 1.915743 3306.829897 1
29 43500.000000 -1785.416228 5901.657384 6165.814706 1.864571 3105.171277 1
30 45000.000000 -946.210937 6820.146026 6885.470714 1.708654 2501.806193 1
0 0.000000 7144.986461 2721.107084 7645.603658 0.363882 -6616.606356 0
1 1500.000000 3969.554014 4659.930200 6121.462941 0.865230 -3171.521136 0
2 3000.000000 -1628.400734 5655.327363 5885.101234 1.851153 2513.600260 1
3 4500.000000 -1602.052950 4913.547397 5168.125548 1.885976 2368.725751 1
4 6000.000000 -1269.444148 5557.221498 5700.368341 1.795374 2143.561362 1
5 7500.000000 4153.866490 3374.480146 5351.796247 0.682239 -3559.439895 0
6 9000.000000 -1236.742120 6750.330992 6862.688946 1.751999 2302.472870 1
7 10500.000000 -1647.531463 5404.871175 5650.397538 1.866672 2492.349182 1
8 12000.000000 -1446.366502 5813.750900 5990.966164 1.814630 2359.305160 1
9 13500.000000 -1100.425685 6154.028784 6251.640342 1.747740 2072.363038 1
10 15000.000000 4267.854989 3218.346226 5345.309966 0.646113 -3696.975158 0
11 16500.000000 -525.260627 6012.550586 6035.450544 1.657936 1481.959464 1
12 18000.000000 3279.765407 3490.587061 4789.682574 0.816527 -2678.029054 0
13 19500.000000 -1896.861749 6022.489587 6314.148028 1.875924 2837.428235 1
14 21000.000000 3274.738297 3311.169192 4657.011094 0.790930 -2701.817891 0
15 22500.000000 -2207.077049 7113.281431 7447.815909 1.871653 3318.429606 1
16 24000.000000 6373.998226 2591.309003 6880.605768 0.386135 -5876.381122 0
17 25500.000000 6454.391395 3425.960007 7307.282002 0.487979 -5821.985959 0
18 27000.000000 5975.082461 3359.209109 6854.625902 0.512164 -5359.567636 0
19 28500.000000 3017.478130 4634.046061 5529.878585 0.993610 -2235.896642 0
20 30000.000000 -1939.425774 5602.578625 5928.765435 1.904052 2812.153192 1
21 31500.000000 -2439.827677 6319.291978 6773.936094 1.939256 3420.938854 1
22 33000.000000 -2392.078861 6664.657870 7080.939613 1.915395 3429.150566 1
23 34500.000000 -1417.911647 7345.745428 7481.340076 1.761476 2576.713900 1
24 36000.000000 3333.271658 4539.701528 5632.014729 0.937452 -2562.727534 0
25 37500.000000 -1673.162140 7335.680261 7524.073128 1.795046 2827.052921 1
26 39000.000000 2279.847854 4037.935204 4637.092511 1.056807 -1603.323006 0
27 40500.000000 -3038.065383 6585.715680 7252.688625 2.003017 4054.138919 1
28 42000.000000 -2462.793933 5472.211214 6000.870731 1.993696 3307.867081 1
29 43500.000000 -2259.618945 5687.642976 6120.062124 1.948961 3141.839760 1
30 45000.000000 -1457.202896 6649.594799 6807.389460 1.786528 2503.942094 1
0 0.000000 6859.203397 3125.445746 7537.710684 0.427549 -6541.546006 0
1 1500.000000 3589.608476 4818.859861 6008.885036 0.930562 -3129.643593 0
2 3000.000000 -2077.192638 5442.116739 5825.063421 1.935418 2570.491293 1
3 4500.000000 -2036.798699 4656.564694 5082.533196 1.983126 2457.784434 1
4 6000.000000 -1742.205170 5365.056244 5640.842788 1.884786 2229.822363 1
5 7500.000000 3794.177007 3562.135912 5204.285870 0.753865 -3449.301082 0
6 9000.000000 -1766.709130 6569.823847 6803.223246 1.833494 2365.389315 1
7 10500.000000 -2119.174584 5207.037006 5621.755535 1.957308 2590.602619 1
8 12000.000000 -1951.301917 5553.114167 5885.971129 1.908708 2455.379721 1
9 13500.000000 -1580.999486 5960.156512 6166.281296 1.830086 2124.216116 1
10 15000.000000 3900.882922 3368.862775 5154.233596 0.712346 -3573.385657 0
11 16500.000000 -1011.777907 5846.366135 5933.269884 1.742160 1546.923201 1
12 18000.000000 2984.895135 3635.916402 4704.198874 0.883413 -2636.663865 0
13 19500.000000 -2347.183300 5815.504139 6271.312289 1.954409 2873.783685 1
14 21000.000000 2960.417886 3420.685432 4523.843818 0.857403 -2632.151052 0
15 22500.000000 -2639.715913 6909.682682 7396.743531 1.935717 3266.031426 1
16 24000.000000 6148.978805 2960.312691 6824.470058 0.448683 -5849.588736 0
17 25500.000000 6197.404798 3791.254693 7265.083508 0.549014 -5821.134613 0
18 27000.000000 5769.536163 3695.611008 6851.648579 0.569695 -5403.916704 0
19 28500.000000 2751.712653 4763.723068 5501.361649 1.046981 -2300.410084 0
20 30000.000000 -2324.033676 5407.371319 5885.643305 1.976717 2813.073180 1
21 31500.000000 -2770.498286 6121.588026 6719.337819 1.995792 3323.535983 1
22 33000.000000 -2713.722192 6459.197391 7006.105842 1.968537 3298.154342 1
23 34500.000000 -1756.452164 7204.323336 7415.348875 1.809936 2413.723285 1
24 36000.000000 3060.671875 4660.818470 5575.925137 0.989739 -2617.546525 0
25 37500.000000 -2050.928020 7165.660888 7453.388605 1.849560 2703.375332 1
26 39000.000000 2036.127881 4130.012309 4604.651824 1.112758 -1646.352578 0
27 40500.000000 -3409.597101 6380.617740 7234.475457 2.061559 3983.809691 1
28 42000.000000 -2756.828465 5256.289255 5935.375297 2.053837 3230.080759 1
29 43500.000000 -2618.013494 5488.177191 6080.631837 2.015898 3113.255006 1
30 45000.000000 -1862.227925 6468.881792 6731.591527 1.851092 2451.186375 1
0 0.000000 6579.343026 3364.979668 7389.914941 0.472763 -6492.984837 0
1 1500.000000 3250.723930 4902.167898 5882.045237 0.985253 -3126.903349 0
2 3000.000000 -2430.322506 5231.623136 5768.565517 2.005680 2560.613270 1
3 4500.000000 -2366.036980 4416.785706 5010.601457 2.062588 2475.936044 1
4 6000.000000 -2102.994034 5170.836296 5582.126110 1.957068 2231.864791 1
5 7500.000000 3462.650187 3677.212878 5050.924754 0.815440 -3369.448519 0
6 9000.000000 -2205.869822 6414.295107 6782.996638 1.902026 2365.857238 1
7 10500.000000 -2324.692272 4582.319626 5138.272795 2.040281 2438.750975 1
8 12000.000000 -2364.034299 5302.549287 5805.659921 1.990177 2496.122582 1
9 13500.000000 -1968.386472 5767.665791 6094.301763 1.899681 2112.250192 1
10 15000.000000 3559.783306 3491.643549 4986.344538 0.775735 -3471.199714 0
11 16500.000000 -1410.566126 5699.675221 5871.626216 1.813404 1552.901714 1
12 18000.000000 2691.490281 3741.791344 4609.243147 0.947231 -2596.912903 0
13 19500.000000 -2743.357646 5590.929307 6227.720425 2.026960 2882.550884 1
14 21000.000000 2657.125470 3508.269255 4400.939551 0.922583 -2568.408659 0
15 22500.000000 -3021.664637 6704.662708 7354.111721 1.994216 3188.669829 1
16 24000.000000 5909.623992 3295.371546 6766.323179 0.508681 -5825.219666 0
17 25500.000000 5954.481250 4126.172621 7244.387307 0.605980 -5849.251080 0
18 27000.000000 5536.444428 4017.756449 6840.656679 0.627762 -5434.061293 0
19 28500.000000 2473.958214 4872.642506 5464.715385 1.100989 -2351.121005 0
20 30000.000000 -2709.717323 5165.503552 5833.094798 2.053914 2838.264100 1
21 31500.000000 -3110.925400 5893.059801 6663.783510 2.056511 3257.571734 1
22 33000.000000 -3063.321056 6231.114215 6943.394001 2.027715 3218.450673 1
23 34500.000000 -2147.213453 7045.577338 7365.506476 1.866615 2323.033048 1
24 36000.000000 2726.845982 4783.148632 5505.833257 1.052657 -2606.171259 0
25 37500.000000 -2507.637558 6953.143878 7391.512424 1.916925 2681.028568 1
26 39000.000000 1738.121124 4245.186570 4587.229453 1.182184 -1631.232747 0
27 40500.000000 -3882.016347 6123.528565 7250.355371 2.135806 4034.194006 1
28 42000.000000 -3147.802841 4990.940468 5900.690593 2.133486 3271.839296 1
29 43500.000000 -3079.729235 5197.607000 6041.510629 2.105704 3208.964099 1
30 45000.000000 -2351.024165 6222.694784 6652.010598 1.932032 2506.166396 1
0 0.000000 6222.590078 3742.656430 7261.412013 0.541494 -6462.608333 0
1 1500.000000 2825.113881 5019.594928 5760.000146 1.058166 -3159.792074 0
2 3000.000000 -2873.437173 4957.203002 5729.790816 2.096117 2529.819083 1
3 4500.000000 -2957.961256 4391.370116 5294.682832 2.163573 2652.610810 1
4 6000.000000 -2731.481907 5122.532730 5805.285090 2.060672 2376.953686 1
5 7500.000000 3039.456270 3851.138376 4906.073910 0.902653 -3294.211476 0
6 9000.000000 -2775.454952 6152.534889 6749.580413 1.994571 2350.809418 1
7 10500.000000 -2800.681722 4259.421886 5097.694862 2.152444 2504.664407 1
8 12000.000000 -2902.795884 4952.962313 5740.911045 2.100912 2559.398152 1
9 13500.000000 -2510.828064 5492.994523 6039.639592 1.999536 2131.627653 1
10 15000.000000 3114.460579 3643.663507 4793.344182 0.863545 -3354.938949 0
11 16500.000000 -1975.472551 5415.303667 5764.373826 1.920590 1602.791574 1
12 18000.000000 2329.047198 3883.189949 4528.092869 1.030541 -2587.624362 0
13 19500.000000 -3280.826204 5265.690521 6204.137107 2.127997 2915.296001 1
14 21000.000000 2269.127630 3625.811045 4277.317610 1.011603 -2510.347760 0
15 22500.000000 -3570.117175 6385.766594 7315.992867 2.080580 3127.779345 1
16 24000.000000 5574.866430 3813.035874 6754.137864 0.599886 -5821.167031 0
17 25500.000000 5565.659658 4614.627332 7229.893004 0.692249 -5866.470672 0
18 27000.000000 5183.580409 4506.310272 6868.503339 0.715617 -5477.912214 0
19 28500.000000 2069.566980 5030.072348 5439.185170 1.180468 -2406.705009 0
20 30000.000000 -3243.530820 4857.643655 5840.992558 2.159526 2905.824346 1
21 31500.000000 -3293.577835 5030.606438 6012.874196 2.150474 2943.998253 1
22 33000.000000 -3630.214951 5986.375406 7001.082137 2.115918 3214.887194 1
23 34500.000000 -2704.944728 6774.498036 7294.556164 1.950685 2238.183615 1
24 36000.000000 2274.029077 4953.583474 5450.614413 1.140428 -2605.494753 0
25 37500.000000 -3091.940560 6662.644722 7345.129755 2.005290 2631.887664 1
26 39000.000000 1348.662665 4374.519154 4577.696889 1.271743 -1642.906191 0
27 40500.000000 -4455.543833 5743.124360 7268.792765 2.230609 4054.842320 1
28 42000.000000 -3639.016602 4626.771535 5886.378910 2.237259 3316.089150 1
29 43500.000000 -3629.259595 4828.578882 6040.422107 2.215334 3292.636622 1
30 45000.000000 -2947.610750 5915.185299 6608.920203 2.033093 2538.701125 1
0 0.000000 5785.048341 4167.775307 7130.016502 0.624312 -6357.016048 0
1 1500.000000 2335.734303 5147.465448 5652.614905 1.144817 -3099.322866 0
2 3000.000000 -3374.905052 4635.380134 5733.823602 2.200117 2622.153716 1
3 4500.000000 -3426.880368 4018.757379 5281.469485 2.276868 2768.308915 1
4 6000.000000 -3261.955984 4781.497620 5788.184200 2.169478 2488.083736 1
5 7500.000000 2577.182685 4054.377392 4804.148898 1.004572 -3169.852704 0
6 9000.000000 -3366.991285 5863.573994 6761.518342 2.092045 2425.515103 1
7 10500.000000 -3303.180469 3898.836988 5109.983470 2.273675 2664.515795 1
8 12000.000000 -3448.877618 4577.730285 5731.524351 2.216472 2704.109799 1
9 13500.000000 -3040.571176 5164.605768 5993.181610 2.102890 2210.432872 1
10 15000.000000 2727.925144 3841.377988 4711.449929 0.953296 -3286.057201 0
11 16500.000000 -2521.313461 5160.102246 5743.141715 2.025296 1698.040559 1
12 18000.000000 1946.399242 4006.175990 4453.977556 1.118533 -2539.157803 0
13 19500.000000 -3762.687266 4919.852873 6193.768461 2.223700 2961.591889 1
14 21000.000000 1892.863502 3742.906071 4194.314973 1.102583 -2445.784161 0
15 22500.000000 -4043.823224 6074.694544 7297.562611 2.158118 3061.843668 1
16 24000.000000 5226.544486 4227.710443 6722.373305 0.680139 -5814.366056 0
17 25500.000000 5189.278954 5000.543078 7206.528092 0.766878 -5896.356569 0
18 27000.000000 4839.444506 4885.277604 6876.493321 0.790111 -5532.960450 0
19 28500.000000 1704.672096 5146.207395 5421.195211 1.250924 -2475.569448 0
20 30000.000000 -3643.886891 4537.473190 5819.499517 2.247404 2902.989770 1
21 31500.000000 -3873.553744 4983.656439 6311.992563 2.231511 3061.331390 1
22 33000.000000 -3980.479724 5670.701991 6928.281165 2.182822 3061.361841 1
23 34500.000000 -3089.373116 6531.666431 7225.433732 2.012598 2048.486743 1
24 36000.000000 1899.353146 5032.042692 5378.568213 1.209878 -2650.384743 0
25 37500.000000 -3500.906308 6380.745979 7278.067341 2.072616 2478.329611 1
26 39000.000000 1030.936711 4425.603924 4544.095135 1.341930 -1699.060103 0
27 40500.000000 -4837.383451 5458.960610 7293.869316 2.295899 3940.631018 1
28 42000.000000 -3950.068530 4321.640102 5854.879552 2.311304 3238.713004 1
29 43500.000000 -3984.590669 4522.999686 6027.809632 2.292993 3241.868305 1
30 45000.000000 -3325.707008 5612.387813 6523.743102 2.105731 2423.338250 1
0 0.000000 5402.464140 4368.943353 6947.969833 0.680020 -6247.179254 0
1 1500.000000 1925.294220 5158.534968 5506.109411 1.213583 -3036.943096 0
2 3000.000000 -3699.645465 4333.824527 5698.193713 2.277416 2629.291263 1
3 4500.000000 -3729.831660 3690.313808 5246.909587 2.361520 2803.540004 1
4 6000.000000 -3592.673357 4471.467846 5735.967795 2.247647 2494.084030 1
5 7500.000000 2181.154976 4061.798975 4610.384793 1.077995 -3039.392968 0
6 9000.000000 -3748.024169 5594.304781 6733.790252 2.161083 2392.728234 1
7 10500.000000 -3604.682975 3586.210211 5084.746113 2.358763 2705.033343 1
8 12000.000000 -3800.745842 4215.373021 5675.829337 2.304516 2754.457860 1
9 13500.000000 -3382.020331 4884.253114 5940.874515 2.176426 2195.929039 1
10 15000.000000 2369.065278 3866.680434 4534.720264 1.021100 -3178.565867 0
11 16500.000000 -3114.639936 5241.270768 6096.876348 2.106979 1855.053999 1
12 18000.000000 1614.493059 4018.227642 4330.443536 1.188746 -2477.463810 0
13 19500.000000 -4110.453071 4624.239788 6187.036291 2.297441 2964.193586 1
14 21000.000000 1552.253846 3731.424344 4041.413074 1.176578 -2352.269782 0
15 22500.000000 -4364.017625 5750.944002 7219.280210 2.219928 2957.661127 1
16 24000.000000 4900.906618 4480.731947 6640.470199 0.740641 -5783.651402 0
17 25500.000000 4815.431302 5224.734700 7105.366374 0.826142 -5867.824365 0
18 27000.000000 4493.615472 5131.773075 6821.119769 0.851601 -5533.342560 0
19 28500.000000 1357.453055 5162.747223 5338.224207 1.313684 -2484.619757 0
20 30000.000000 -3980.958960 4238.049334 5814.559003 2.324925 2924.943209 1
21 31500.000000 -4168.455336 4652.932269 6247.063197 2.301329 3014.249709 1
22 33000.000000 -4256.697899 5323.874179 6816.385646 2.245262 2949.217034 1
23 34500.000000 -3407.258944 6230.425433 7101.240355 2.071237 1917.532656 1
24 36000.000000 1503.827231 5013.836305 5234.505787 1.279399 -2593.722372 0
25 37500.000000 -3913.010897 6024.806482 7184.006363 2.146808 2456.587276 1
26 39000.000000 658.248464 4423.789282 4472.494008 1.423083 -1637.035783 0
27 40500.000000 -5231.981289 5090.112633 7299.511958 2.369938 3952.089923 1
28 42000.000000 -4290.031549 3959.969911 5838.298758 2.396181 3288.673811 1
29 43500.000000 -4376.798342 4154.632484 6034.677689 2.382229 3329.400984 1
30 45000.000000 -3753.224115 5265.559945 6466.282765 2.190053 2471.786437 1
0 0.000000 4930.892862 4620.651134 6757.523313 0.752929 -6138.264539 0
1 1500.000000 1426.597565 5130.262438 5324.920027 1.299574 -2974.518040 0
2 3000.000000 -4086.367452 3960.334647 5690.575496 2.371856 2625.675748 1
3 4500.000000 -4103.233453 3273.743038 5249.182627 2.468167 2858.619633 1
4 6000.000000 -4004.387321 4064.306197 5705.585218 2.348769 2515.043681 1
5 7500.000000 1702.383054 4073.676879 4415.082262 1.174956 -2902.326161 0
6 9000.000000 -4223.000103 5202.699114 6700.881132 2.252627 2362.759467 1
7 10500.000000 -3983.862664 3144.492808 5075.332181 2.473406 2786.203402 1
8 12000.000000 -4234.807882 3729.054930 5642.645521 2.419615 2839.588797 1
9 13500.000000 -3812.453850 4470.220740 5875.174706 2.276946 2204.686505 1
10 15000.000000 1909.870064 3919.994599 4360.500122 1.117431 -3050.624585 0
11 16500.000000 -3602.580155 4832.252100 6027.374564 2.211429 1891.173938 1
12 18000.000000 1198.780409 4021.020075 4195.911928 1.281057 -2407.885452 0
13 19500.000000 -4542.749835 4177.688025 6171.681561 2.398033 2990.000362 1
14 21000.000000 1150.856902 3719.782845 3893.745757 1.270749 -2267.235349 0
15 22500.000000 -4774.424642 5306.244659 7138.022348 2.303487 2853.216961 1
16 24000.000000 4469.733554 4855.482494 6599.562735 0.826741 -5774.930232 0
17 25500.000000 4328.157642 5541.534876 7031.469075 0.907724 -5857.378903 0
18 27000.000000 4038.369086 5439.164793 6774.432709 0.932138 -5550.090580 0
19 28500.000000 919.334596 5199.381697 5280.032777 1.395789 -2515.082038 0
20 30000.000000 -4409.379827 3793.623467 5816.718101 2.431119 2984.815631 1
21 31500.000000 -4548.860763 4203.401660 6193.603131 2.395645 2987.673501 1
22 33000.000000 -4619.331131 4848.337506 6696.610834 2.332011 2850.753635 1
23 34500.000000 -3827.382197 5839.933592 6982.383464 2.150945 1786.062714 1
24 36000.000000 1017.060312 5014.384346 5116.489231 1.370682 -2549.347703 0
25 37500.000000 -4657.827540 5896.835955 7514.521386 2.239340 2555.984422 1
26 39000.000000 245.734609 4413.433744 4420.269552 1.515175 -1627.655492 0
27 40500.000000 -5695.713036 4604.498476 7324.107672 2.461742 3949.037501 1
28 42000.000000 -4674.303451 3503.778489 5841.710062 2.498358 3327.749197 1
29 43500.000000 -4872.593997 3726.477702 6134.232497 2.488697 3445.515059 1
30 45000.000000 -4229.438104 4797.240215 6395.440591 2.293375 2496.980250 1
