0 0.000000 209.819857 -2751.677923 2759.665879 -1.494692 -2166.031287 0
1 1500.000000 1221.406350 -2068.662404 2402.331704 -1.037441 -1034.679518 0
2 3000.000000 3378.871437 -445.627268 3408.130844 -0.131130 1516.225093 1
3 4500.000000 3867.166077 -446.069249 3892.807630 -0.114840 1788.408358 1
4 6000.000000 3919.240463 -788.477580 3997.767214 -0.198531 1533.368587 1
5 7500.000000 1171.701576 -2255.492572 2541.678840 -1.091680 -1217.441417 0
6 9000.000000 3517.420331 -1163.112888 3704.737154 -0.319354 998.240197 1
7 10500.000000 4004.843886 -804.259643 4084.802091 -0.198186 1568.054769 1
8 12000.000000 4333.495305 -555.694147 4368.979005 -0.127536 1957.739066 1
9 13500.000000 4004.179367 -721.362810 4068.638188 -0.178241 1636.465729 1
10 15000.000000 1253.656577 -2226.583171 2555.254866 -1.057996 -1147.709879 0
11 16500.000000 3790.359933 -800.095142 3873.884440 -0.208033 1451.792295 1
12 18000.000000 1031.232847 -1707.020391 1994.331919 -1.027358 -840.763391 0
13 19500.000000 4049.642679 -799.899536 4127.886275 -0.195013 1596.677686 1
14 21000.000000 1220.681183 -1690.471327 2085.127300 -0.945395 -721.288337 0
15 22500.000000 3317.144351 -255.792928 3326.992135 -0.076960 1639.282044 1
16 24000.000000 -373.321448 -2756.066806 2781.235902 -1.705431 -2495.163143 0
17 25500.000000 -298.246012 -2743.818426 2759.980116 -1.679069 -2443.095676 0
18 27000.000000 -753.401978 -2541.126689 2650.460223 -1.859024 -2528.969621 0
19 28500.000000 517.042533 -1418.171286 1509.484275 -1.221189 -888.101134 0
20 30000.000000 3274.521025 -547.539047 3319.982975 -0.165679 1373.421014 1
21 31500.000000 2969.968698 -189.185937 2975.988136 -0.063614 1500.765751 1
22 33000.000000 2784.680019 -390.920143 2811.985307 -0.139471 1229.959075 1
23 34500.000000 3041.827262 -603.749344 3101.165323 -0.195936 1196.899727 1
24 36000.000000 934.427827 -1951.561031 2163.734231 -1.124244 -1097.699124 0
25 37500.000000 3190.382114 -352.824614 3209.832276 -0.110143 1488.017575 1
26 39000.000000 636.663989 -1614.181817 1735.201422 -1.195110 -983.967917 0
27 40500.000000 3339.759640 -513.912557 3379.068003 -0.152680 1437.735921 1
28 42000.000000 3318.525186 -131.550788 3321.131587 -0.039621 1743.140035 1
29 43500.000000 3877.830189 -612.780710 3925.947933 -0.156726 1656.035450 1
30 45000.000000 4093.128341 -606.510506 4137.820031 -0.147107 1781.410357 1
0 0.000000 771.098246 -2863.128036 2965.146650 -1.307718 -2223.038763 0
1 1500.000000 1701.531563 -1926.032068 2569.982332 -0.847207 -970.256253 0
2 3000.000000 3574.592562 76.978609 3575.421331 0.021532 1656.147328 1
3 4500.000000 4215.550252 39.365204 4215.734046 0.009338 1907.039871 1
4 6000.000000 4112.267338 -191.249962 4116.712184 -0.046474 1654.545058 1
5 7500.000000 1585.422287 -2122.546465 2649.295628 -0.929254 -1197.891218 0
6 9000.000000 3757.271943 -655.339310 3813.995551 -0.172682 1081.088730 1
7 10500.000000 4140.031832 -323.017690 4152.614116 -0.077865 1548.806483 1
8 12000.000000 4455.635872 -14.092085 4455.658157 -0.003163 1965.742744 1
9 13500.000000 4189.721731 -237.703797 4196.459374 -0.056674 1647.312443 1
10 15000.000000 1612.976243 -2069.637555 2623.945877 -0.908773 -1138.249440 0
11 16500.000000 3946.560362 -312.978937 3958.951187 -0.079139 1471.897149 1
12 18000.000000 1286.335667 -1613.207695 2063.273737 -0.897656 -874.312813 0
13 19500.000000 4146.864137 -306.796855 4158.197504 -0.073848 1566.374310 1
14 21000.000000 1490.761107 -1589.268193 2179.023191 -0.817370 -762.094579 0
15 22500.000000 3418.348286 220.909082 3425.478919 0.064535 1715.736996 1
16 24000.000000 8.627337 -2810.839528 2810.852768 -1.567727 -2514.735832 0
17 25500.000000 96.713135 -2822.099512 2823.756202 -1.536540 -2485.713573 0
18 27000.000000 -337.092231 -2658.043313 2679.333019 -1.696943 -2531.332175 0
19 28500.000000 758.882434 -1361.127560 1558.387238 -1.062183 -882.641334 0
20 30000.000000 3401.243592 -160.955143 3405.049857 -0.047287 1365.984534 1
21 31500.000000 3036.008992 198.586145 3042.496846 0.065317 1525.970801 1
22 33000.000000 2881.740672 -16.498704 2881.787902 -0.005725 1264.753162 1
23 34500.000000 3318.127706 -252.283414 3327.704674 -0.075886 1247.247933 1
24 36000.000000 1196.673538 -1856.393414 2208.670203 -0.998210 -1132.023251 0
25 37500.000000 3284.887330 28.026228 3285.006886 0.008532 1483.651557 1
26 39000.000000 812.814065 -1508.179153 1713.263278 -1.076486 -990.455943 0
27 40500.000000 3405.735700 -163.657142 3409.665573 -0.048016 1365.558055 1
28 42000.000000 3347.070566 163.679899 3351.070349 0.048864 1632.810160 1
29 43500.000000 3937.292863 -310.587861 3949.524011 -0.078721 1469.924690 1
30 45000.000000 4185.907796 -288.808192 4195.859179 -0.068886 1599.828474 1
0 0.000000 1069.449821 -2885.174879 3077.004550 -1.215827 -2284.645381 0
1 1500.000000 1931.378001 -1792.988182 2635.342028 -0.748257 -951.040964 0
2 3000.000000 3622.574896 333.749580 3637.916665 0.091871 1650.538199 1
3 4500.000000 4242.157219 330.905949 4255.043668 0.077847 1877.163451 1
4 6000.000000 4157.829175 126.950345 4159.766801 0.030523 1656.480735 1
5 7500.000000 1775.729875 -2052.364931 2713.930434 -0.857537 -1249.601829 0
6 9000.000000 4082.998468 -410.015798 4103.533775 -0.100085 1129.939617 1
7 10500.000000 4160.125024 -30.748479 4160.238657 -0.007391 1510.825251 1
8 12000.000000 4486.596013 281.184279 4495.398579 0.062590 1921.421997 1
9 13500.000000 4233.050229 49.277716 4233.337045 0.011641 1612.155883 1
10 15000.000000 1805.414978 -1987.499228 2685.084063 -0.833368 -1178.355910 0
11 16500.000000 3980.093476 -61.532936 3980.569102 -0.015459 1415.607997 1
12 18000.000000 1425.881215 -1515.322725 2080.706658 -0.815799 -880.136204 0
13 19500.000000 4182.596334 -50.159006 4182.897084 -0.011992 1501.107692 1
14 21000.000000 1627.660830 -1480.855114 2200.502589 -0.738206 -773.449692 0
15 22500.000000 3424.198392 449.088761 3453.522165 0.130407 1684.284145 1
16 24000.000000 278.710621 -2793.223940 2807.094510 -1.471345 -2491.822357 0
17 25500.000000 365.556684 -2873.446141 2896.605671 -1.444257 -2534.214149 0
18 27000.000000 -38.015860 -2732.906089 2733.170484 -1.584706 -2552.985823 0
19 28500.000000 924.351865 -1323.549235 1614.375714 -0.961153 -887.558527 0
20 30000.000000 3453.509462 79.203900 3454.417587 0.022930 1351.500611 1
21 31500.000000 3029.989893 480.035744 3067.779827 0.157122 1567.163573 1
22 33000.000000 2922.496288 272.647048 2935.186701 0.093023 1334.719388 1
23 34500.000000 3374.223794 54.730581 3374.667635 0.016219 1299.426001 1
24 36000.000000 1386.187991 -1758.434628 2239.109083 -0.903225 -1120.679384 0
25 37500.000000 3341.329951 268.411211 3352.093439 0.080159 1485.767261 1
26 39000.000000 951.429931 -1398.182876 1691.193149 -0.973294 -946.874688 0
27 40500.000000 3426.612868 103.515291 3428.176070 0.030200 1364.133652 1
28 42000.000000 3326.663548 437.777221 3355.344879 0.130845 1637.684233 1
29 43500.000000 3922.267458 -17.273856 3922.305495 -0.004404 1435.327834 1
30 45000.000000 4202.957098 2.040267 4202.957593 0.000485 1557.135942 1
0 0.000000 1311.473291 -2881.179572 3165.621253 -1.143638 -2339.104784 0
1 1500.000000 2127.489183 -1756.094701 2758.637131 -0.690056 -1017.769463 0
2 3000.000000 3623.495216 514.558729 3659.848121 0.141063 1602.615494 1
3 4500.000000 4031.748147 563.783847 4070.975970 0.138935 1774.852993 1
4 6000.000000 4131.533352 373.202198 4148.354821 0.090086 1624.131634 1
5 7500.000000 1912.587933 -1992.426481 2761.839221 -0.805840 -1308.683081 0
6 9000.000000 4096.459617 -184.541084 4100.614198 -0.045018 1082.575028 1
7 10500.000000 4135.966244 187.484919 4140.213445 0.045299 1448.752790 1
8 12000.000000 4454.922025 525.242307 4485.778609 0.117360 1868.149014 1
9 13500.000000 4201.064321 273.856889 4209.980881 0.065095 1550.944222 1
10 15000.000000 1942.550754 -1928.869068 2737.524304 -0.781864 -1238.994955 0
11 16500.000000 4010.318244 96.018178 4011.467551 0.023938 1323.115405 1
12 18000.000000 1537.607979 -1401.500217 2080.490605 -0.739122 -861.492276 0
13 19500.000000 4201.791504 158.046675 4204.762846 0.037596 1440.955206 1
14 21000.000000 1729.628133 -1377.643926 2211.225060 -0.672601 -779.811599 0
15 22500.000000 3424.476505 621.985500 3480.503598 0.179671 1643.722575 1
16 24000.000000 516.226347 -2793.728998 2841.022941 -1.388077 -2500.135237 0
17 25500.000000 609.278927 -2917.803638 2980.737976 -1.364940 -2589.632171 0
18 27000.000000 252.901907 -2771.909114 2783.422266 -1.479811 -2560.248124 0
19 28500.000000 1099.295020 -1258.331294 1670.882159 -0.852752 -859.868077 0
20 30000.000000 3503.704200 279.152708 3514.807158 0.079506 1341.795264 1
21 31500.000000 2982.060688 712.742769 3066.054174 0.234609 1594.208349 1
22 33000.000000 2911.139919 523.758744 2957.880804 0.178011 1392.576363 1
23 34500.000000 3368.052018 321.053305 3383.319320 0.095036 1340.006013 1
24 36000.000000 1509.537332 -1666.887485 2248.825659 -0.834895 -1122.673361 0
25 37500.000000 3396.937639 449.695087 3426.574236 0.131617 1471.301710 1
26 39000.000000 1048.386518 -1275.575523 1651.123014 -0.882848 -891.914937 0
27 40500.000000 3438.348266 365.018086 3457.669302 0.105765 1403.436646 1
28 42000.000000 3283.404239 682.888208 3353.666605 0.205058 1658.352203 1
29 43500.000000 3855.457735 268.026994 3864.762970 0.069407 1439.245719 1
30 45000.000000 4161.616608 273.225807 4170.576116 0.065560 1538.227583 1
0 0.000000 1492.337774 -2860.178871 3226.095970 -1.089890 -2427.946995 0
1 1500.000000 2318.435631 -1693.043648 2870.808348 -0.630743 -1099.007186 0
2 3000.000000 3608.382506 705.623412 3676.727989 0.193114 1536.089134 1
3 4500.000000 3940.843926 826.728339 4026.627695 0.206786 1732.129990 1
4 6000.000000 4056.281754 607.569204 4101.531665 0.148679 1546.346828 1
5 7500.000000 2045.218233 -1902.038739 2792.967774 -0.749141 -1366.501670 0
6 9000.000000 4101.106736 86.423904 4102.017254 0.021070 1050.442138 1
7 10500.000000 4061.384842 451.840431 4086.441803 0.110797 1396.206509 1
8 12000.000000 4375.897398 791.585585 4446.918683 0.178961 1800.500137 1
9 13500.000000 4151.437620 541.170217 4186.561778 0.129626 1504.241967 1
10 15000.000000 2092.043340 -1842.385592 2787.656723 -0.722028 -1297.493930 0
11 16500.000000 4026.761549 322.000297 4039.615423 0.079795 1261.863936 1
12 18000.000000 1651.009998 -1289.548128 2094.938755 -0.663089 -864.158695 0
13 19500.000000 4211.830476 432.875046 4234.016623 0.102416 1413.228741 1
14 21000.000000 1845.390366 -1251.565014 2229.771420 -0.595953 -781.438334 0
15 22500.000000 3401.144417 856.855369 3507.418490 0.246796 1634.224867 1
16 24000.000000 761.615005 -2760.360662 2863.502820 -1.301583 -2503.139555 0
17 25500.000000 870.472122 -2900.147957 3027.966296 -1.279204 -2613.337059 0
18 27000.000000 548.397428 -2731.132164 2785.645821 -1.372637 -2524.980333 0
19 28500.000000 1260.415754 -1155.311278 1709.792977 -0.741917 -825.748486 0
20 30000.000000 3516.039764 562.026359 3560.675392 0.158506 1374.775125 1
21 31500.000000 2895.770571 965.538827 3052.499373 0.321838 1620.752805 1
22 33000.000000 2871.948403 781.470014 2976.370778 0.265672 1436.254181 1
23 34500.000000 3328.675389 600.077771 3382.332505 0.178360 1367.601250 1
24 36000.000000 1653.100784 -1547.529405 2264.418129 -0.752426 -1114.381590 0
25 37500.000000 3404.605996 726.521138 3481.260540 0.210240 1508.377057 1
26 39000.000000 1162.041036 -1145.725275 1631.877990 -0.778328 -839.615095 0
27 40500.000000 3422.280944 679.570938 3489.100675 0.196023 1466.914358 1
28 42000.000000 3197.602290 922.443781 3327.996835 0.280855 1650.000061 1
29 43500.000000 3796.073144 529.765661 3832.860938 0.138661 1409.414675 1
30 45000.000000 4111.555802 554.390441 4148.763656 0.134029 1507.691455 1
0 0.000000 1731.132659 -2800.289395 3292.178758 -1.017103 -2462.772501 0
1 1500.000000 2521.712470 -1531.951790 2950.577921 -0.545919 -1077.863306 0
2 3000.000000 3543.140136 953.011790 3669.069841 0.262755 1545.229392 1
3 4500.000000 3839.662267 1070.571198 3986.117035 0.271913 1711.793416 1
4 6000.000000 3987.753130 855.679444 4078.524529 0.211372 1525.411056 1
5 7500.000000 2212.536832 -1792.742081 2847.673331 -0.680969 -1387.710954 0
6 9000.000000 4122.252410 371.865118 4138.991253 0.089966 1071.746616 1
7 10500.000000 3990.946177 685.904611 4049.458794 0.170202 1358.686495 1
8 12000.000000 4295.428449 1056.814994 4423.523877 0.241241 1776.227052 1
9 13500.000000 4121.127059 807.196803 4199.435070 0.193419 1500.465305 1
10 15000.000000 2270.274791 -1746.574798 2864.379715 -0.655754 -1332.344919 0
11 16500.000000 4006.716791 578.722502 4048.295836 0.143446 1255.783685 1
12 18000.000000 1772.357944 -1235.902986 2160.719527 -0.608926 -914.404119 0
13 19500.000000 4191.532045 702.167878 4249.938895 0.165979 1409.032508 1
14 21000.000000 1938.910804 -1139.867158 2249.149227 -0.531468 -791.285509 0
15 22500.000000 3339.589912 1087.976367 3512.343000 0.314939 1643.373621 1
16 24000.000000 955.155316 -2726.302916 2888.779893 -1.233811 -2522.656059 0
17 25500.000000 1072.947942 -2837.814194 3033.876511 -1.209320 -2612.367022 0
18 27000.000000 744.548865 -2648.075132 2750.755335 -1.296707 -2481.619250 0
19 28500.000000 1372.373228 -1086.485597 1750.388308 -0.669649 -835.632487 0
20 30000.000000 3482.664706 801.631150 3573.732776 0.226237 1385.733313 1
21 31500.000000 2789.741324 1167.935631 3024.356178 0.396483 1628.068052 1
22 33000.000000 2786.525079 959.832877 2947.202262 0.331727 1422.484139 1
23 34500.000000 3281.985276 808.675840 3380.145554 0.241586 1358.335493 1
24 36000.000000 1780.106523 -1451.741750 2297.027066 -0.684143 -1125.733739 0
25 37500.000000 3380.009074 954.704399 3512.253099 0.275285 1518.983394 1
26 39000.000000 1250.225190 -1052.090067 1634.000164 -0.699551 -822.645202 0
27 40500.000000 3369.522923 934.757604 3496.778018 0.270610 1497.536478 1
28 42000.000000 3130.225053 1093.961315 3315.880010 0.336214 1613.445510 1
29 43500.000000 3746.000156 684.978546 3808.111445 0.180858 1315.860941 1
30 45000.000000 4078.894804 735.452442 4144.668035 0.178390 1422.552620 1
0 0.000000 1885.384044 -2744.829853 3329.979567 -0.968926 -2494.026836 0
1 1500.000000 2643.491299 -1387.038486 2985.284243 -0.483211 -1053.813811 0
2 3000.000000 3462.852203 1113.671537 3637.527962 0.311158 1528.243246 1
3 4500.000000 3829.001462 1212.590303 4016.419729 0.306694 1671.138303 1
4 6000.000000 3924.649896 984.509675 4046.249635 0.245781 1456.446247 1
5 7500.000000 2318.527496 -1724.022045 2889.259725 -0.639383 -1427.961759 0
6 9000.000000 4113.566105 558.611866 4151.321876 0.134972 1056.808300 1
7 10500.000000 3919.206007 810.367056 4002.108256 0.203895 1282.942332 1
8 12000.000000 4222.872725 1207.232582 4392.045600 0.278452 1713.923047 1
9 13500.000000 4076.506994 961.128385 4188.278530 0.231544 1451.785846 1
10 15000.000000 2385.399970 -1695.156055 2926.377807 -0.617830 -1391.144905 0
11 16500.000000 3967.921548 750.415517 4038.257651 0.186913 1229.389049 1
12 18000.000000 1850.086598 -1213.042215 2212.304644 -0.580349 -978.016219 0
13 19500.000000 4130.129276 891.973290 4225.350185 0.212701 1389.697149 1
14 21000.000000 1977.735197 -1082.516202 2254.612569 -0.500807 -832.877908 0
15 22500.000000 3280.930381 1261.699861 3515.165815 0.367122 1652.945913 1
16 24000.000000 1105.497260 -2713.893658 2930.416861 -1.183972 -2558.567534 0
17 25500.000000 1219.170868 -2790.744188 3045.427840 -1.158921 -2620.960168 0
18 27000.000000 897.702811 -2571.056812 2723.270730 -1.234873 -2442.177234 0
19 28500.000000 1468.173490 -1033.563092 1795.490480 -0.613391 -846.522536 0
20 30000.000000 3419.158352 985.483427 3558.345321 0.280618 1395.678488 1
21 31500.000000 2703.130894 1315.316024 3006.155830 0.452862 1635.595749 1
22 33000.000000 2745.865177 1133.250577 2970.527300 0.391416 1460.112172 1
23 34500.000000 3232.806226 989.954881 3380.983106 0.297155 1377.357825 1
24 36000.000000 1883.536280 -1356.672611 2321.264632 -0.624207 -1116.486352 0
25 37500.000000 3350.124197 1141.867814 3539.377663 0.328494 1542.461313 1
26 39000.000000 1328.437692 -970.595673 1645.236354 -0.630988 -801.091991 0
27 40500.000000 3303.649265 1165.911702 3503.348193 0.339271 1560.649370 1
28 42000.000000 3040.487338 1272.461470 3296.015996 0.396357 1634.262351 1
29 43500.000000 3644.167358 899.477924 3753.533838 0.241990 1337.796482 1
30 45000.000000 3990.478976 951.405714 4102.328033 0.234049 1431.629602 1
0 0.000000 2030.394634 -2670.288096 3354.540339 -0.920694 -2527.180378 0
1 1500.000000 2737.159027 -1262.323814 3014.216474 -0.432112 -1074.730115 0
2 3000.000000 3379.317875 1274.394120 3611.629781 0.360624 1499.540723 1
3 4500.000000 3704.570747 1375.563311 3951.710876 0.355536 1622.428831 1
4 6000.000000 3827.045787 1132.693186 3991.149372 0.287756 1388.377548 1
5 7500.000000 2423.717389 -1641.524375 2927.286842 -0.595311 -1474.218694 0
6 9000.000000 4054.570604 778.170365 4128.570201 0.189618 1050.017341 1
7 10500.000000 3815.950742 985.055879 3941.042394 0.252627 1240.328063 1
8 12000.000000 4122.392521 1377.996575 4346.607258 0.322594 1653.053070 1
9 13500.000000 3985.729959 1160.136264 4151.139537 0.283246 1426.466797 1
10 15000.000000 2490.774755 -1616.550514 2969.376104 -0.575683 -1444.776427 0
11 16500.000000 3924.120649 925.438764 4031.768815 0.231602 1188.146656 1
12 18000.000000 1956.433431 -1120.113424 2254.392568 -0.519975 -985.530852 0
13 19500.000000 4063.899202 1110.227604 4212.823525 0.266685 1381.947131 1
14 21000.000000 2065.204299 -1019.137955 2302.978716 -0.458418 -877.445219 0
15 22500.000000 3257.428736 1441.406905 3562.091497 0.416598 1657.947136 1
16 24000.000000 1312.513335 -2683.785636 2987.540225 -1.115945 -2589.093059 0
17 25500.000000 1442.285291 -2736.877093 3093.652062 -1.085797 -2633.305879 0
18 27000.000000 1146.988788 -2554.738799 2800.405973 -1.148803 -2471.510761 0
19 28500.000000 1620.104334 -936.588707 1871.346162 -0.524164 -825.121537 0
20 30000.000000 3386.424616 1163.084233 3580.591657 0.330832 1388.964183 1
21 31500.000000 2662.292318 1460.278159 3036.480313 0.501694 1636.612843 1
22 33000.000000 2708.285512 1320.105528 3012.887157 0.453543 1499.863593 1
23 34500.000000 3181.126787 1181.081275 3393.305264 0.355503 1393.065761 1
24 36000.000000 2003.388117 -1261.749560 2367.609744 -0.562049 -1123.675385 0
25 37500.000000 3361.124398 1288.824429 3599.753551 0.366159 1512.710356 1
26 39000.000000 1421.196479 -879.070350 1671.096679 -0.553942 -781.157515 0
27 40500.000000 3255.621692 1353.376306 3525.719788 0.393971 1569.995271 1
28 42000.000000 2951.015328 1430.777424 3279.575506 0.451448 1626.663708 1
29 43500.000000 3517.506695 1080.182167 3679.625913 0.297946 1315.097124 1
30 45000.000000 3871.714541 1118.767943 4030.113547 0.281297 1377.498502 1
0 0.000000 2127.281020 -2616.305308 3371.999110 -0.888127 -2558.580857 0
1 1500.000000 2797.600909 -1169.289650 3032.129471 -0.395894 -1094.185454 0
2 3000.000000 3314.945676 1365.296857 3585.094189 0.390689 1453.309188 1
3 4500.000000 3572.473116 1487.063591 3869.615264 0.394441 1581.907719 1
4 6000.000000 3726.599301 1231.173151 3924.707591 0.319085 1330.223186 1
5 7500.000000 2468.391396 -1555.778335 2917.773520 -0.562387 -1489.325276 0
6 9000.000000 3995.211128 926.597347 4101.255247 0.227898 1032.927059 1
7 10500.000000 3708.858650 1082.178722 3863.514368 0.283901 1180.808242 1
8 12000.000000 4017.981204 1460.139228 4275.064856 0.348563 1566.886663 1
9 13500.000000 3882.020585 1266.193166 4083.298784 0.315288 1369.379994 1
10 15000.000000 2544.312122 -1572.836049 2991.210024 -0.553678 -1504.350058 0
11 16500.000000 3877.121338 1031.003000 4011.862043 0.259905 1134.142861 1
12 18000.000000 2028.516137 -1039.269406 2279.245186 -0.473463 -984.743776 0
13 19500.000000 3985.228444 1267.193568 4181.844724 0.307863 1373.135375 1
14 21000.000000 2110.592680 -968.891845 2322.359332 -0.430364 -912.200105 0
15 22500.000000 3231.605175 1563.792757 3590.086321 0.450690 1649.509400 1
16 24000.000000 1451.350436 -2642.205839 3014.576219 -1.068495 -2602.517445 0
17 25500.000000 1594.343347 -2667.860353 3107.959068 -1.032135 -2624.345340 0
18 27000.000000 1329.054481 -2486.060749 2819.021791 -1.079851 -2449.692940 0
19 28500.000000 1723.734570 -835.368855 1915.490013 -0.451274 -789.052640 0
20 30000.000000 3347.524380 1296.351079 3589.769574 0.369473 1385.257736 1
21 31500.000000 2615.526931 1571.019292 3051.078947 0.540898 1640.285946 1
22 33000.000000 2666.549762 1453.898092 3037.154474 0.499178 1524.568646 1
23 34500.000000 3117.272491 1321.249321 3385.718174 0.400894 1404.000079 1
24 36000.000000 2081.244856 -1176.497111 2390.758374 -0.514503 -1120.514873 0
25 37500.000000 3350.842019 1415.484549 3637.545704 0.399689 1504.437314 1
26 39000.000000 1481.420453 -800.088603 1683.671087 -0.495197 -760.254013 0
27 40500.000000 3192.867335 1516.758703 3534.820898 0.443486 1601.457929 1
28 42000.000000 2868.028262 1553.755545 3261.861801 0.496488 1629.769370 1
29 43500.000000 3395.971214 1223.260410 3609.568744 0.345741 1313.486502 1
30 45000.000000 3766.124242 1262.674624 3972.157979 0.323494 1362.768626 1
0 0.000000 2226.102592 -2560.348244 3392.774069 -0.855117 -2608.620013 0
1 1500.000000 2852.435230 -1069.126516 3046.213756 -0.358606 -1131.513367 0
2 3000.000000 3232.463617 1479.383866 3554.911765 0.429209 1408.036218 1
3 4500.000000 3443.136751 1593.288777 3793.910886 0.433401 1517.286887 1
4 6000.000000 3645.123072 1345.919893 3885.668870 0.353710 1265.541676 1
5 7500.000000 2553.820268 -1478.216187 2950.783126 -0.524704 -1533.946237 0
6 9000.000000 3938.276142 1104.959513 4090.348946 0.273537 1018.201234 1
7 10500.000000 3613.468918 1202.261222 3808.226577 0.321195 1122.612837 1
8 12000.000000 3928.210237 1572.055478 4231.098449 0.380676 1485.405605 1
9 13500.000000 3805.196186 1401.178399 4054.974589 0.352820 1317.271355 1
10 15000.000000 2647.987675 -1504.503655 3045.549207 -0.516685 -1562.295454 0
11 16500.000000 3825.118694 1171.038740 4000.358079 0.297084 1086.749668 1
12 18000.000000 2135.594023 -960.317953 2341.574770 -0.422582 -1006.987899 0
13 19500.000000 3908.068510 1437.563290 4164.083055 0.352483 1351.388204 1
14 21000.000000 2202.172862 -898.683515 2378.486362 -0.387461 -946.830520 0
15 22500.000000 3185.633366 1716.761562 3618.774683 0.494287 1646.385139 1
16 24000.000000 1634.898032 -2593.750620 3066.012696 -1.008379 -2629.030395 0
17 25500.000000 1779.960844 -2588.168640 3141.158626 -0.968353 -2626.635607 0
18 27000.000000 1514.478334 -2419.282437 2854.220057 -1.011476 -2451.959654 0
19 28500.000000 1832.301439 -749.125811 1979.524702 -0.388107 -789.185833 0
20 30000.000000 3295.409325 1452.895469 3601.475789 0.415248 1380.171806 1
21 31500.000000 2586.309350 1719.191599 3105.578176 0.586659 1661.976845 1
22 33000.000000 2641.857089 1631.086138 3104.810924 0.553116 1572.672705 1
23 34500.000000 3076.715703 1501.061008 3423.355615 0.453903 1433.128641 1
24 36000.000000 2234.788705 -1060.219012 2473.528838 -0.442972 -1109.043360 0
25 37500.000000 3322.326256 1596.411018 3685.970685 0.447934 1523.061595 1
26 39000.000000 1605.256902 -704.865794 1753.192947 -0.413751 -739.950176 0
27 40500.000000 3121.805062 1711.237327 3560.056184 0.501427 1642.264023 1
28 42000.000000 2789.556070 1717.068617 3275.659888 0.551764 1655.390704 1
29 43500.000000 3300.759245 1411.574803 3589.924096 0.404114 1338.743612 1
30 45000.000000 3684.904945 1456.848690 3962.440228 0.376496 1375.570035 1
0 0.000000 2413.400621 -2478.710658 3459.553307 -0.798747 -2687.635584 0
1 1500.000000 2948.949767 -929.583654 3091.994583 -0.305366 -1193.544116 0
2 3000.000000 3144.931636 1647.329315 3550.251945 0.482509 1354.923469 1
3 4500.000000 3339.240822 1758.066476 3773.768276 0.484612 1447.557362 1
4 6000.000000 3559.486869 1527.751351 3873.495961 0.405427 1198.192804 1
5 7500.000000 2674.604527 -1362.032931 3001.440168 -0.471017 -1599.292539 0
6 9000.000000 3865.284467 1328.403251 4087.184753 0.331029 971.898164 1
7 10500.000000 3502.409297 1378.001326 3763.742624 0.374842 1054.244902 1
8 12000.000000 3817.515179 1764.927997 4205.757123 0.433055 1410.957243 1
9 13500.000000 3706.635464 1603.448244 4038.587963 0.408281 1260.213986 1
10 15000.000000 2768.167262 -1383.637926 3094.705786 -0.463519 -1629.304928 0
11 16500.000000 3740.748678 1382.135465 3987.919146 0.353923 1036.717763 1
12 18000.000000 2243.153182 -832.200722 2392.549736 -0.355256 -1032.468418 0
13 19500.000000 3768.371464 1678.456230 4125.268331 0.419027 1329.305640 1
14 21000.000000 2302.804021 -785.391040 2433.052700 -0.328687 -991.269195 0
15 22500.000000 3098.302884 1948.034471 3659.825004 0.561286 1658.620587 1
16 24000.000000 1870.740014 -2497.058407 3120.091166 -0.927822 -2656.627155 0
17 25500.000000 2012.931512 -2457.331842 3176.534756 -0.884485 -2629.977506 0
18 27000.000000 1776.525545 -2295.911369 2902.972963 -0.912250 -2447.755404 0
19 28500.000000 1958.974596 -594.890092 2047.309378 -0.294824 -770.331386 0
20 30000.000000 3195.949043 1693.651703 3616.980284 0.487309 1396.421435 1
21 31500.000000 2501.313537 1938.807566 3164.734458 0.659382 1703.645901 1
22 33000.000000 2566.249607 1881.332059 3181.987957 0.632601 1640.510875 1
23 34500.000000 2998.183651 1765.021124 3479.138510 0.532067 1485.455527 1
24 36000.000000 2375.833077 -895.027320 2538.829792 -0.360279 -1107.084409 0
25 37500.000000 3245.314158 1855.135810 3738.126918 0.519302 1552.755321 1
26 39000.000000 1722.941662 -553.131298 1809.553040 -0.310645 -707.310399 0
27 40500.000000 3001.667075 1976.435501 3593.925781 0.582290 1695.680003 1
28 42000.000000 2664.801177 1937.434188 3294.664861 0.628648 1687.431477 1
29 43500.000000 3153.142807 1660.879552 3563.822449 0.484808 1367.672039 1
30 45000.000000 3550.394062 1721.913565 3945.919959 0.451569 1392.378482 1
0 0.000000 2644.197341 -2361.357308 3545.107602 -0.728953 -2765.838388 0
1 1500.000000 3069.629603 -737.627815 3157.011354 -0.235827 -1234.732625 0
2 3000.000000 3022.816558 1887.118046 3563.514342 0.558090 1361.664708 1
3 4500.000000 3179.780298 1971.955983 3741.605690 0.555108 1419.398614 1
4 6000.000000 3419.875345 1769.724840 3850.645840 0.477535 1180.272821 1
5 7500.000000 2799.718350 -1187.237063 3041.044998 -0.401071 -1633.558895 0
6 9000.000000 3745.292525 1609.689944 4076.557103 0.405921 968.663992 1
7 10500.000000 3341.286661 1599.438011 3704.375589 0.446454 1025.313548 1
8 12000.000000 3666.657098 2020.352871 4186.430460 0.503616 1386.675476 1
9 13500.000000 3577.585696 1859.346377 4031.908773 0.479300 1242.601187 1
10 15000.000000 2889.614734 -1211.985823 3133.493728 -0.397142 -1672.822478 0
11 16500.000000 3626.744858 1625.730070 3974.452985 0.421407 1004.073189 1
12 18000.000000 2351.771986 -666.719190 2444.452076 -0.276248 -1046.175384 0
13 19500.000000 3604.363193 1953.415171 4099.666433 0.496648 1330.951864 1
14 21000.000000 2405.244182 -635.907824 2487.886319 -0.258470 -1024.623696 0
15 22500.000000 2980.127798 2205.267781 3707.339704 0.637065 1682.494784 1
16 24000.000000 2107.458174 -2362.734915 3166.053733 -0.842443 -2678.502797 0
17 25500.000000 2261.209975 -2293.776933 3220.944453 -0.792548 -2635.899773 0
18 27000.000000 2036.126439 -2142.174670 2955.456511 -0.810773 -2449.187429 0
19 28500.000000 2081.120185 -417.530967 2122.591184 -0.197999 -755.688668 0
20 30000.000000 3072.513284 1934.046221 3630.547158 0.561805 1399.735520 1
21 31500.000000 2398.790699 2160.056013 3228.008487 0.733079 1733.968485 1
22 33000.000000 2469.243307 2115.124776 3251.294408 0.708306 1678.012904 1
23 34500.000000 2893.112672 2008.741532 3522.093621 0.606903 1503.049262 1
24 36000.000000 2483.682158 -722.673397 2586.683959 -0.283151 -1123.158042 0
25 37500.000000 3148.658348 2092.982927 3780.823578 0.586655 1543.904508 1
26 39000.000000 1810.778436 -412.986592 1857.276627 -0.224236 -706.533745 0
27 40500.000000 2870.340840 2202.994228 3618.292430 0.654609 1698.394397 1
28 42000.000000 2524.438730 2109.917744 3290.067444 0.696190 1663.756607 1
29 43500.000000 2991.435089 1849.576244 3517.046513 0.553760 1329.824698 1
30 45000.000000 3402.045495 1914.841917 3903.912540 0.512655 1326.341192 1
0 0.000000 2797.829585 -2253.574422 3592.554532 -0.678069 -2821.249910 0
1 1500.000000 3130.805430 -581.274345 3184.308795 -0.183573 -1265.473892 0
2 3000.000000 2886.014084 2047.227075 3538.391724 0.616981 1351.346812 1
3 4500.000000 3013.716747 2107.883411 3677.724990 0.610343 1381.966516 1
4 6000.000000 3241.343930 1897.304558 3755.805514 0.529574 1125.889561 1
5 7500.000000 2855.574477 -1060.301327 3046.070337 -0.355531 -1670.976052 0
6 9000.000000 3611.820323 1805.150769 4037.798328 0.463479 953.362336 1
7 10500.000000 3180.090714 1738.719951 3624.379121 0.500346 984.979544 1
8 12000.000000 3505.727983 2146.705599 4110.775306 0.549445 1309.981091 1
9 13500.000000 3428.996139 2011.606643 3975.496926 0.530542 1195.419302 1
10 15000.000000 2950.302893 -1093.992778 3146.602511 -0.355090 -1724.962907 0
11 16500.000000 3502.537267 1791.253835 3934.000204 0.472739 964.210506 1
12 18000.000000 2399.320748 -547.010771 2460.886189 -0.224154 -1068.790955 0
13 19500.000000 3439.621573 2138.493328 4050.203733 0.556240 1316.732481 1
14 21000.000000 2457.354000 -518.882834 2511.538985 -0.208098 -1054.327090 0
15 22500.000000 2852.599675 2383.465023 3717.288047 0.696040 1686.559486 1
16 24000.000000 2269.436002 -2253.057457 3197.906764 -0.781777 -2702.796596 0
17 25500.000000 2444.427874 -2147.775492 3253.946403 -0.720889 -2639.233300 0
18 27000.000000 2227.862368 -2005.445491 2997.529374 -0.732907 -2452.152325 0
19 28500.000000 2156.323959 -269.233567 2173.066895 -0.124215 -743.780389 0
20 30000.000000 2932.746592 2108.475463 3612.017629 0.623326 1400.617997 1
21 31500.000000 2285.095459 2328.886285 3262.724718 0.794889 1760.037678 1
22 33000.000000 2350.976536 2303.027081 3291.052173 0.775096 1720.124820 1
23 34500.000000 2776.464047 2210.881873 3549.190226 0.672477 1535.326235 1
24 36000.000000 2552.672525 -566.817228 2614.845844 -0.218503 -1122.329229 0
25 37500.000000 3031.438623 2284.630793 3795.939671 0.645830 1550.298195 1
26 39000.000000 1876.775270 -284.802673 1898.261830 -0.150602 -696.555060 0
27 40500.000000 2719.202789 2394.725207 3623.364821 0.722033 1727.312748 1
28 42000.000000 2371.049773 2250.868211 3269.294225 0.759401 1664.801250 1
29 43500.000000 2821.929769 2015.186507 3467.602093 0.620137 1334.419776 1
30 45000.000000 3233.173173 2086.914839 3848.197281 0.573184 1312.539397 1
0 0.000000 2949.147446 -2139.737619 3643.617397 -0.627665 -2896.396441 0
1 1500.000000 3175.973301 -421.419312 3203.810333 -0.131919 -1315.552910 0
2 3000.000000 2724.891488 2200.278227 3502.321786 0.679281 1325.272532 1
3 4500.000000 2811.622552 2236.013514 3592.349901 0.671853 1334.601199 1
4 6000.000000 3071.099942 2043.706776 3688.955440 0.587170 1075.890979 1
5 7500.000000 2899.066051 -922.493110 3042.298064 -0.308073 -1716.024294 0
6 9000.000000 3443.186639 2014.346455 3989.125953 0.529335 940.934286 1
7 10500.000000 2985.825419 1890.955698 3534.242052 0.564553 954.055227 1
8 12000.000000 3308.622355 2305.259344 4032.518138 0.608537 1258.234154 1
9 13500.000000 3252.266784 2186.120741 3918.719578 0.591812 1160.292501 1
10 15000.000000 3007.808761 -946.084998 3153.092191 -0.304745 -1769.844781 0
11 16500.000000 3347.467823 1977.911989 3888.145659 0.533678 933.516420 1
12 18000.000000 2443.036392 -392.211770 2474.319479 -0.159184 -1077.136178 0
13 19500.000000 3234.587083 2345.318662 3995.381487 0.627357 1317.863607 1
14 21000.000000 2505.910453 -369.797841 2533.049080 -0.146513 -1073.718217 0
15 22500.000000 2705.048484 2587.541071 3743.348247 0.763200 1701.927098 1
16 24000.000000 2446.830606 -2103.045425 3226.419079 -0.709982 -2717.025237 0
17 25500.000000 2631.927831 -1975.549447 3290.872183 -0.643891 -2648.042067 0
18 27000.000000 2417.562773 -1838.871326 3037.442594 -0.650270 -2455.570780 0
19 28500.000000 2228.494324 -95.555937 2230.542062 -0.042853 -731.372155 0
20 30000.000000 2761.211198 2304.551912 3596.560412 0.695495 1414.727793 1
21 31500.000000 2161.370914 2502.012356 3306.295519 0.858315 1776.098842 1
22 33000.000000 2228.516644 2498.409315 3347.885234 0.842433 1753.368797 1
23 34500.000000 2644.913277 2421.294290 3585.837738 0.741287 1559.945938 1
24 36000.000000 2634.278639 -394.617556 2663.671708 -0.148695 -1134.349652 0
25 37500.000000 2879.631473 2488.208066 3805.713704 0.712607 1556.650651 1
26 39000.000000 1932.912740 -137.788490 1937.817672 -0.071165 -686.959899 0
27 40500.000000 2539.581307 2601.815967 3635.783209 0.797502 1763.109466 1
28 42000.000000 2192.900357 2405.607810 3255.113042 0.831621 1674.700720 1
29 43500.000000 2629.948310 2187.713627 3420.923710 0.693860 1340.496801 1
30 45000.000000 3046.125693 2281.070684 3805.544009 0.642760 1310.431315 1
0 0.000000 3116.849027 -1983.114126 3694.250870 -0.566653 -2951.727526 0
1 1500.000000 3209.605998 -235.098840 3218.204799 -0.073118 -1347.730723 0
2 3000.000000 2530.165459 2363.481959 3462.337970 0.751350 1323.903912 1
3 4500.000000 2594.206024 2369.232678 3513.284557 0.740103 1306.788913 1
4 6000.000000 2879.144998 2205.760375 3626.962194 0.653736 1053.630930 1
5 7500.000000 2936.374266 -760.623435 3033.288947 -0.253464 -1743.761295 0
6 9000.000000 3250.971550 2229.385288 3941.950632 0.601105 945.117416 1
7 10500.000000 2767.307113 2039.351354 3437.578014 0.635093 937.121546 1
8 12000.000000 3090.700200 2470.301161 3956.616680 0.674295 1226.983178 1
9 13500.000000 3051.163432 2363.158194 3859.289434 0.659004 1140.560545 1
10 15000.000000 3040.089416 -793.536898 3141.949151 -0.255327 -1811.014477 0
11 16500.000000 3169.137249 2166.396149 3838.841385 0.599629 914.894174 1
12 18000.000000 2458.021638 -247.636780 2470.464399 -0.100408 -1095.418126 0
13 19500.000000 3008.553382 2549.128052 3943.278747 0.702921 1329.645431 1
14 21000.000000 2535.389540 -216.501343 2544.616464 -0.085185 -1093.448848 0
15 22500.000000 2524.848733 2778.883233 3754.604260 0.833259 1714.692555 1
16 24000.000000 2606.382840 -1950.157861 3255.203095 -0.642363 -2741.531971 0
17 25500.000000 2853.641994 -1836.000012 3393.253406 -0.571713 -2721.519950 0
18 27000.000000 2589.651927 -1660.979281 3076.548273 -0.570299 -2464.909617 0
19 28500.000000 2280.909347 74.782202 2282.134928 0.032774 -731.328161 0
20 30000.000000 2578.226538 2483.725726 3579.964464 0.766731 1419.597397 1
21 31500.000000 2007.011681 2664.839725 3336.085528 0.925285 1789.848693 1
22 33000.000000 2078.212214 2678.476188 3390.162341 0.910928 1777.601261 1
23 34500.000000 2495.391711 2616.277726 3615.506732 0.809043 1572.801666 1
24 36000.000000 2685.165819 -211.673663 2693.496095 -0.078668 -1141.549250 0
25 37500.000000 2714.112947 2679.250539 3813.763566 0.778934 1554.917656 1
26 39000.000000 1975.220645 4.284227 1975.225291 0.002169 -689.935657 0
27 40500.000000 2347.710131 2787.397772 3644.355800 0.870814 1784.897751 1
28 42000.000000 2008.425794 2545.851912 3242.705064 0.902860 1677.949167 1
29 43500.000000 2432.629285 2342.493727 3377.123347 0.766524 1338.520629 1
30 45000.000000 2861.340826 2455.650251 3770.608635 0.709245 1293.846177 1
0 0.000000 3271.743196 -1820.649504 3744.204609 -0.507802 -3027.014720 0
1 1500.000000 3240.794115 -46.780331 3241.131731 -0.014434 -1404.382060 0
2 3000.000000 2330.160583 2512.772677 3426.904561 0.823087 1300.872387 1
3 4500.000000 2377.234045 2493.880518 3445.385573 0.809340 1263.946986 1
4 6000.000000 2684.941917 2361.514124 3575.704413 0.721396 1014.523186 1
5 7500.000000 2975.300388 -576.416554 3030.621791 -0.191363 -1773.406330 0
6 9000.000000 3054.108942 2439.136120 3908.576011 0.673912 929.816917 1
7 10500.000000 2553.156204 2194.143017 3366.432857 0.709917 918.031505 1
8 12000.000000 2869.513619 2639.149225 3898.617325 0.743604 1188.886366 1
9 13500.000000 2844.501335 2551.915463 3821.447418 0.731233 1120.240918 1
10 15000.000000 3084.887446 -603.295576 3143.325645 -0.193127 -1843.850223 0
11 16500.000000 2977.813453 2363.920673 3802.038126 0.670976 893.628608 1
12 18000.000000 2463.534381 -69.424098 2464.512396 -0.028173 -1098.288377 0
13 19500.000000 2751.889007 2744.472926 3886.518333 0.784049 1333.889491 1
14 21000.000000 2558.885611 -32.698416 2559.094519 -0.012778 -1105.034173 0
15 22500.000000 2303.188345 2983.653708 3769.199650 0.913404 1739.489480 1
16 24000.000000 2763.366418 -1746.233868 3268.872387 -0.563562 -2745.845559 0
17 25500.000000 3025.234413 -1620.811563 3432.065468 -0.491848 -2742.085289 0
18 27000.000000 2763.621648 -1440.768661 3116.635839 -0.480568 -2468.770672 0
19 28500.000000 2311.892812 265.812020 2327.123633 0.114473 -730.364939 0
20 30000.000000 2284.151105 2599.559619 3460.499456 0.849892 1398.959047 1
21 31500.000000 1817.891913 2827.862935 3361.776284 0.999464 1802.067631 1
22 33000.000000 1888.418713 2871.336244 3436.669472 0.989042 1811.877085 1
23 34500.000000 2312.794271 2813.992584 3642.467790 0.882849 1581.500441 1
24 36000.000000 2709.728593 6.027062 2709.735296 0.002224 -1133.285561 0
25 37500.000000 2502.115446 2884.236478 3818.298281 0.856222 1565.678840 1
26 39000.000000 1995.917249 178.287792 2003.864318 0.089090 -676.997591 0
27 40500.000000 2114.242850 2965.515481 3642.019343 0.951437 1802.434400 1
28 42000.000000 1790.765838 2688.268409 3230.112896 0.983158 1686.797824 1
29 43500.000000 2208.193881 2500.431447 3335.907319 0.847383 1340.929939 1
30 45000.000000 2643.886612 2629.860500 3729.115535 0.782739 1275.276696 1
0 0.000000 3401.445066 -1631.628155 3772.537471 -0.447265 -3054.458640 0
1 1500.000000 3236.819856 161.556060 3240.849139 0.049871 -1399.231508 0
2 3000.000000 2109.191923 2653.961806 3390.015315 0.899275 1329.414843 1
3 4500.000000 2148.156879 2603.899045 3375.628565 0.881010 1266.837977 1
4 6000.000000 2464.423492 2502.097041 3511.961382 0.792984 1026.719823 1
5 7500.000000 2995.801984 -395.300455 3021.769676 -0.131194 -1774.136373 0
6 9000.000000 2837.012119 2643.533062 3877.744811 0.750110 973.673840 1
7 10500.000000 2336.047270 2321.209249 3293.194380 0.782212 928.785813 1
8 12000.000000 2649.338861 2779.627388 3839.964169 0.809392 1182.713883 1
9 13500.000000 2635.450065 2696.289872 3770.354906 0.796809 1116.044548 1
10 15000.000000 3098.364397 -434.468493 3128.677805 -0.139317 -1857.416544 0
11 16500.000000 2794.682584 2512.247083 3757.876548 0.732228 878.383820 1
12 18000.000000 2457.551815 75.004459 2458.696116 0.030511 -1104.271945 0
13 19500.000000 2524.279666 2890.440519 3837.529704 0.852919 1339.707594 1
14 21000.000000 2549.930600 112.253658 2552.400233 0.043994 -1115.505419 0
15 22500.000000 2111.055011 3136.564639 3780.818826 0.978390 1752.904493 1
16 24000.000000 2866.378450 -1583.601174 3274.739394 -0.504741 -2757.440250 0
17 25500.000000 3135.872632 -1450.193766 3454.961522 -0.433161 -2768.455097 0
18 27000.000000 2877.662467 -1266.620353 3144.084666 -0.414638 -2484.076338 0
19 28500.000000 2322.969717 419.038713 2360.462190 0.178470 -737.660657 0
20 30000.000000 2098.829068 2714.845297 3431.540244 0.912678 1387.887284 1
21 31500.000000 1660.432076 2940.930870 3377.293156 1.056818 1795.449748 1
22 33000.000000 1737.077159 2994.036967 3461.458423 1.045079 1805.652048 1
23 34500.000000 2159.424603 2952.626103 3658.020711 0.939334 1568.125702 1
24 36000.000000 2725.426040 157.321026 2729.962821 0.057659 -1159.442139 0
25 37500.000000 2337.704348 3020.397924 3819.380216 0.912129 1542.828323 1
26 39000.000000 1995.596527 303.275795 2018.509774 0.150818 -683.569535 0
27 40500.000000 1927.612932 3081.252026 3634.529634 1.011770 1791.616056 1
28 42000.000000 1621.030140 2770.403490 3209.809062 1.041387 1664.258749 1
29 43500.000000 2023.919226 2600.000336 3294.882514 0.909347 1322.568633 1
30 45000.000000 2455.061529 2741.434738 3680.053197 0.840451 1241.639372 1
0 0.000000 3455.371600 -1483.894048 3760.523160 -0.405630 -3093.270683 0
1 1500.000000 3209.297126 324.179796 3225.628712 0.100671 -1430.866344 0
2 3000.000000 1921.302616 2731.489961 3339.527085 0.957799 1292.852751 1
3 4500.000000 1941.795208 2663.389206 3296.090213 0.940826 1224.273831 1
4 6000.000000 2264.321452 2589.769415 3440.066462 0.852344 990.513219 1
5 7500.000000 2968.392307 -245.779012 2978.550018 -0.082610 -1785.662151 0
6 9000.000000 2637.788621 2791.913769 3840.925839 0.813776 963.283915 1
7 10500.000000 2131.572652 2410.806850 3218.010510 0.846794 909.457672 1
8 12000.000000 2421.633470 2864.194794 3750.722661 0.868929 1139.382811 1
9 13500.000000 2423.323528 2806.626755 3708.052139 0.858557 1089.718277 1
10 15000.000000 3082.418863 -279.228552 3095.040328 -0.090341 -1874.593455 0
11 16500.000000 2604.839809 2640.393519 3709.025258 0.792176 852.439375 1
12 18000.000000 2437.914666 222.031844 2448.004506 0.090824 -1107.469378 0
13 19500.000000 2289.377890 3019.006771 3788.885457 0.921991 1340.808580 1
14 21000.000000 2525.884693 262.668321 2539.505489 0.103618 -1119.794809 0
15 22500.000000 1909.573410 3279.690532 3795.107455 1.043537 1763.471521 1
16 24000.000000 2967.173412 -1384.585244 3274.323496 -0.436601 -2749.707431 0
17 25500.000000 3188.310735 -1221.081330 3414.141906 -0.365754 -2728.718400 0
18 27000.000000 2991.025439 -1067.385587 3175.774735 -0.342776 -2493.680166 0
19 28500.000000 2328.177065 587.784847 2401.228742 0.247298 -739.320050 0
20 30000.000000 1886.520810 2845.965954 3414.452076 0.985423 1408.310114 1
21 31500.000000 1467.700350 3055.331761 3389.571726 1.122973 1808.234992 1
22 33000.000000 1554.474007 3132.296401 3496.808571 1.110135 1827.319248 1
23 34500.000000 1978.409362 3104.943049 3681.680994 1.003486 1578.860610 1
24 36000.000000 2729.490673 364.731244 2753.751662 0.132839 -1141.536506 0
25 37500.000000 2127.270529 3177.515562 3823.857352 0.980851 1561.229763 1
26 39000.000000 1990.763376 467.984395 2045.030125 0.230886 -661.495994 0
27 40500.000000 1701.904184 3200.959187 3625.274827 1.082123 1807.136894 1
28 42000.000000 1421.226007 2877.204980 3209.079597 1.111992 1682.039547 1
29 43500.000000 1814.304104 2714.779262 3265.229827 0.981659 1335.558026 1
30 45000.000000 2233.744798 2877.746671 3642.944101 0.910729 1250.710367 1
0 0.000000 3557.545847 -1275.424030 3779.264335 -0.344238 -3121.905099 0
1 1500.000000 3182.404452 521.456082 3224.843336 0.162413 -1447.339964 0
2 3000.000000 1706.066255 2823.505197 3298.915529 1.027267 1282.901522 1
3 4500.000000 1718.183449 2728.461547 3224.384713 1.008806 1198.865496 1
4 6000.000000 2040.111672 2700.240131 3384.280189 0.923766 986.924656 1
5 7500.000000 2950.359424 -64.793456 2951.070810 -0.021958 -1785.485031 0
6 9000.000000 2409.159818 2947.796965 3807.040580 0.885610 970.491438 1
7 10500.000000 1914.807026 2510.180624 3157.133623 0.919143 906.714676 1
8 12000.000000 2199.319816 2962.554720 3689.679949 0.932195 1105.695322 1
9 13500.000000 2193.547161 2926.820034 3657.584539 0.927638 1080.166288 1
10 15000.000000 3069.230320 -103.176228 3070.964032 -0.033604 -1886.373060 0
11 16500.000000 2394.276364 2758.190367 3652.420212 0.855910 825.786329 1
12 18000.000000 2414.575078 367.905018 2442.442816 0.151205 -1120.583316 0
13 19500.000000 2048.380913 3128.490872 3739.427697 0.991089 1328.648494 1
14 21000.000000 2494.094885 409.654196 2527.513769 0.162796 -1133.506033 0
15 22500.000000 1688.938866 3404.978098 3800.840741 1.110337 1763.545339 1
16 24000.000000 3057.436023 -1187.377168 3279.905422 -0.370429 -2756.883531 0
17 25500.000000 3292.295150 -1008.386336 3443.261587 -0.297214 -2749.983933 0
18 27000.000000 3113.335120 -867.987511 3232.067123 -0.271893 -2531.238318 0
19 28500.000000 2316.570543 755.980197 2436.802236 0.315440 -748.947897 0
20 30000.000000 1667.090188 2948.773721 3387.396663 1.056244 1407.175352 1
21 31500.000000 1273.192861 3159.199051 3406.106092 1.187697 1808.847742 1
22 33000.000000 1364.134630 3260.657898 3534.508907 1.174562 1837.538479 1
23 34500.000000 1779.339221 3247.153563 3702.709052 1.069514 1582.717342 1
24 36000.000000 2712.510237 557.654412 2769.240009 0.202761 -1142.027876 0
25 37500.000000 1904.203346 3314.007907 3822.124905 1.049269 1563.476754 1
26 39000.000000 1970.805566 627.894685 2068.411544 0.308431 -649.503716 0
27 40500.000000 1449.001359 3309.949247 3613.221410 1.158158 1827.578810 1
28 42000.000000 1205.769410 2961.133937 3197.216612 1.184100 1688.159315 1
29 43500.000000 1594.884638 2824.516060 3243.693571 1.056769 1349.027949 1
30 45000.000000 2007.092751 3001.702576 3610.905657 0.981421 1250.292116 1
0 0.000000 3637.216962 -1045.622893 3784.530944 -0.279930 -3142.993546 0
1 1500.000000 3136.521728 728.767654 3220.073112 0.228298 -1463.343245 0
2 3000.000000 1481.623421 2895.530753 3252.584557 1.097838 1259.997318 1
3 4500.000000 1483.830643 2796.390282 3165.683494 1.082951 1182.751449 1
4 6000.000000 1789.476319 2794.427859 3318.290608 1.001219 984.337397 1
5 7500.000000 2926.475698 131.374267 2929.423016 0.044862 -1784.914302 0
6 9000.000000 2003.499528 2899.420346 3524.294072 0.966136 926.751840 1
7 10500.000000 1674.244350 2600.295187 3092.673472 0.998745 910.100877 1
8 12000.000000 1942.642752 3049.697934 3615.870345 1.003618 1080.893166 1
9 13500.000000 1934.350350 3037.168370 3600.847537 1.003691 1076.652805 1
10 15000.000000 3047.522055 86.381838 3048.746053 0.028337 -1897.309556 0
11 16500.000000 2165.704863 2868.500043 3594.241234 0.924106 798.602324 1
12 18000.000000 2383.677071 527.171311 2441.275480 0.217655 -1132.504139 0
13 19500.000000 1782.259492 3228.276402 3687.576091 1.066359 1320.799597 1
14 21000.000000 2456.659812 566.741764 2521.184972 0.226729 -1149.259522 0
15 22500.000000 1452.112937 3525.427144 3812.777010 1.180076 1760.762096 1
16 24000.000000 3139.434725 -955.878447 3281.730336 -0.295557 -2753.658145 0
17 25500.000000 3378.887218 -772.356412 3466.037112 -0.224722 -2767.566226 0
18 27000.000000 2936.915275 -579.274880 2993.498074 -0.194740 -2335.153297 0
19 28500.000000 2286.473342 930.482842 2468.553962 0.386484 -761.422686 0
20 30000.000000 1417.917586 3045.771044 3359.644555 1.135098 1415.945633 1
21 31500.000000 1045.756962 3242.937237 3407.381627 1.258852 1806.506405 1
22 33000.000000 1145.806154 3367.527910 3557.121866 1.242832 1837.337894 1
23 34500.000000 1552.246438 3364.634455 3705.433041 1.138551 1573.274542 1
24 36000.000000 2672.425422 747.609985 2775.027626 0.272777 -1149.936925 0
25 37500.000000 1664.040290 3427.810877 3810.369732 1.118854 1549.569118 1
26 39000.000000 1934.360140 780.833442 2086.012947 0.383662 -649.026387 0
27 40500.000000 1188.942413 3401.866899 3603.648493 1.234570 1835.810111 1
28 42000.000000 963.532386 3023.812589 3173.615798 1.262320 1691.890597 1
29 43500.000000 1355.536300 2907.932150 3208.355973 1.134592 1350.714076 1
30 45000.000000 1744.351048 3092.121646 3550.208001 1.057171 1241.089386 1
0 0.000000 3695.617066 -830.977537 3787.889804 -0.221176 -3174.467832 0
1 1500.000000 3078.207853 914.670977 3211.228205 0.288835 -1493.410863 0
2 3000.000000 1244.786940 2951.686142 3203.427166 1.171707 1245.025988 1
3 4500.000000 1225.806772 2836.593287 3090.123577 1.162893 1175.850318 1
4 6000.000000 1525.226169 2856.137961 3237.875680 1.080307 980.866268 1
5 7500.000000 2869.404732 298.018683 2884.839450 0.103490 -1789.287225 0
6 9000.000000 1754.755709 3025.433091 3497.486667 1.045211 941.904837 1
7 10500.000000 1423.658148 2668.970606 3024.930845 1.080779 917.717432 1
8 12000.000000 1670.346411 3109.076960 3529.364911 1.077796 1060.719580 1
9 13500.000000 1672.858165 3110.919320 3532.176872 1.077416 1060.285886 1
10 15000.000000 3008.782429 257.285406 3019.762820 0.085304 -1915.737236 0
11 16500.000000 1917.384814 2954.337994 3521.999078 0.995120 777.483017 1
12 18000.000000 2338.177591 683.220316 2435.952472 0.284287 -1142.655891 0
13 19500.000000 1501.403594 3308.785527 3633.493418 1.144818 1321.653718 1
14 21000.000000 2404.767153 708.580989 2506.988648 0.286548 -1170.970443 0
15 22500.000000 1198.472960 3615.746619 3809.194278 1.250733 1752.913276 1
16 24000.000000 3205.558876 -733.506612 3288.409898 -0.224951 -2762.626853 0
17 25500.000000 3459.782145 -525.541787 3499.469483 -0.150748 -2791.130327 0
18 27000.000000 3007.091215 -344.895235 3026.805296 -0.114195 -2345.804315 0
19 28500.000000 2258.856153 1106.720143 2515.404658 0.455573 -784.006762 0
20 30000.000000 1166.886078 3122.904416 3333.789902 1.213206 1422.013944 1
21 31500.000000 805.872586 3319.695549 3416.110239 1.332648 1814.915192 1
22 33000.000000 905.952185 3458.161151 3574.860544 1.314579 1844.225456 1
23 34500.000000 1316.704426 3484.169343 3724.667309 1.209476 1576.165055 1
24 36000.000000 2637.813599 952.172553 2804.406025 0.346414 -1159.179637 0
25 37500.000000 1412.628057 3537.881978 3809.478563 1.190905 1547.680746 1
26 39000.000000 1899.212953 941.912265 2119.954847 0.460401 -651.018525 0
27 40500.000000 916.408478 3477.615679 3596.333593 1.313137 1850.859673 1
28 42000.000000 720.312191 3070.326729 3153.689249 1.340359 1696.048631 1
29 43500.000000 1109.444155 2977.638019 3177.608300 1.214138 1358.074220 1
30 45000.000000 1486.763757 3181.202771 3511.483666 1.133601 1240.504142 1
0 0.000000 3761.981285 -589.611774 3807.905623 -0.155464 -3207.525303 0
1 1500.000000 3023.515645 1118.439546 3223.748419 0.354304 -1522.380824 0
2 3000.000000 1000.287927 2990.994857 3153.827226 1.248056 1233.741388 1
3 4500.000000 1020.691134 2941.964943 3113.995523 1.236848 1185.963939 1
4 6000.000000 1267.359893 2904.903433 3169.331957 1.159408 976.709936 1
5 7500.000000 2818.898818 482.985519 2859.976496 0.169691 -1790.411239 0
6 9000.000000 1503.540415 3127.043801 3469.731504 1.122611 947.129256 1
7 10500.000000 1169.433352 2715.163480 2956.296177 1.164104 924.254377 1
8 12000.000000 1404.079065 3162.209169 3459.913994 1.152928 1044.908777 1
9 13500.000000 1413.134983 3175.178801 3475.443986 1.152061 1046.725754 1
10 15000.000000 2965.583854 435.564790 2997.399586 0.145831 -1931.672088 0
11 16500.000000 1665.890156 3025.572286 3453.878642 1.067490 758.310533 1
12 18000.000000 2292.954809 827.404193 2437.670908 0.346305 -1168.315590 0
13 19500.000000 1215.254185 3364.717629 3577.452649 1.224200 1320.525725 1
14 21000.000000 2340.705224 843.995822 2488.218216 0.346063 -1193.069110 0
15 22500.000000 925.843251 3687.507019 3801.959198 1.324806 1751.185953 1
16 24000.000000 3264.560259 -522.653483 3306.133746 -0.158752 -2790.709258 0
17 25500.000000 3507.537763 -268.775815 3517.820575 -0.076479 -2804.340875 0
18 27000.000000 3059.253985 -108.890985 3061.191303 -0.035579 -2362.715584 0
19 28500.000000 2210.589177 1272.937952 2550.897007 0.522463 -811.309761 0
20 30000.000000 904.039916 3174.951502 3301.152103 1.293396 1427.746228 1
21 31500.000000 556.200509 3363.186456 3408.868162 1.406901 1812.959334 1
22 33000.000000 664.777114 3523.735078 3585.894242 1.384331 1838.090506 1
23 34500.000000 1078.499826 3564.560071 3724.144247 1.276991 1555.389024 1
24 36000.000000 2563.938741 1137.838867 2805.077388 0.417674 -1165.425579 0
25 37500.000000 1141.036469 3622.578681 3798.031138 1.265655 1547.025960 1
26 39000.000000 1841.230722 1100.756611 2145.179640 0.538828 -648.898716 0
27 40500.000000 621.316219 3543.071680 3597.136468 1.397201 1883.448580 1
28 42000.000000 459.917530 3090.488574 3124.522966 1.423063 1704.281794 1
29 43500.000000 844.497382 3030.125668 3145.606045 1.298993 1376.324493 1
30 45000.000000 1195.516576 3229.080883 3443.286691 1.216210 1245.392422 1
0 0.000000 3788.206435 -337.461926 3803.207665 -0.088848 -3239.204865 0
1 1500.000000 2922.556307 1316.132901 3205.236525 0.423133 -1557.014163 0
2 3000.000000 748.161440 3026.533813 3117.635717 1.328454 1208.532695 1
3 4500.000000 745.994837 2946.577337 3039.543765 1.322833 1162.493616 1
4 6000.000000 983.978306 2937.850027 3098.253716 1.247608 966.452496 1
5 7500.000000 2740.888643 673.138331 2822.336933 0.240825 -1795.552817 0
6 9000.000000 1213.216152 3226.162025 3446.739741 1.211101 954.913810 1
7 10500.000000 881.901314 2784.476848 2920.798049 1.264071 956.657594 1
8 12000.000000 1111.505258 3193.906527 3381.786931 1.235897 1017.196754 1
9 13500.000000 1111.728659 3215.150418 3401.930750 1.237888 1029.711475 1
10 15000.000000 2900.755947 636.658605 2969.801213 0.216054 -1945.539627 0
11 16500.000000 1367.282174 3074.426343 3364.752277 1.152336 740.709894 1
12 18000.000000 2230.424462 987.251949 2439.151428 0.416708 -1198.546536 0
13 19500.000000 876.431400 3399.978208 3511.122871 1.318513 1328.823918 1
14 21000.000000 2274.802450 984.144941 2478.561569 0.408314 -1235.987415 0
15 22500.000000 605.053558 3744.081784 3792.655825 1.410579 1752.039461 1
16 24000.000000 3323.767923 -244.917316 3332.779275 -0.073554 -2811.498165 0
17 25500.000000 3536.534775 32.055256 3536.680047 0.009064 -2816.605279 0
18 27000.000000 3118.735793 165.251891 3123.110810 0.052937 -2402.005551 0
19 28500.000000 2143.773726 1460.110315 2593.778695 0.597924 -846.519040 0
20 30000.000000 589.243458 3203.159133 3256.905937 1.388873 1441.499437 1
21 31500.000000 250.248403 3390.357894 3399.580991 1.497118 1825.178354 1
22 33000.000000 351.846992 3574.137058 3591.413651 1.472670 1853.525340 1
23 34500.000000 779.043317 3638.815452 3721.274833 1.359888 1549.626571 1
24 36000.000000 2470.629197 1356.115347 2818.343035 0.501994 -1170.747141 0
25 37500.000000 814.837756 3689.823381 3778.724276 1.353451 1551.403661 1
26 39000.000000 1772.654066 1272.735167 2182.236752 0.622693 -660.900112 0
27 40500.000000 281.246937 3565.347237 3576.422900 1.492076 1904.883592 1
28 42000.000000 173.614045 3093.307065 3098.175340 1.514729 1709.130705 1
29 43500.000000 542.221881 3085.968626 3133.242239 1.396866 1409.178740 1
30 45000.000000 877.883759 3283.858252 3399.177094 1.309572 1258.274236 1
0 0.000000 3839.943994 -16.787542 3839.980690 -0.004372 -3264.772677 0
1 1500.000000 2816.611789 1540.155312 3210.199426 0.500392 -1571.660303 0
2 3000.000000 476.003042 3039.407765 3076.455502 1.415448 1207.780065 1
3 4500.000000 452.556080 2946.768359 2981.316952 1.418410 1178.546675 1
4 6000.000000 679.580709 2962.059535 3039.017378 1.345271 994.160250 1
5 7500.000000 2669.973810 881.379028 2811.687952 0.318845 -1796.585280 0
6 9000.000000 898.660011 3308.240703 3428.125780 1.305554 991.936213 1
7 10500.000000 579.538174 2843.281961 2901.743753 1.369723 1016.014443 1
8 12000.000000 783.881438 3210.764900 3305.069039 1.331339 1037.578439 1
9 13500.000000 804.814674 3241.270449 3339.694714 1.327416 1036.002144 1
10 15000.000000 2819.848998 842.122103 2942.909786 0.290209 -1944.476391 0
11 16500.000000 1070.932904 3109.906907 3289.136400 1.239153 740.717535 1
12 18000.000000 2166.772073 1154.093870 2454.961074 0.489412 -1225.339343 0
13 19500.000000 542.562296 3410.772772 3453.656721 1.413045 1348.228678 1
14 21000.000000 2194.380964 1123.903442 2465.454676 0.473339 -1264.754649 0
15 22500.000000 290.369679 3762.566768 3773.754528 1.493776 1748.569856 1
16 24000.000000 3363.500913 18.295143 3363.550670 0.005439 -2842.199034 0
17 25500.000000 3538.300509 325.451135 3553.236402 0.091721 -2827.568189 0
18 27000.000000 3138.787037 433.218190 3168.542577 0.137154 -2431.688290 0
19 28500.000000 2065.717542 1630.036845 2631.389192 0.668053 -887.328345 0
20 30000.000000 313.369580 3215.399814 3230.634064 1.473644 1438.980746 1
21 31500.000000 -10.067981 3392.408563 3392.423503 1.573764 1807.065572 1
22 33000.000000 92.684044 3591.031941 3592.227824 1.544992 1825.245291 1
23 34500.000000 527.108895 3684.614678 3722.126961 1.428704 1506.512356 1
24 36000.000000 2358.533602 1539.931514 2816.748093 0.578425 -1183.376362 0
25 37500.000000 534.061713 3727.298145 3765.364972 1.428481 1523.246279 1
26 39000.000000 1692.272540 1413.096396 2204.683147 0.695738 -685.699646 0
27 40500.000000 -0.350130 3567.445260 3567.445277 1.570894 1891.623799 1
28 42000.000000 -48.486660 3071.395249 3071.777943 1.586582 1669.451278 1
29 43500.000000 291.811927 3086.635406 3100.398737 1.476536 1388.993286 1
30 45000.000000 619.382312 3295.717341 3353.414266 1.385028 1222.095192 1
0 0.000000 3813.354400 229.121392 3820.231458 0.060012 -3245.730049 0
1 1500.000000 2689.658772 1703.336052 3183.648539 0.564539 -1556.211848 0
2 3000.000000 256.957326 3018.539212 3029.456394 1.485875 1209.252960 1
3 4500.000000 224.339778 2909.018497 2917.656072 1.493830 1185.870555 1
4 6000.000000 446.414269 2939.297138 2973.004097 1.420070 1004.905007 1
5 7500.000000 2570.746673 1023.514663 2767.005732 0.378901 -1774.855003 0
6 9000.000000 657.901561 3341.431489 3405.583483 1.376391 1010.069063 1
7 10500.000000 345.274554 2852.068799 2872.892437 1.450322 1052.402715 1
8 12000.000000 528.151812 3179.644143 3223.209769 1.406195 1047.283031 1
9 13500.000000 577.107800 3226.244363 3277.454210 1.393789 1026.373782 1
10 15000.000000 2721.703321 977.250611 2891.831206 0.344722 -1929.652643 0
11 16500.000000 819.155058 3086.881291 3193.720576 1.311408 747.173898 1
12 18000.000000 2080.113501 1251.359770 2427.503543 0.541582 -1234.896786 0
13 19500.000000 275.447670 3380.350620 3391.554471 1.489491 1365.026503 1
14 21000.000000 2108.420448 1208.776601 2430.345173 0.520563 -1280.047037 0
15 22500.000000 57.297981 3749.020556 3749.458386 1.555514 1732.237734 1
16 24000.000000 3355.258214 202.422708 3361.358749 0.060257 -2855.429725 0
17 25500.000000 3505.102752 533.162850 3545.420698 0.150953 -2829.985083 0
18 27000.000000 3132.804387 614.962139 3192.591700 0.193833 -2463.572304 0
19 28500.000000 1984.311278 1746.489864 2643.429230 0.721739 -915.185535 0
20 30000.000000 96.025151 3185.627632 3187.074558 1.540662 1430.277737 1
21 31500.000000 -202.028024 3363.221648 3369.284074 1.630794 1776.925688 1
22 33000.000000 -107.384226 3566.451473 3568.067752 1.600897 1790.300782 1
23 34500.000000 334.809185 3694.481259 3709.621135 1.480419 1462.172935 1
24 36000.000000 2260.067433 1658.547043 2803.334282 0.633084 -1199.589624 0
25 37500.000000 300.096132 3723.869815 3735.942196 1.490383 1506.684768 1
26 39000.000000 1608.474019 1517.102468 2211.060508 0.756173 -693.627511 0
27 40500.000000 -242.282257 3547.307916 3555.572267 1.638991 1899.870320 1
28 42000.000000 -230.113750 3035.149570 3043.860254 1.646468 1645.636286 1
29 43500.000000 73.515525 3069.569572 3070.449786 1.546851 1394.894731 1
30 45000.000000 423.086816 3445.752844 3471.630038 1.448623 1266.244183 1
0 0.000000 3778.597604 441.439390 3804.296070 0.116299 -3250.261146 0
1 1500.000000 2566.519917 1835.582831 3155.374592 0.620857 -1567.218603 0
2 3000.000000 63.919624 2980.922400 2981.607633 1.549357 1185.017568 1
3 4500.000000 15.000966 2855.986526 2856.025922 1.565544 1177.378372 1
4 6000.000000 238.687260 2915.390780 2925.145297 1.489107 998.843785 1
5 7500.000000 2481.905350 1157.590783 2738.589160 0.436418 -1773.051201 0
6 9000.000000 427.384445 3356.172363 3383.275099 1.444135 1011.153853 1
7 10500.000000 121.908733 2846.418222 2849.027630 1.527994 1076.220144 1
8 12000.000000 281.757787 3136.412346 3149.042688 1.481202 1051.868286 1
9 13500.000000 345.577150 3205.510261 3224.084304 1.463404 1022.678568 1
10 15000.000000 2618.628067 1111.833772 2844.887922 0.401520 -1916.399645 0
11 16500.000000 591.160400 3054.778370 3111.453279 1.379639 736.610278 1
12 18000.000000 2002.860033 1366.927728 2424.858702 0.598876 -1250.350542 0
13 19500.000000 10.470679 3338.896799 3338.913217 1.567660 1382.880726 1
14 21000.000000 2024.638822 1314.848483 2414.122800 0.575970 -1291.863447 0
15 22500.000000 -192.999901 3723.919976 3728.917933 1.622577 1728.377893 1
16 24000.000000 3342.395258 414.256752 3367.968931 0.123311 -2865.134442 0
17 25500.000000 3466.424330 766.657017 3550.191631 0.217663 -2830.904857 0
18 27000.000000 3119.673847 816.476068 3224.747755 0.255977 -2494.969087 0
19 28500.000000 1898.481393 1873.169470 2667.019960 0.778687 -944.366671 0
20 30000.000000 -129.239941 3155.238747 3157.884499 1.611734 1433.273455 1
21 31500.000000 -404.662110 3336.397915 3360.848475 1.691494 1759.151097 1
22 33000.000000 -322.838290 3547.280628 3561.941102 1.661556 1772.724754 1
23 34500.000000 125.073944 3702.766863 3704.878667 1.537031 1430.460561 1
24 36000.000000 2146.279394 1791.120935 2795.465871 0.695440 -1203.805386 0
25 37500.000000 54.293842 3719.666493 3720.062720 1.556201 1501.839839 1
26 39000.000000 1518.548724 1636.289722 2232.360697 0.822702 -697.831805 0
27 40500.000000 -493.172032 3508.872973 3543.361144 1.710432 1911.523499 1
28 42000.000000 -432.530391 2988.593180 3019.730407 1.714525 1639.437812 1
29 43500.000000 -163.090030 3045.708011 3050.071417 1.624293 1418.362801 1
30 45000.000000 181.777676 3432.153274 3436.963663 1.517883 1266.070626 1
0 0.000000 3714.646521 678.931052 3776.181424 0.180776 -3232.739014 0
1 1500.000000 2422.723104 1973.155040 3124.568458 0.683482 -1565.922594 0
2 3000.000000 -150.067966 2938.699656 2942.528855 1.621818 1182.066819 1
3 4500.000000 -207.508815 2795.042102 2802.734425 1.644902 1184.852014 1
4 6000.000000 14.562204 2879.540998 2879.577819 1.565739 1007.156617 1
5 7500.000000 2374.184278 1300.715919 2707.141092 0.501197 -1758.909949 0
6 9000.000000 176.757896 3428.910870 3433.463719 1.519293 1050.241057 1
7 10500.000000 -113.529163 2821.184447 2823.467824 1.611016 1106.242718 1
8 12000.000000 24.351467 3077.110983 3077.207337 1.562883 1068.039980 1
9 13500.000000 115.637347 3165.600669 3167.712043 1.534283 1014.051130 1
10 15000.000000 2499.631620 1247.531351 2793.652216 0.462916 -1895.064122 0
11 16500.000000 350.650743 3021.456730 3041.735806 1.455260 743.201875 1
12 18000.000000 1904.822114 1477.277398 2410.538487 0.659651 -1257.438978 0
13 19500.000000 -254.776642 3286.940430 3296.799740 1.648153 1403.424063 1
14 21000.000000 1923.786562 1407.017608 2383.412110 0.631477 -1300.078366 0
15 22500.000000 -430.151274 3677.823008 3702.892410 1.687225 1705.974322 1
16 24000.000000 3250.884364 609.867332 3307.595397 0.185445 -2823.576455 0
17 25500.000000 3405.633666 984.225897 3545.002297 0.281334 -2835.569241 0
18 27000.000000 3085.220369 1016.943768 3248.501093 0.318403 -2524.365630 0
19 28500.000000 1807.676107 1986.236006 2685.670564 0.832428 -986.180152 0
20 30000.000000 -351.275944 3112.896508 3132.653741 1.683166 1431.959512 1
21 31500.000000 -605.484432 3288.021260 3343.306029 1.752905 1731.739751 1
22 33000.000000 -532.692565 3509.347328 3549.546455 1.721439 1742.133282 1
23 34500.000000 -87.052464 3690.136320 3691.162986 1.594383 1389.521591 1
24 36000.000000 2025.803986 1923.242590 2793.339193 0.759433 -1212.473269 0
25 37500.000000 -183.774315 3692.126122 3696.696945 1.620530 1480.667615 1
26 39000.000000 1423.991305 1747.585377 2254.286115 0.887076 -712.011797 0
27 40500.000000 -735.939147 3460.644548 3538.031531 1.780334 1914.916140 1
28 42000.000000 -630.687669 2931.638960 2998.712044 1.782698 1628.971733 1
29 43500.000000 -398.281673 3003.890615 3030.179387 1.702616 1437.270976 1
30 45000.000000 -61.793794 3404.716410 3405.277126 1.588944 1264.724274 1
0 0.000000 3638.088480 911.388053 3750.508761 0.245461 -3217.376985 0
1 1500.000000 2275.038820 2101.489502 3097.105061 0.745764 -1567.746448 0
2 3000.000000 -362.578663 2880.167739 2902.900187 1.696026 1182.339755 1
3 4500.000000 -414.497507 2722.568292 2753.940139 1.721881 1186.317772 1
4 6000.000000 -208.541486 2830.428318 2838.100424 1.644342 1020.497536 1
5 7500.000000 2251.096030 1439.864638 2672.198255 0.569049 -1736.726387 0
6 9000.000000 -78.641059 3398.984872 3399.894495 1.593929 1061.081321 1
7 10500.000000 -343.253091 2771.707984 2792.881636 1.694011 1132.387869 1
8 12000.000000 -228.813864 3010.067425 3018.751677 1.646667 1091.999949 1
9 13500.000000 -114.378276 3117.711565 3119.808935 1.607466 1013.703655 1
10 15000.000000 2360.801282 1372.161179 2730.605975 0.526501 -1861.352404 0
11 16500.000000 113.844899 2970.393872 2972.574711 1.532489 752.563222 1
12 18000.000000 1800.082280 1578.929956 2394.434384 0.720043 -1264.765188 0
13 19500.000000 -514.330014 3207.839037 3248.810036 1.729779 1422.604041 1
14 21000.000000 1805.761409 1504.373195 2350.300614 0.694598 -1291.824189 0
15 22500.000000 -665.178892 3601.656138 3662.566026 1.753425 1681.189167 1
16 24000.000000 3199.588515 829.651861 3305.402982 0.253712 -2821.431587 0
17 25500.000000 3324.887985 1189.060167 3531.110901 0.343451 -2837.104674 0
18 27000.000000 3022.234390 1215.766993 3257.604963 0.382465 -2539.714338 0
19 28500.000000 1704.569926 2092.034863 2698.549333 0.887102 -1024.540526 0
20 30000.000000 -573.581337 3049.177768 3102.657024 1.756734 1433.291397 1
21 31500.000000 -796.491888 3226.920041 3323.764774 1.812787 1698.171718 1
22 33000.000000 -716.939249 3388.174213 3463.195979 1.779321 1668.807700 1
23 34500.000000 -283.129543 3656.930548 3667.874503 1.648065 1331.593122 1
24 36000.000000 1894.522553 2032.635548 2778.636891 0.820552 -1223.556115 0
25 37500.000000 -410.519498 3637.356009 3660.448742 1.683183 1447.830120 1
26 39000.000000 1310.221771 1841.788674 2260.280205 0.952470 -719.722731 0
27 40500.000000 -971.728380 3399.156053 3535.324301 1.849243 1915.830182 1
28 42000.000000 -806.905395 2853.040815 2964.951637 1.846421 1599.699998 1
29 43500.000000 -614.189096 2937.308644 3000.834936 1.776926 1439.707859 1
30 45000.000000 -295.436289 3352.351222 3365.344161 1.658697 1255.032577 1
0 0.000000 3537.772755 1111.715828 3708.334956 0.304471 -3203.780553 0
1 1500.000000 2106.274628 2200.408304 3046.012068 0.807252 -1566.746682 0
2 3000.000000 -565.201586 2797.304450 2853.833390 1.770164 1170.584216 1
3 4500.000000 -626.177722 2620.667285 2694.437893 1.805337 1190.933507 1
4 6000.000000 -423.679422 2763.680377 2795.967360 1.722915 1025.129779 1
5 7500.000000 2115.255671 1545.202486 2619.533790 0.630906 -1720.588455 0
6 9000.000000 -328.232303 3339.675907 3355.766918 1.668764 1059.596029 1
7 10500.000000 -573.805678 2696.862572 2757.230620 1.780438 1156.733650 1
8 12000.000000 -474.328310 2903.894521 2942.378414 1.732709 1105.569275 1
9 13500.000000 -349.704645 3034.650340 3054.733381 1.685527 1012.992849 1
10 15000.000000 2211.297520 1472.889462 2656.923049 0.587593 -1830.258571 0
11 16500.000000 -125.698031 2894.623310 2897.351222 1.614194 763.540532 1
12 18000.000000 1685.267170 1662.136765 2367.028530 0.778488 -1275.381073 0
13 19500.000000 -778.988685 3107.685410 3203.830829 1.816401 1447.792559 1
14 21000.000000 1682.068456 1583.011869 2309.822691 0.755069 -1289.782565 0
15 22500.000000 -900.182489 3518.678264 3632.000170 1.821254 1656.984878 1
16 24000.000000 3142.569537 1039.955941 3310.173962 0.319582 -2834.277903 0
17 25500.000000 3235.974329 1414.672110 3531.688978 0.412134 -2842.389761 0
18 27000.000000 2969.643544 1426.809818 3294.627298 0.447898 -2579.982753 0
19 28500.000000 1580.002805 2185.758332 2697.025834 0.944891 -1056.783130 0
20 30000.000000 -791.575377 2958.658817 3062.719963 1.832219 1427.067506 1
21 31500.000000 -1008.591074 3150.699974 3308.196832 1.880605 1681.220054 1
22 33000.000000 -926.666397 3307.125642 3434.500055 1.843993 1635.966777 1
23 34500.000000 -522.500718 3604.684845 3642.356357 1.714744 1307.723396 1
24 36000.000000 1752.877771 2152.968966 2776.302549 0.887476 -1232.627229 0
25 37500.000000 -652.676663 3564.618874 3623.878384 1.751889 1425.795926 1
26 39000.000000 1195.302832 1937.234517 2276.318614 1.017960 -736.664219 0
27 40500.000000 -1214.598945 3296.288966 3512.943431 1.923834 1914.352031 1
28 42000.000000 -1006.745248 2764.381172 2941.995795 1.920052 1593.876621 1
29 43500.000000 -852.267314 2847.956354 2972.745359 1.861570 1461.739721 1
30 45000.000000 -536.385220 3286.320725 3329.806753 1.732587 1250.767153 1
0 0.000000 3437.300389 1322.256977 3682.851813 0.367229 -3201.314867 0
1 1500.000000 1954.986783 2306.182114 3023.317592 0.867630 -1588.695646 0
2 3000.000000 -779.540516 2701.788679 2812.000264 1.851695 1174.246536 1
3 4500.000000 -831.463173 2511.415910 2645.475549 1.890512 1197.159517 1
4 6000.000000 -648.219253 2677.371494 2754.724363 1.808336 1040.751527 1
5 7500.000000 1982.402061 1685.731598 2602.231534 0.704696 -1708.452681 0
6 9000.000000 -577.286936 3285.856093 3336.182020 1.744710 1061.476813 1
7 10500.000000 -802.192664 2632.527215 2752.037901 1.866581 1186.302202 1
8 12000.000000 -717.314839 2814.601383 2904.569078 1.820339 1129.564352 1
9 13500.000000 -585.356294 2959.091129 3016.432048 1.766091 1020.661330 1
10 15000.000000 2066.305483 1608.706785 2618.693542 0.661520 -1802.917159 0
11 16500.000000 -350.758727 2831.412889 2853.056367 1.694050 769.628425 1
12 18000.000000 1562.224438 1761.101782 2354.150522 0.845170 -1281.731358 0
13 19500.000000 -1024.992563 3002.300596 3172.446788 1.899791 1461.820713 1
14 21000.000000 1557.138899 1679.395012 2290.207231 0.823154 -1288.903749 0
15 22500.000000 -1133.025935 3421.361115 3604.089295 1.890592 1631.219279 1
16 24000.000000 3062.678309 1266.717990 3314.298250 0.392174 -2839.186410 0
17 25500.000000 3141.446720 1637.668098 3542.688851 0.480550 -2861.679336 0
18 27000.000000 2893.492269 1637.595789 3324.758259 0.515013 -2616.515728 0
19 28500.000000 1456.692692 2285.286028 2710.071185 1.003314 -1099.108708 0
20 30000.000000 -996.996173 2871.454755 3039.614084 1.904983 1414.599584 1
21 31500.000000 -1210.739739 3063.879669 3294.427013 1.947128 1654.680637 1
22 33000.000000 -1142.599970 3223.664895 3420.168132 1.911422 1611.164868 1
23 34500.000000 -749.668322 3548.556922 3626.880040 1.778995 1271.153428 1
24 36000.000000 1604.364105 2257.213752 2769.295597 0.952877 -1249.316350 0
25 37500.000000 -885.373886 3488.407423 3599.010039 1.819353 1396.355613 1
26 39000.000000 1067.935236 2025.748019 2290.008888 1.085641 -753.465633 0
27 40500.000000 -1454.602051 3198.427662 3513.660006 1.997624 1915.900242 1
28 42000.000000 -1214.388132 2661.517283 2925.476505 1.998858 1598.205127 1
29 43500.000000 -1084.418298 2744.426483 2950.904906 1.947102 1482.072969 1
30 45000.000000 -783.131461 3196.121503 3290.666733 1.811088 1251.613757 1
0 0.000000 3299.820549 1511.735665 3629.622622 0.429591 -3166.593595 0
1 1500.000000 1771.896459 2390.216877 2975.357756 0.932879 -1572.561319 0
2 3000.000000 -995.519802 2599.912655 2783.990928 1.936479 1202.747416 1
3 4500.000000 -994.825729 2252.908020 2462.777452 1.986621 1173.961214 1
4 6000.000000 -880.303595 2578.735518 2724.850692 1.899763 1086.194892 1
5 7500.000000 1806.128747 1780.480472 2536.180546 0.778247 -1656.047091 0
6 9000.000000 -836.443598 3200.911166 3308.393898 1.826395 1092.851859 1
7 10500.000000 -966.306368 2343.278936 2534.700015 1.961924 1152.852145 1
8 12000.000000 -965.078340 2688.457515 2856.427842 1.915441 1179.574715 1
9 13500.000000 -817.245165 2858.036499 2972.585119 1.849311 1045.956416 1
10 15000.000000 1887.628318 1688.361940 2532.529705 0.729732 -1744.737269 0
11 16500.000000 -584.253389 2745.139605 2806.624926 1.780499 804.589091 1
12 18000.000000 1417.207100 1831.554424 2315.829781 0.912253 -1264.267139 0
13 19500.000000 -1256.892162 2886.641275 3148.408448 1.981457 1486.476031 1
14 21000.000000 1404.694042 1738.532096 2235.097135 0.891210 -1259.326492 0
15 22500.000000 -1342.268967 3321.994167 3582.922163 1.954794 1606.819871 1
16 24000.000000 2952.797574 1445.175860 3287.483350 0.455153 -2826.098705 0
17 25500.000000 3018.265192 1816.044561 3522.490968 0.541657 -2861.324896 0
18 27000.000000 2794.951435 1798.495504 3323.603406 0.571778 -2640.165066 0
19 28500.000000 1328.745861 2353.308097 2702.521889 1.056791 -1133.853756 0
20 30000.000000 -1174.551634 2784.875591 3022.433390 1.969920 1396.166598 1
21 31500.000000 -1368.554775 2965.292080 3265.868842 2.003193 1604.139847 1
22 33000.000000 -1300.293640 3125.418407 3385.115030 1.965052 1549.067053 1
23 34500.000000 -911.545744 3476.927487 3594.431859 1.827196 1190.054462 1
24 36000.000000 1473.924649 2319.262371 2747.986866 1.004672 -1281.312373 0
25 37500.000000 -1065.042695 3400.494701 3563.380439 1.874321 1336.859305 1
26 39000.000000 951.086958 2076.185007 2283.661661 1.141232 -779.871269 0
27 40500.000000 -1634.116208 3100.333514 3504.626040 2.055871 1879.762789 1
28 42000.000000 -1356.497541 2556.203165 2893.831405 2.058677 1559.001280 1
29 43500.000000 -1255.982944 2645.901009 2928.870995 2.013992 1466.078833 1
30 45000.000000 -978.580901 3106.206990 3256.707301 1.875994 1226.855046 1
0 0.000000 3162.908862 1630.172380 3558.293757 0.475894 -3140.594810 0
1 1500.000000 1608.499355 2434.225559 2917.657322 0.986877 -1575.463581 0
2 3000.000000 -1165.303270 2497.475989 2755.960455 2.007362 1198.940436 1
3 4500.000000 -1154.646259 2133.528504 2425.933194 2.066851 1183.367083 1
4 6000.000000 -1054.677446 2479.636840 2694.613771 1.972951 1088.083684 1
5 7500.000000 1646.772989 1844.103248 2472.362851 0.841865 -1621.706895 0
6 9000.000000 -1046.857908 3122.268995 3293.095072 1.894305 1088.947497 1
7 10500.000000 -1141.500430 2224.952192 2500.687003 2.044825 1171.457685 1
8 12000.000000 -1165.767564 2567.260478 2819.546130 1.997046 1200.347550 1
9 13500.000000 -1004.187344 2761.819150 2938.713535 1.919532 1041.410771 1
10 15000.000000 1721.242304 1752.580481 2456.463599 0.794419 -1697.405982 0
11 16500.000000 -849.312174 2920.083848 3041.088760 1.853839 888.688060 1
12 18000.000000 1277.712669 1890.678936 2281.932625 0.976500 -1252.050977 0
13 19500.000000 -1457.592782 2771.149742 3131.109646 2.055018 1494.900889 1
14 21000.000000 1259.485113 1781.521564 2181.770344 0.955407 -1235.299915 0
15 22500.000000 -1529.281446 3217.987617 3562.884512 2.014432 1572.620260 1
16 24000.000000 2837.969130 1608.567351 3262.140050 0.515652 -2815.976644 0
17 25500.000000 2903.952447 1979.055591 3514.199887 0.598204 -2876.948252 0
18 27000.000000 2682.552841 1951.234025 3317.137918 0.628866 -2655.944753 0
19 28500.000000 1193.896977 2409.857412 2689.387056 1.110818 -1161.228286 0
20 30000.000000 -1285.684290 2520.515034 2829.484075 2.042482 1319.621749 1
21 31500.000000 -1537.048122 2856.438765 3243.726152 2.064457 1575.501321 1
22 33000.000000 -1471.501572 3012.505027 3352.686000 2.025173 1512.069373 1
23 34500.000000 -1101.355710 3389.947680 3564.369463 1.884928 1147.056947 1
24 36000.000000 1313.359837 2383.829991 2721.683208 1.067228 -1281.031899 0
25 37500.000000 -1366.176070 3524.166318 3779.707038 1.940619 1413.666570 1
26 39000.000000 806.168385 2136.288573 2283.338857 1.209951 -777.231289 0
27 40500.000000 -1863.553455 2974.628272 3510.163078 2.130461 1903.573716 1
28 42000.000000 -1545.378364 2425.565542 2876.032420 2.138064 1578.009251 1
29 43500.000000 -1480.297538 2506.880729 2911.311009 2.104197 1514.033020 1
30 45000.000000 -1214.214796 2980.894359 3218.702961 1.957608 1254.378989 1
0 0.000000 2994.519358 1814.562308 3501.397229 0.544791 -3129.576982 0
1 1500.000000 1404.768657 2498.185435 2866.060964 1.058547 -1599.349107 0
2 3000.000000 -1382.582545 2367.348418 2741.509261 2.099384 1189.565116 1
3 4500.000000 -1459.040745 2146.946312 2595.800138 2.167692 1283.341093 1
4 6000.000000 -1298.335610 2342.489813 2678.233350 2.076900 1107.566666 1
5 7500.000000 1442.814438 1932.150002 2411.413929 0.929385 -1592.174245 0
6 9000.000000 -1325.375930 2995.018100 3275.172480 1.987418 1082.529888 1
7 10500.000000 -1373.133758 2066.648727 2481.236240 2.157246 1204.105049 1
8 12000.000000 -1423.415593 2392.908847 2784.263763 2.107419 1228.231783 1
9 13500.000000 -1265.200866 2618.378532 2908.030153 2.020914 1052.555434 1
10 15000.000000 1505.045724 1832.355988 2371.221436 0.883159 -1646.256452 0
11 16500.000000 -1135.186663 2773.808017 2997.108553 1.959253 910.570506 1
12 18000.000000 1102.175241 1962.216991 2250.574544 1.059016 -1255.013646 0
13 19500.000000 -1739.460349 2596.694550 3125.467147 2.161017 1527.034843 1
14 21000.000000 1070.260987 1844.744032 2132.730439 1.045087 -1213.841027 0
15 22500.000000 -1797.298355 3055.225666 3544.669977 2.102546 1548.154843 1
16 24000.000000 2676.774523 1857.684916 3258.238035 0.606689 -2816.278184 0
17 25500.000000 2714.089536 2215.659655 3503.630934 0.684634 -2881.996718 0
18 27000.000000 2511.103228 2188.928021 3331.222794 0.716958 -2677.525866 0
19 28500.000000 1000.191304 2493.855189 2686.949264 1.189375 -1195.712977 0
20 30000.000000 -1544.222014 2371.487009 2829.942095 2.147988 1350.360949 1
21 31500.000000 -1785.981210 2693.723806 3232.008172 2.156267 1565.676858 1
22 33000.000000 -1724.618617 2854.408298 3334.959686 2.114295 1491.706582 1
23 34500.000000 -1369.622200 3253.160414 3529.719203 1.969285 1106.067629 1
24 36000.000000 1095.120397 2471.291444 2703.066793 1.153664 -1288.542471 0
25 37500.000000 -1661.854727 3364.902972 3752.909957 2.029535 1388.467835 1
26 39000.000000 617.708984 2203.249814 2288.203254 1.297451 -791.292251 0
27 40500.000000 -2141.449487 2793.314101 3519.717257 2.224858 1912.080023 1
28 42000.000000 -1782.609343 2248.886932 2869.701814 2.241047 1597.758729 1
29 43500.000000 -1746.330364 2326.989423 2909.389887 2.214597 1555.372161 1
30 45000.000000 -1503.864017 2819.015961 3195.067757 2.060861 1274.473746 1
0 0.000000 2777.839500 2019.125937 3434.131889 0.628532 -3073.639511 0
1 1500.000000 1164.987941 2567.750812 2819.670395 1.144870 -1573.796155 0
2 3000.000000 -1623.473606 2211.617191 2743.522763 2.204022 1235.156234 1
3 4500.000000 -1685.156435 1964.233646 2588.042895 2.279871 1336.921516 1
4 6000.000000 -1621.420064 2270.666833 2790.148901 2.190904 1223.360501 1
5 7500.000000 1215.560270 2038.810411 2373.675349 1.033168 -1536.151634 0
6 9000.000000 -1611.171758 2854.673443 3277.962003 2.084626 1116.622300 1
7 10500.000000 -1614.093492 1888.195176 2484.064980 2.278090 1279.419609 1
8 12000.000000 -1690.420149 2214.054688 2785.598399 2.222879 1300.776678 1
9 13500.000000 -1521.821555 2455.299524 2888.673848 2.125655 1094.585074 1
10 15000.000000 1287.234204 1911.891327 2304.842802 0.978231 -1585.837281 0
11 16500.000000 -1408.686029 2632.184607 2985.429974 2.062188 953.741161 1
12 18000.000000 918.518871 2029.010284 2227.231387 1.145705 -1241.583073 0
13 19500.000000 -1987.928329 2420.434725 3132.149949 2.258397 1560.035890 1
14 21000.000000 890.372069 1902.614850 2100.644113 1.133097 -1192.910547 0
15 22500.000000 -2023.196086 2898.286417 3534.598500 2.180223 1515.751015 1
16 24000.000000 2509.809706 2061.064734 3247.634924 0.687537 -2816.243511 0
17 25500.000000 2530.792339 2404.239425 3490.741623 0.759760 -2893.719442 0
18 27000.000000 2346.641326 2372.510140 3336.994138 0.790880 -2706.856744 0
19 28500.000000 823.225890 2557.928073 2687.135443 1.259431 -1235.119626 0
20 30000.000000 -1739.737843 2215.568560 2816.989849 2.236468 1349.164093 1
21 31500.000000 -1789.166859 2289.364539 2905.565012 2.234162 1385.701321 1
22 33000.000000 -1897.081425 2705.334635 3304.202388 2.182352 1423.300979 1
23 34500.000000 -1555.640812 3128.436798 3493.871082 2.032248 1016.559238 1
24 36000.000000 915.176893 2515.253227 2676.573844 1.221836 -1318.742101 0
25 37500.000000 -1866.023968 3219.156703 3720.889051 2.096127 1307.653364 1
26 39000.000000 461.728802 2232.521771 2279.769055 1.366852 -824.762862 0
27 40500.000000 -2325.516481 2656.108912 3530.289146 2.289929 1853.975534 1
28 42000.000000 -1934.053813 2099.693159 2854.693594 2.315154 1559.974655 1
29 43500.000000 -1962.046504 2232.817769 2972.389892 2.291736 1565.554375 1
30 45000.000000 -1683.627122 2673.584623 3159.533988 2.132787 1218.042344 1
0 0.000000 2595.575060 2114.500926 3347.853649 0.683614 -3022.406810 0
1 1500.000000 967.640138 2576.163094 2751.898204 1.211488 -1550.059889 0
2 3000.000000 -1783.693400 2068.405712 2731.275221 2.282418 1243.264888 1
3 4500.000000 -1830.591167 1806.446513 2571.830676 2.362833 1350.850636 1
4 6000.000000 -1780.128370 2116.788248 2765.799975 2.270017 1228.346187 1
5 7500.000000 1026.103854 2048.083473 2290.749884 1.106344 -1481.833438 0
6 9000.000000 -1800.462497 2723.918172 3265.179231 2.154853 1104.358316 1
7 10500.000000 -1763.248197 1737.271582 2475.309426 2.363615 1301.800176 1
8 12000.000000 -1860.611614 2038.190904 2759.727838 2.310679 1325.149830 1
9 13500.000000 -1684.668567 2312.453584 2861.039979 2.200408 1089.274818 1
10 15000.000000 1094.338074 1916.387248 2206.833909 1.051941 -1516.947289 0
11 16500.000000 -1587.166257 2491.549097 2954.135005 2.137992 952.142079 1
12 18000.000000 755.108618 2036.625556 2172.103285 1.215744 -1215.830298 0
13 19500.000000 -2046.494212 2144.124596 2964.019036 2.332901 1480.666639 1
14 21000.000000 723.062046 1903.429519 2036.139155 1.207760 -1153.159420 0
15 22500.000000 -2179.240184 2739.083205 3500.237789 2.242854 1468.776224 1
16 24000.000000 2350.811035 2184.320520 3208.982495 0.748703 -2801.132315 0
17 25500.000000 2350.802808 2513.779456 3441.709022 0.818888 -2879.126901 0
18 27000.000000 2176.715017 2490.416530 3307.606803 0.852512 -2704.457333 0
19 28500.000000 654.604989 2571.499696 2653.510577 1.321529 -1244.820772 0
20 30000.000000 -1905.295061 2071.364388 2814.373766 2.314458 1360.708707 1
21 31500.000000 -1935.063143 2127.967474 2876.232768 2.308752 1376.229104 1
22 33000.000000 -2062.890567 2575.135215 3299.521005 2.246196 1394.550897 1
23 34500.000000 -1708.423502 2977.044590 3432.419752 2.091778 955.006031 1
24 36000.000000 719.770452 2514.534947 2615.522032 1.292007 -1294.646512 0
25 37500.000000 -2063.970442 3032.568186 3668.302576 2.168384 1287.298404 1
26 39000.000000 283.240463 2233.872110 2251.757039 1.444676 -804.078201 0
27 40500.000000 -2517.760919 2478.766446 3533.185976 2.363999 1859.304727 1
28 42000.000000 -2100.500360 1924.661385 2848.933697 2.399852 1585.097329 1
29 43500.000000 -2143.837673 2048.717148 2965.346847 2.378879 1597.831089 1
30 45000.000000 -1889.786902 2497.675438 3132.040409 2.218520 1244.708221 1
0 0.000000 2368.307662 2236.277613 3257.271672 0.756732 -2969.859735 0
1 1500.000000 725.907209 2570.836915 2671.356157 1.295598 -1527.463798 0
2 3000.000000 -1972.269406 1885.987705 2728.881865 2.378554 1246.238454 1
3 4500.000000 -1980.103376 1567.382873 2525.370953 2.472015 1357.934497 1
4 6000.000000 -1978.069674 1912.429900 2751.390150 2.373065 1243.063436 1
5 7500.000000 793.324678 2060.633867 2208.070646 1.203296 -1424.154496 0
6 9000.000000 -2031.477679 2534.422013 3248.106602 2.246484 1089.922936 1
7 10500.000000 -1944.363537 1520.637283 2468.377465 2.477878 1339.465682 1
8 12000.000000 -2072.354215 1801.213621 2745.728046 2.426078 1368.559450 1
9 13500.000000 -1893.350314 2106.272349 2832.165006 2.303009 1099.558348 1
10 15000.000000 859.915153 1928.350987 2111.395652 1.151330 -1443.774028 0
11 16500.000000 -1824.786223 2282.669183 2922.400273 2.245177 977.029187 1
12 18000.000000 552.177301 2041.185470 2114.553829 1.306602 -1189.926822 0
13 19500.000000 -2247.492849 1922.743064 2957.729703 2.433911 1494.266753 1
14 21000.000000 529.014398 1899.047407 1971.354177 1.299116 -1121.511903 0
15 22500.000000 -2378.335164 2515.718119 3461.981485 2.328130 1423.792899 1
16 24000.000000 2145.773141 2366.516647 3194.486408 0.834280 -2802.218866 0
17 25500.000000 2114.859900 2668.778062 3405.144452 0.900679 -2871.952545 0
18 27000.000000 1955.225261 2640.456906 3285.562127 0.933411 -2711.842205 0
19 28500.000000 443.117338 2596.510518 2634.050084 1.401766 -1268.658387 0
20 30000.000000 -2110.996968 1856.715826 2811.352318 2.420195 1386.904809 1
21 31500.000000 -2241.462376 2035.739426 3027.934708 2.404255 1451.579739 1
22 33000.000000 -2243.331072 2344.290635 3244.723853 2.334191 1352.342795 1
23 34500.000000 -1908.762677 2780.148017 3372.328270 2.172451 893.531759 1
24 36000.000000 486.802158 2514.598249 2561.284970 1.379571 -1283.122819 0
25 37500.000000 -2310.400017 2803.630525 3632.945411 2.260045 1265.353970 1
26 39000.000000 84.083579 2234.748414 2236.329699 1.533189 -810.984625 0
27 40500.000000 -2745.459672 2245.951576 3547.089975 2.455936 1858.997366 1
28 42000.000000 -2286.540301 1702.546149 2850.777076 2.501560 1603.243232 1
29 43500.000000 -2345.568817 1816.161685 2966.502375 2.482723 1621.828093 1
30 45000.000000 -2116.464743 2267.656200 3101.884532 2.321722 1257.552075 1
