0 0.000000 111.707868 -342.713044 360.459260 -1.255704 -31.129053 0
1 1500.000000 351.684533 -357.890170 501.764272 -0.794144 183.826043 1
2 3000.000000 76.039150 -451.674599 458.030452 -1.404011 -106.548503 0
3 4500.000000 30.021241 -414.865122 415.949930 -1.498558 -134.518666 0
4 6000.000000 263.905497 -335.869506 427.146856 -0.904812 111.636474 1
5 7500.000000 188.055188 -340.993922 389.411875 -1.066809 39.816961 1
6 9000.000000 -154.324815 -242.431059 287.382962 -2.137674 -236.803884 0
7 10500.000000 275.868251 -390.085873 477.776391 -0.955255 101.456924 1
8 12000.000000 198.262505 -300.622832 360.114021 -0.987768 64.991524 1
9 13500.000000 -48.715529 -256.368586 260.956040 -1.758579 -145.043086 0
10 15000.000000 -107.003870 -143.653669 179.126226 -2.211009 -154.639635 0
11 16500.000000 353.572049 -193.249024 402.937190 -0.500200 249.914104 1
12 18000.000000 245.690571 -146.267780 285.933769 -0.536981 168.977138 1
13 19500.000000 -6.523124 -214.455274 214.554458 -1.601204 -89.824981 0
14 21000.000000 218.867174 -67.622631 229.075665 -0.299663 175.026263 1
15 22500.000000 236.968080 -178.062342 296.411992 -0.644409 148.521459 1
16 24000.000000 180.700811 -132.598815 224.132169 -0.633054 114.499719 1
17 25500.000000 216.673094 -62.205707 225.425774 -0.279575 175.123944 1
18 27000.000000 103.396799 -234.993448 256.734919 -1.156291 3.323664 1
19 28500.000000 -279.206943 -339.616455 439.654243 -2.258883 -389.737286 0
20 30000.000000 34.128522 -350.989983 352.645323 -1.473866 -105.772240 0
21 31500.000000 417.929913 -248.250130 486.100339 -0.535996 287.655050 1
22 33000.000000 252.154453 -338.841416 422.368765 -0.931039 99.658611 1
23 34500.000000 339.697991 -293.660603 449.033713 -0.712838 197.897400 1
24 36000.000000 260.649496 -382.968424 463.252602 -0.973207 90.230667 1
25 37500.000000 73.688052 -410.861743 417.417418 -1.393333 -92.760700 0
26 39000.000000 273.399842 -415.033753 496.991438 -0.988301 89.433885 1
27 40500.000000 -142.832454 -419.596197 443.240430 -1.898897 -295.471457 0
28 42000.000000 -245.106778 -472.815637 532.571084 -2.049054 -410.411167 0
29 43500.000000 174.345484 -515.168052 543.869901 -1.244471 -40.878869 0
30 45000.000000 155.026904 -356.649211 388.885588 -1.160759 3.297055 1
0 0.000000 77.038513 -346.536173 354.996129 -1.352044 -73.504276 0
1 1500.000000 286.346937 -364.295900 463.363865 -0.904633 109.623045 1
2 3000.000000 48.577597 -489.291983 491.697496 -1.471839 -158.568512 0
3 4500.000000 69.816315 -414.530455 420.368666 -1.403940 -108.256033 0
4 6000.000000 277.312712 -368.164971 460.920585 -0.925232 99.797708 1
5 7500.000000 200.006887 -295.433918 356.768769 -0.975678 59.585228 1
6 9000.000000 -123.021192 -222.315244 254.083218 -2.076218 -204.093638 0
7 10500.000000 282.024116 -384.517196 476.855403 -0.937972 97.308586 1
8 12000.000000 199.381526 -347.436679 400.581127 -1.049816 37.464515 1
9 13500.000000 25.564816 -221.804106 223.272527 -1.456044 -68.656579 0
10 15000.000000 -43.284223 -155.584854 161.493562 -1.842138 -103.871399 0
11 16500.000000 409.627498 -171.248115 443.982662 -0.395976 301.823371 1
12 18000.000000 302.361021 -149.576123 337.335447 -0.459394 213.183800 1
13 19500.000000 14.770575 -182.876030 183.471557 -1.490203 -62.347185 0
14 21000.000000 234.158606 -66.430109 243.399286 -0.276434 185.572445 1
15 22500.000000 291.689022 -176.960904 341.170994 -0.545314 192.122304 1
16 24000.000000 250.748021 -141.811614 288.071352 -0.514707 169.429673 1
17 25500.000000 256.737082 -116.823416 282.066730 -0.427030 185.236099 1
18 27000.000000 131.467393 -229.016691 264.068779 -1.049675 24.734166 1
19 28500.000000 -226.556939 -353.780042 420.105183 -2.140386 -352.802661 0
20 30000.000000 141.463317 -408.662841 432.454839 -1.237545 -40.619771 0
21 31500.000000 474.874784 -297.165021 560.190245 -0.559157 309.019714 1
22 33000.000000 251.845144 -362.611110 441.489291 -0.963749 78.921866 1
23 34500.000000 290.727832 -336.677080 444.830449 -0.858505 125.056122 1
24 36000.000000 229.046369 -434.555738 491.223909 -1.085719 28.357022 1
25 37500.000000 17.103236 -465.595290 465.909320 -1.534079 -177.392057 0
26 39000.000000 221.317875 -483.066449 531.351857 -1.141184 1.219101 1
27 40500.000000 -110.026009 -497.888709 509.900862 -1.788286 -306.473314 0
28 42000.000000 -216.230523 -560.093817 600.383813 -1.939229 -428.907728 0
29 43500.000000 150.818203 -588.386949 607.408703 -1.319874 -106.589412 0
30 45000.000000 105.205907 -420.840066 433.791014 -1.325827 -78.663558 0
0 0.000000 37.456763 -358.601698 360.552614 -1.466721 -109.748392 0
1 1500.000000 246.663103 -407.813486 476.607308 -1.026823 62.068429 1
2 3000.000000 -13.134759 -500.249552 500.421958 -1.597047 -212.978574 0
3 4500.000000 -9.684496 -467.162726 467.263097 -1.591524 -196.527951 0
4 6000.000000 170.017273 -424.254712 457.053534 -1.189649 -14.726068 0
5 7500.000000 161.329407 -307.001602 346.809979 -1.086957 24.418382 1
6 9000.000000 -76.861444 -212.476042 225.950769 -1.917893 -155.739093 0
7 10500.000000 254.082273 -354.056498 435.791011 -0.948335 90.456864 1
8 12000.000000 193.929161 -236.050643 305.497014 -0.883048 82.773289 1
9 13500.000000 87.939403 -171.621370 192.839916 -1.097275 11.592124 1
10 15000.000000 40.987115 -162.940009 168.016042 -1.324362 -27.918138 0
11 16500.000000 317.914384 -170.250777 360.631228 -0.491661 222.747205 1
12 18000.000000 297.076699 -120.827026 320.708178 -0.386286 223.518158 1
13 19500.000000 96.184046 -207.100924 228.346586 -1.136007 4.890203 1
14 21000.000000 299.822788 -34.678450 301.821634 -0.115151 260.638813 1
15 22500.000000 251.808145 -133.258213 284.894881 -0.486738 177.068905 1
16 24000.000000 207.468781 -188.764039 280.490922 -0.738227 114.167505 1
17 25500.000000 212.019363 -143.559931 256.050120 -0.595196 136.493278 1
18 27000.000000 176.383648 -221.189737 282.906506 -0.897624 72.675233 1
19 28500.000000 -226.775160 -406.037435 465.073512 -2.080148 -370.779359 0
20 30000.000000 -12.586110 -440.383622 440.563440 -1.599368 -188.428006 0
21 31500.000000 264.808501 -269.246495 377.646948 -0.793708 134.347796 1
22 33000.000000 113.380246 -278.009464 300.240474 -1.183559 -7.845954 0
23 34500.000000 183.610627 -215.822075 283.358484 -0.865867 81.449683 1
24 36000.000000 180.801514 -368.191421 410.187896 -1.114332 17.670444 1
25 37500.000000 -88.567623 -390.488891 400.407041 -1.793835 -237.967001 0
26 39000.000000 172.345950 -372.793446 410.704370 -1.137753 8.078447 1
27 40500.000000 -114.843096 -410.703051 426.457422 -1.843458 -270.149352 0
28 42000.000000 -212.588201 -514.996967 557.149549 -1.962284 -401.556368 0
29 43500.000000 124.947694 -449.464820 466.508897 -1.299650 -66.126395 0
30 45000.000000 88.346690 -248.852525 264.069531 -1.229660 -19.058632 0
0 0.000000 32.832717 -173.941495 177.013082 -1.384234 -48.081071 0
1 1500.000000 236.797727 -192.849824 305.391909 -0.683464 126.111156 1
2 3000.000000 9.721845 -307.460560 307.614223 -1.539187 -128.244732 0
3 4500.000000 34.264568 -394.660034 396.144674 -1.484193 -145.111433 0
4 6000.000000 130.386706 -266.920926 297.064763 -1.116404 -2.153684 0
5 7500.000000 178.997547 -192.617441 262.947905 -0.822032 74.464890 1
6 9000.000000 -97.870977 -175.902884 201.297175 -2.078534 -165.976607 0
7 10500.000000 255.314197 -321.638360 410.653837 -0.899852 85.324440 1
8 12000.000000 62.053586 -120.079268 135.165373 -1.093821 2.072300 1
9 13500.000000 16.420615 -134.200005 135.200880 -1.449042 -45.073554 0
10 15000.000000 -7.549565 -156.160989 156.343374 -1.619103 -76.316434 0
11 16500.000000 317.987059 -151.200965 352.104391 -0.443851 217.352964 1
12 18000.000000 225.963286 -93.462020 244.529253 -0.392189 160.680103 1
13 19500.000000 6.282801 -197.074009 197.174133 -1.538927 -82.155467 0
14 21000.000000 193.700766 -59.784288 202.716915 -0.299367 146.795475 1
15 22500.000000 218.432760 -116.298579 247.463593 -0.489248 143.766009 1
16 24000.000000 205.722936 -172.995154 268.792206 -0.699195 107.132867 1
17 25500.000000 140.564780 -106.285081 176.224220 -0.647412 78.509300 1
18 27000.000000 82.468103 -180.083657 198.068451 -1.141356 -6.377255 0
19 28500.000000 -277.995392 -364.749055 458.610195 -2.222031 -411.361718 0
20 30000.000000 26.950489 -441.004683 441.827409 -1.509761 -172.302697 0
21 31500.000000 376.953672 -234.128206 443.745522 -0.555794 233.209665 1
22 33000.000000 210.125757 -269.487633 341.725647 -0.908542 68.095183 1
23 34500.000000 255.189457 -169.467259 306.334476 -0.586213 152.992726 1
24 36000.000000 228.453484 -258.380847 344.893688 -0.846794 89.451579 1
25 37500.000000 32.634298 -346.555853 348.089007 -1.476906 -125.144513 0
26 39000.000000 289.533279 -336.664228 444.040901 -0.860522 109.268723 1
27 40500.000000 -16.969058 -419.354970 419.698153 -1.611239 -201.981632 0
28 42000.000000 -110.342454 -576.758569 587.218787 -1.759827 -355.691514 0
29 43500.000000 189.231744 -482.390461 518.178743 -1.196963 -45.442747 0
30 45000.000000 171.903977 -284.812997 332.670138 -1.027758 27.048167 1
0 0.000000 106.519448 -248.545388 270.409325 -1.165905 -16.902358 0
1 1500.000000 269.991700 -225.117855 351.530321 -0.695011 139.589917 1
2 3000.000000 34.480622 -360.747730 362.391829 -1.475505 -131.771785 0
3 4500.000000 79.819694 -478.171017 484.787278 -1.405394 -144.207574 0
4 6000.000000 186.115918 -369.322214 413.567446 -1.104002 -0.266818 0
5 7500.000000 245.358459 -296.665941 384.982407 -0.879776 85.359521 1
6 9000.000000 -47.823660 -308.252616 311.940343 -1.724714 -181.592505 0
7 10500.000000 251.379252 -395.151385 468.333370 -1.004213 46.356737 1
8 12000.000000 96.531426 -261.805961 279.035262 -1.217548 -31.794152 0
9 13500.000000 -1.778908 -254.611063 254.617277 -1.577783 -116.316227 0
10 15000.000000 -8.017665 -261.922532 262.045217 -1.601398 -125.180282 0
11 16500.000000 438.416249 -229.835124 495.008073 -0.482851 287.821140 1
12 18000.000000 289.980337 -211.385589 358.848803 -0.629902 163.622057 1
13 19500.000000 90.567918 -263.743544 278.860548 -1.240019 -37.991003 0
14 21000.000000 209.767613 -82.372134 225.361088 -0.374183 150.147809 1
15 22500.000000 236.368870 -164.923390 288.218610 -0.609206 136.697693 1
16 24000.000000 184.092799 -230.542267 295.025246 -0.896958 60.461559 1
17 25500.000000 152.414621 -154.525989 217.044922 -0.792277 66.434709 1
18 27000.000000 19.727348 -284.082631 284.766763 -1.501465 -110.396987 0
19 28500.000000 -316.384664 -428.082846 532.310228 -2.207268 -475.339362 0
20 30000.000000 60.694553 -437.958575 442.144255 -1.433088 -143.161279 0
21 31500.000000 406.130362 -165.116798 438.412394 -0.386150 288.160897 1
22 33000.000000 292.910785 -269.199970 397.825781 -0.743241 140.186889 1
23 34500.000000 277.204326 -120.640695 302.318402 -0.410482 193.106385 1
24 36000.000000 221.798258 -213.803460 308.068802 -0.767047 101.664704 1
25 37500.000000 61.528949 -368.553864 373.654603 -1.405375 -111.142519 0
26 39000.000000 310.917052 -323.895216 448.973857 -0.805839 131.615772 1
27 40500.000000 -44.610479 -476.589222 478.672520 -1.664128 -254.576761 0
28 42000.000000 -60.336796 -652.991185 655.772839 -1.662935 -348.103046 0
29 43500.000000 217.138434 -591.449165 630.048581 -1.218944 -72.662995 0
30 45000.000000 186.382352 -386.503170 429.095656 -1.121468 -7.770731 0
0 0.000000 176.109162 -376.266019 415.440193 -1.133039 -41.049396 0
1 1500.000000 259.754396 -308.876990 403.580651 -0.871572 65.292005 1
2 3000.000000 27.069216 -411.157602 412.047711 -1.505055 -186.973259 0
3 4500.000000 71.032835 -460.969566 466.410339 -1.417904 -174.661766 0
4 6000.000000 266.462515 -321.185043 417.327334 -0.878252 64.763422 1
5 7500.000000 325.275740 -270.436874 423.013487 -0.693601 141.255615 1
6 9000.000000 27.463360 -242.792727 244.341041 -1.458161 -100.544957 0
7 10500.000000 409.844220 -265.335803 488.237005 -0.574550 216.540898 1
8 12000.000000 103.467362 -211.870549 235.785124 -1.116511 -19.416825 0
9 13500.000000 73.250172 -234.642480 245.810254 -1.268205 -57.028968 0
10 15000.000000 65.989881 -263.259053 271.403746 -1.325192 -77.900799 0
11 16500.000000 498.386007 -202.779062 538.059439 -0.386416 324.619445 1
12 18000.000000 309.556451 -188.701320 362.537425 -0.547438 169.540309 1
13 19500.000000 121.335993 -244.874790 273.287551 -1.110753 -20.936749 0
14 21000.000000 291.118800 -95.368542 306.341826 -0.316576 201.418861 1
15 22500.000000 236.329401 -169.095602 290.594061 -0.621058 116.634952 1
16 24000.000000 160.547984 -199.204980 255.848157 -0.892442 36.113714 1
17 25500.000000 171.591734 -198.018959 262.021433 -0.856777 46.211002 1
18 27000.000000 94.546057 -339.942598 352.845471 -1.299528 -92.570422 0
19 28500.000000 -238.414382 -433.422988 494.668479 -2.073696 -426.511042 0
20 30000.000000 129.334510 -484.655353 501.615617 -1.310015 -136.669316 0
21 31500.000000 483.766149 -272.045488 555.012103 -0.512275 276.637520 1
22 33000.000000 342.396789 -334.040225 478.349697 -0.773045 123.447065 1
23 34500.000000 325.052997 -200.448349 381.888716 -0.552582 176.851245 1
24 36000.000000 293.316659 -316.106027 431.228110 -0.822776 90.438537 1
25 37500.000000 73.677686 -399.608990 406.344369 -1.388469 -141.013471 0
26 39000.000000 208.654674 -310.931355 374.453042 -0.979756 20.327167 1
27 40500.000000 -71.516470 -463.217804 468.706027 -1.723977 -298.316224 0
28 42000.000000 -99.486085 -557.474889 566.282380 -1.747396 -370.549153 0
29 43500.000000 253.956906 -430.053614 499.439908 -1.037374 -1.651210 0
30 45000.000000 244.994723 -285.559368 376.253328 -0.861707 64.530688 1
0 0.000000 95.215556 -281.432775 297.103364 -1.244561 -44.540200 0
1 1500.000000 272.839684 -209.310649 343.878527 -0.654391 146.374215 1
2 3000.000000 46.922659 -344.748513 347.927109 -1.435521 -116.502121 0
3 4500.000000 22.456623 -419.129511 419.730684 -1.517268 -172.371205 0
4 6000.000000 198.930574 -285.300366 347.806947 -0.961907 45.836489 1
5 7500.000000 273.082378 -196.021861 336.152577 -0.622581 152.687614 1
6 9000.000000 -82.252029 -208.901819 224.511394 -1.945890 -168.939226 0
7 10500.000000 242.941213 -276.391121 367.984354 -0.849719 89.028341 1
8 12000.000000 2.638051 -196.679572 196.697263 -1.557384 -87.905533 0
9 13500.000000 -118.395114 -142.716437 185.432965 -2.263317 -170.682382 0
10 15000.000000 -149.401803 -235.895003 279.226344 -2.135371 -240.988427 0
11 16500.000000 313.264592 -108.308624 331.459595 -0.332876 228.638317 1
12 18000.000000 223.169774 -119.986854 253.380333 -0.493311 143.229814 1
13 19500.000000 51.995649 -138.335329 147.784339 -1.211266 -17.278866 0
14 21000.000000 165.487613 -132.165852 211.787540 -0.673914 86.390360 1
15 22500.000000 228.057438 -134.568645 264.799765 -0.533082 140.881452 1
16 24000.000000 81.803352 -194.764264 211.246081 -1.173158 -16.687837 0
17 25500.000000 51.343735 -44.179009 67.734511 -0.710533 25.346985 1
18 27000.000000 75.704326 -173.182021 189.005707 -1.158690 -12.203512 0
19 28500.000000 -249.254750 -294.640921 385.929013 -2.272941 -356.664819 0
20 30000.000000 141.610663 -323.685420 353.306993 -1.158390 -22.706158 0
21 31500.000000 510.850427 -153.721982 533.477840 -0.292295 383.355852 1
22 33000.000000 362.590226 -227.261776 427.924744 -0.559873 217.880938 1
23 34500.000000 317.906085 -52.346335 322.186930 -0.163195 258.441470 1
24 36000.000000 303.270045 -202.612464 364.725281 -0.588989 176.485331 1
25 37500.000000 18.502812 -330.668406 331.185671 -1.514899 -135.292446 0
26 39000.000000 295.870346 -254.465324 390.245900 -0.710304 146.117171 1
27 40500.000000 15.995227 -375.950181 376.290295 -1.528276 -158.298690 0
28 42000.000000 -90.474306 -504.097944 512.152651 -1.748383 -311.700064 0
29 43500.000000 263.310783 -453.021072 523.985363 -1.044290 26.077442 1
30 45000.000000 271.738301 -315.548204 416.428113 -0.859857 96.646888 1
0 0.000000 106.363999 -280.496723 299.986186 -1.208350 -78.930164 0
1 1500.000000 304.307540 -201.547445 364.999249 -0.584984 127.595039 1
2 3000.000000 67.230080 -338.260600 344.876960 -1.374601 -144.551825 0
3 4500.000000 113.409302 -409.853258 425.254468 -1.300844 -149.305078 0
4 6000.000000 192.951810 -359.778396 408.253469 -1.078526 -55.522921 0
5 7500.000000 337.731885 -246.613225 418.187648 -0.630711 128.125848 1
6 9000.000000 26.236153 -258.421937 259.750329 -1.469619 -130.755341 0
7 10500.000000 397.952274 -308.237655 503.365141 -0.659035 140.591242 1
8 12000.000000 123.250177 -255.960625 284.088803 -1.122042 -50.843281 0
9 13500.000000 51.635892 -210.627262 216.864264 -1.330385 -82.104611 0
10 15000.000000 -9.343708 -292.170660 292.320030 -1.602766 -179.379450 0
11 16500.000000 447.433457 -180.890044 482.615692 -0.384194 255.503147 1
12 18000.000000 335.175408 -128.984470 359.137226 -0.367358 195.234331 1
13 19500.000000 152.638935 -179.773833 235.833152 -0.866848 17.730839 1
14 21000.000000 246.221647 -97.096484 264.674945 -0.375623 142.041819 1
15 22500.000000 298.690501 -102.109237 315.661704 -0.329402 181.530494 1
16 24000.000000 206.764971 -140.616088 250.049270 -0.597229 84.536011 1
17 25500.000000 173.453490 -24.763766 175.212321 -0.141811 125.725260 1
18 27000.000000 132.305369 -164.664889 211.232659 -0.893935 10.170525 1
19 28500.000000 -184.744751 -270.482072 327.553316 -2.170035 -308.488361 0
20 30000.000000 141.748619 -342.054824 370.262304 -1.177935 -86.512842 0
21 31500.000000 480.521635 -126.873280 496.988804 -0.258141 314.031399 1
22 33000.000000 308.959508 -251.507259 398.386595 -0.683247 101.976726 1
23 34500.000000 295.727502 -77.296838 305.662488 -0.255659 193.725925 1
24 36000.000000 252.817611 -234.970951 345.149377 -0.748828 66.294182 1
25 37500.000000 7.192920 -375.500251 375.569137 -1.551643 -215.009883 0
26 39000.000000 250.473375 -291.701205 384.482125 -0.861294 31.035745 1
27 40500.000000 1.257598 -395.589655 395.591654 -1.567617 -231.624704 0
28 42000.000000 -81.323867 -544.895965 550.931198 -1.718949 -386.221662 0
29 43500.000000 242.594048 -413.139076 479.098913 -1.039844 -46.753277 0
30 45000.000000 272.482801 -312.516828 414.624703 -0.853726 36.595454 1
0 0.000000 184.939861 -341.724889 388.559715 -1.074738 -158.470596 0
1 1500.000000 322.534547 -201.049813 380.065207 -0.557407 36.900344 1
2 3000.000000 149.381967 -336.027026 367.735141 -1.152481 -175.601249 0
3 4500.000000 190.239245 -390.347081 434.237048 -1.117312 -193.813994 0
4 6000.000000 298.934113 -268.742294 401.975155 -0.732263 -31.167339 0
5 7500.000000 385.563784 -207.151492 437.688442 -0.493016 70.437461 1
6 9000.000000 75.677642 -203.328604 216.955356 -1.214488 -115.213955 0
7 10500.000000 412.957167 -228.615946 472.015755 -0.505608 70.089870 1
8 12000.000000 195.065174 -179.952417 265.392717 -0.745121 -23.977665 0
9 13500.000000 92.310443 -84.013519 124.817825 -0.738378 -10.438530 0
10 15000.000000 22.556882 -132.434727 134.341988 -1.402091 -91.320851 0
11 16500.000000 425.505532 -56.013807 429.176542 -0.130888 214.648906 1
12 18000.000000 310.996154 5.548858 311.045652 0.017840 193.761524 1
13 19500.000000 137.342147 -38.757743 142.706089 -0.275046 52.880093 1
14 21000.000000 235.487713 74.939997 247.124394 0.308099 202.831118 1
15 22500.000000 289.059089 49.176960 293.212432 0.168514 215.012927 1
16 24000.000000 218.866682 -9.046970 219.053583 -0.041312 126.087282 1
17 25500.000000 173.197807 93.305464 196.731771 0.494143 179.472552 1
18 27000.000000 109.093454 -53.515172 121.512367 -0.456054 23.973489 1
19 28500.000000 -164.000143 -198.479131 257.468468 -2.261360 -257.302446 0
20 30000.000000 177.281026 -276.104797 328.119523 -1.000010 -111.080051 0
21 31500.000000 475.056123 -50.524865 477.735368 -0.105957 249.173512 1
22 33000.000000 358.582757 -188.212401 404.975927 -0.483352 69.032855 1
23 34500.000000 357.061708 -15.755023 357.409127 -0.044095 204.910451 1
24 36000.000000 295.773532 -136.598568 325.793111 -0.432652 71.732722 1
25 37500.000000 69.952969 -329.064087 336.417287 -1.361333 -218.440674 0
26 39000.000000 368.739046 -255.733793 448.740746 -0.606375 21.654737 1
27 40500.000000 93.967238 -370.804674 382.525748 -1.322607 -236.930014 0
28 42000.000000 12.175255 -526.529483 526.670232 -1.547677 -410.262084 0
29 43500.000000 361.789716 -381.899217 526.059703 -0.812432 -82.658709 0
30 45000.000000 337.881991 -266.968930 430.623559 -0.668690 -6.045954 0
0 0.000000 215.726947 -308.016499 376.048241 -0.959819 -125.354699 0
1 1500.000000 404.431249 -174.492536 440.468251 -0.407323 92.958915 1
2 3000.000000 187.497211 -302.636404 356.011232 -1.016129 -137.377567 0
3 4500.000000 227.649314 -355.109599 421.813985 -1.000726 -156.756662 0
4 6000.000000 331.853704 -226.256558 401.645255 -0.598404 8.660140 1
5 7500.000000 424.372106 -171.115856 457.572202 -0.383280 107.292993 1
6 9000.000000 103.217903 -188.958871 215.312309 -1.070840 -93.822690 0
7 10500.000000 463.105152 -184.844577 498.632028 -0.379766 118.623446 1
8 12000.000000 157.660695 -130.130396 204.428018 -0.690028 -14.310618 0
9 13500.000000 77.041326 -69.223796 103.572679 -0.732001 -11.579418 0
10 15000.000000 -5.410572 -97.904491 98.053881 -1.626004 -82.827813 0
11 16500.000000 447.793925 -13.618647 448.000967 -0.030403 249.087858 1
12 18000.000000 316.218335 26.166030 317.299065 0.082559 205.021984 1
13 19500.000000 161.248193 -56.822541 170.967193 -0.338804 47.438832 1
14 21000.000000 210.967212 81.132361 226.030141 0.367137 188.607157 1
15 22500.000000 262.378946 63.243454 269.893397 0.236527 203.918069 1
16 24000.000000 198.998790 -28.055772 200.966776 -0.140062 92.785449 1
17 25500.000000 159.786754 72.700525 175.548208 0.426991 152.008229 1
18 27000.000000 80.341097 -45.996821 92.576452 -0.519968 9.242154 1
19 28500.000000 -162.357772 -214.970964 269.392950 -2.217652 -269.295573 0
20 30000.000000 214.450045 -311.167932 377.907798 -0.967371 -128.661534 0
21 31500.000000 529.616902 -69.336499 534.136324 -0.130178 251.279074 1
22 33000.000000 378.971428 -204.463450 430.609621 -0.494763 53.773292 1
23 34500.000000 366.258420 -20.814995 366.849416 -0.056770 195.857953 1
24 36000.000000 319.398620 -134.508353 346.565976 -0.398588 76.097270 1
25 37500.000000 55.921363 -276.493897 282.092314 -1.371237 -192.546921 0
26 39000.000000 342.045474 -194.722066 393.588350 -0.517530 40.247490 1
27 40500.000000 54.559630 -350.710250 354.928771 -1.416464 -253.742607 0
28 42000.000000 14.054048 -501.391725 501.588654 -1.542774 -399.915973 0
29 43500.000000 382.284549 -324.186725 501.236979 -0.703346 -41.744237 0
30 45000.000000 372.139000 -266.779580 457.885117 -0.621966 -0.915352 0
0 0.000000 178.308936 -284.902445 336.100402 -1.011579 -97.424168 0
1 1500.000000 375.375843 -134.926499 398.888686 -0.345063 145.147187 1
2 3000.000000 167.002473 -287.459804 332.449943 -1.044495 -106.784994 0
3 4500.000000 261.710982 -339.621721 428.760483 -0.914244 -83.816195 0
4 6000.000000 301.922199 -213.220466 369.621403 -0.614882 37.860485 1
5 7500.000000 394.245414 -192.300225 438.644301 -0.453814 114.325233 1
6 9000.000000 47.962959 -255.800164 260.257890 -1.385447 -161.198946 0
7 10500.000000 442.167716 -215.754178 491.998124 -0.453958 128.162458 1
8 12000.000000 87.509708 -154.016115 177.140940 -1.054098 -58.507159 0
9 13500.000000 38.120366 -124.248934 129.965226 -1.273107 -68.552213 0
10 15000.000000 -65.246416 -188.486908 199.460295 -1.904045 -184.916127 0
11 16500.000000 436.502763 -45.247475 438.841652 -0.103290 252.907255 1
12 18000.000000 268.690178 -33.542903 270.775808 -0.124196 151.389865 1
13 19500.000000 136.120698 -132.603782 190.033175 -0.772311 -10.412301 0
14 21000.000000 182.012005 11.675030 182.386064 0.064057 128.468994 1
15 22500.000000 272.122822 -2.008988 272.130238 -0.007383 177.406271 1
16 24000.000000 179.451970 -130.883922 222.111707 -0.630156 19.373724 1
17 25500.000000 150.271262 16.449558 151.168913 0.109032 111.196950 1
18 27000.000000 92.315056 -88.995958 128.227727 -0.767094 -6.357758 0
19 28500.000000 -90.886183 -274.681540 289.327231 -1.890336 -266.718156 0
20 30000.000000 293.452737 -344.919123 452.861690 -0.865845 -66.937449 0
21 31500.000000 607.271608 -87.188486 613.498687 -0.142600 333.586517 1
22 33000.000000 436.021562 -219.775022 488.278469 -0.466879 121.091847 1
23 34500.000000 431.153038 -39.602815 432.968042 -0.091596 253.642836 1
24 36000.000000 413.577657 -164.906312 445.242147 -0.379412 147.676265 1
25 37500.000000 138.821340 -287.257282 319.042490 -1.120626 -125.161415 0
26 39000.000000 379.708349 -199.187809 428.782245 -0.483119 99.577656 1
27 40500.000000 79.600131 -382.726743 390.916795 -1.365738 -236.031330 0
28 42000.000000 69.676705 -523.442015 528.059075 -1.438462 -348.578875 0
29 43500.000000 441.872842 -350.530366 564.024065 -0.670632 26.420504 1
30 45000.000000 403.489128 -301.000545 503.393290 -0.640932 38.501920 1
0 0.000000 212.595755 -310.558002 376.355188 -0.970508 -85.831759 0
1 1500.000000 410.512988 -178.055101 447.464560 -0.409249 145.494647 1
2 3000.000000 200.162212 -339.035068 393.712698 -1.037475 -115.240728 0
3 4500.000000 319.193171 -365.883960 485.546447 -0.853447 -54.761872 0
4 6000.000000 311.593642 -230.863504 387.799633 -0.637659 39.781373 1
5 7500.000000 390.821857 -213.531356 445.350832 -0.500048 106.023024 1
6 9000.000000 61.530886 -309.285280 315.346530 -1.374415 -186.800595 0
7 10500.000000 460.785609 -271.031507 534.585312 -0.531694 110.774892 1
8 12000.000000 118.499238 -213.991062 244.610392 -1.065073 -78.025124 0
9 13500.000000 27.511268 -179.308083 181.406336 -1.418553 -113.803190 0
10 15000.000000 -61.317480 -243.551900 251.152068 -1.817434 -221.150782 0
11 16500.000000 451.194680 -60.927015 455.289733 -0.134223 259.400543 1
12 18000.000000 258.677442 -58.332218 265.172900 -0.221792 131.443879 1
13 19500.000000 135.510713 -176.563858 222.571223 -0.916196 -38.921037 0
14 21000.000000 202.720421 -35.385682 205.785606 -0.172813 110.634037 1
15 22500.000000 291.206310 -28.021108 292.551358 -0.095929 175.763012 1
16 24000.000000 187.622322 -140.384127 234.328485 -0.642366 22.940731 1
17 25500.000000 153.940851 -8.295247 154.164188 -0.053834 97.725061 1
18 27000.000000 105.603806 -110.426166 152.794313 -0.807717 -10.274473 0
19 28500.000000 -67.983100 -292.402540 300.201511 -1.799236 -261.708150 0
20 30000.000000 282.615579 -326.212495 431.608801 -0.856884 -50.152286 0
21 31500.000000 553.280804 -40.896401 554.790198 -0.073782 343.054098 1
22 33000.000000 440.933618 -179.399446 476.032160 -0.386408 165.024027 1
23 34500.000000 398.474079 -16.755646 398.826207 -0.042025 256.441813 1
24 36000.000000 393.230041 -145.749955 419.372048 -0.354950 157.682702 1
25 37500.000000 175.659539 -283.342568 333.375591 -1.015833 -90.658938 0
26 39000.000000 334.282008 -175.668905 377.629481 -0.483848 95.830690 1
27 40500.000000 50.150284 -389.368084 392.584457 -1.442702 -253.593761 0
28 42000.000000 49.822520 -508.941593 511.374450 -1.473213 -342.082074 0
29 43500.000000 377.493182 -324.722977 497.941878 -0.710391 14.951669 1
30 45000.000000 328.597079 -251.569131 413.839423 -0.653401 35.967336 1
0 0.000000 163.593852 -257.955104 305.456681 -1.005612 -62.233107 0
1 1500.000000 349.805263 -136.499687 375.494189 -0.372044 155.984217 1
2 3000.000000 165.864478 -312.495980 353.786323 -1.082834 -98.585431 0
3 4500.000000 252.606270 -322.576695 409.714110 -0.906452 -43.354367 0
4 6000.000000 254.381262 -229.399885 342.540703 -0.733806 22.807120 1
5 7500.000000 318.993367 -170.479225 361.690385 -0.490810 110.208621 1
6 9000.000000 -3.340537 -295.069056 295.087965 -1.582117 -207.881289 0
7 10500.000000 418.696701 -246.578197 485.909184 -0.532231 128.767051 1
8 12000.000000 78.642402 -224.700634 238.065122 -1.234133 -100.041281 0
9 13500.000000 -2.946134 -187.070745 187.093942 -1.586544 -132.389014 0
10 15000.000000 -76.523626 -263.108210 274.010576 -1.853833 -238.144640 0
11 16500.000000 409.071189 -61.946497 413.734946 -0.150290 250.435352 1
12 18000.000000 209.992150 -76.017404 223.327895 -0.347326 97.765215 1
13 19500.000000 102.411326 -212.423637 235.821715 -1.121564 -74.433642 0
14 21000.000000 168.746130 -69.014701 182.313701 -0.388228 73.041187 1
15 22500.000000 251.541171 -46.059299 255.723326 -0.181102 148.445930 1
16 24000.000000 175.466087 -133.661206 220.575759 -0.650978 32.844488 1
17 25500.000000 165.714741 -41.531845 170.839895 -0.245564 90.004535 1
18 27000.000000 115.251824 -141.656943 182.618927 -0.887819 -15.937113 0
19 28500.000000 -71.457437 -337.629122 345.108083 -1.779363 -286.404648 0
20 30000.000000 254.129498 -334.082908 419.753727 -0.920496 -50.274047 0
21 31500.000000 481.273945 -31.672899 482.315025 -0.065716 323.334764 1
22 33000.000000 423.022087 -157.975525 451.557253 -0.357407 193.573460 1
23 34500.000000 370.002344 -4.468575 370.029327 -0.012077 262.424367 1
24 36000.000000 351.671664 -130.868341 375.232570 -0.356254 161.245287 1
25 37500.000000 185.299564 -270.697146 328.044011 -0.970530 -55.529228 0
26 39000.000000 303.604476 -172.229870 349.054159 -0.516016 97.945478 1
27 40500.000000 45.687312 -403.059777 405.640869 -1.457927 -247.899858 0
28 42000.000000 37.996926 -519.352518 520.740630 -1.497764 -334.404355 0
29 43500.000000 331.104929 -312.958138 455.602096 -0.757230 19.679351 1
30 45000.000000 243.337571 -235.721234 338.788538 -0.769501 10.479353 1
0 0.000000 126.613817 -240.209935 271.536133 -1.085707 -72.509931 0
1 1500.000000 309.968769 -118.027274 331.679175 -0.363821 144.737783 1
2 3000.000000 149.492303 -290.084850 326.339040 -1.094952 -90.047962 0
3 4500.000000 196.218800 -291.374765 351.284886 -0.978130 -56.915704 0
4 6000.000000 221.901405 -187.061548 290.227939 -0.700413 33.296513 1
5 7500.000000 246.472906 -138.129922 282.539853 -0.510813 84.731137 1
6 9000.000000 -41.919209 -271.251484 274.471470 -1.724123 -216.482515 0
7 10500.000000 398.972474 -195.685639 444.378110 -0.455998 156.290624 1
8 12000.000000 77.163814 -191.462042 206.426664 -1.187686 -75.088468 0
9 13500.000000 -9.521725 -168.261392 168.530588 -1.627325 -122.289020 0
10 15000.000000 -88.707234 -266.047905 280.446896 -1.892630 -246.976420 0
11 16500.000000 381.508473 -38.577369 383.453946 -0.100775 251.287804 1
12 18000.000000 172.241250 -55.685187 181.019028 -0.312691 87.213714 1
13 19500.000000 83.350127 -184.416646 202.377723 -1.146308 -65.754662 0
14 21000.000000 141.690690 -52.517889 151.110490 -0.354953 67.144542 1
15 22500.000000 205.097484 -21.207016 206.190969 -0.103034 134.770521 1
16 24000.000000 137.979538 -139.574688 196.263717 -0.791145 4.758126 1
17 25500.000000 151.319883 -41.753611 156.974747 -0.269230 81.534349 1
18 27000.000000 111.103519 -152.505917 188.685046 -0.941185 -23.672889 0
19 28500.000000 -70.476880 -360.649511 367.471170 -1.763781 -298.562150 0
20 30000.000000 223.076037 -351.374614 416.205524 -1.005133 -78.498718 0
21 31500.000000 427.793500 -13.400697 428.003338 -0.031315 302.243733 1
22 33000.000000 371.883477 -158.020385 404.064057 -0.401802 162.392684 1
23 34500.000000 330.249509 -4.256785 330.276942 -0.012889 237.501226 1
24 36000.000000 334.219782 -127.231696 357.618186 -0.363743 156.081969 1
25 37500.000000 167.851948 -275.639197 322.724718 -1.023818 -66.778549 0
26 39000.000000 260.658023 -172.859357 312.766626 -0.585575 71.247883 1
27 40500.000000 42.596298 -409.964549 412.171537 -1.467265 -250.055158 0
28 42000.000000 47.167815 -512.799499 514.964201 -1.479073 -317.229084 0
29 43500.000000 311.327991 -293.359487 427.767351 -0.755692 25.522384 1
30 45000.000000 216.617436 -200.235655 294.987171 -0.746120 20.417863 1
0 0.000000 100.363986 -208.678530 231.559190 -1.122504 -55.498832 0
1 1500.000000 297.919400 -103.030071 315.231921 -0.332957 164.099875 1
2 3000.000000 160.689260 -284.558691 326.794564 -1.056740 -57.305010 0
3 4500.000000 194.573137 -262.636304 326.858584 -0.933179 -17.219295 0
4 6000.000000 191.702930 -144.895992 240.301606 -0.647226 55.543030 1
5 7500.000000 224.471212 -95.218597 243.831717 -0.401185 112.442572 1
6 9000.000000 -57.669897 -243.593208 250.326723 -1.803263 -199.582558 0
7 10500.000000 387.112434 -169.298027 422.513738 -0.412272 190.672831 1
8 12000.000000 73.584189 -177.481051 192.130571 -1.177765 -56.281030 0
9 13500.000000 -6.674239 -172.624438 172.753414 -1.609440 -115.070919 0
10 15000.000000 -101.863902 -289.753006 307.136873 -1.908855 -263.051841 0
11 16500.000000 360.851021 -60.751740 365.929273 -0.166793 239.544960 1
12 18000.000000 157.616349 -50.286570 165.443805 -0.308836 89.506835 1
13 19500.000000 43.074580 -164.314719 169.866848 -1.314418 -71.421044 0
14 21000.000000 127.341052 -66.579106 143.695932 -0.481753 55.788494 1
15 22500.000000 195.191942 -60.211823 204.267858 -0.299214 112.158885 1
16 24000.000000 118.958924 -181.324899 216.863885 -0.990177 -23.742972 0
17 25500.000000 94.243530 -86.678984 128.043310 -0.743612 17.469639 1
18 27000.000000 73.458607 -223.462765 235.227069 -1.253196 -85.658365 0
19 28500.000000 -119.360607 -435.634863 451.690921 -1.838225 -369.438023 0
20 30000.000000 170.433635 -386.320300 422.245188 -1.155308 -114.592059 0
21 31500.000000 405.754781 -26.947287 406.648618 -0.066315 295.693784 1
22 33000.000000 302.872470 -163.780701 344.319403 -0.495720 129.233749 1
23 34500.000000 286.753598 -17.217773 287.270043 -0.059972 210.134651 1
24 36000.000000 344.265961 -136.060565 370.177700 -0.376378 178.801606 1
25 37500.000000 121.520557 -297.991681 321.817165 -1.183585 -96.059611 0
26 39000.000000 223.327100 -144.058357 265.758921 -0.572891 80.459945 1
27 40500.000000 -0.435918 -382.933057 382.933305 -1.571935 -244.182484 0
28 42000.000000 27.969667 -519.509979 520.262357 -1.517010 -309.250882 0
29 43500.000000 290.712251 -297.168933 415.719843 -0.796381 34.917980 1
30 45000.000000 222.865589 -186.797792 290.796296 -0.697582 52.888231 1
0 0.000000 73.666516 -166.019427 181.629309 -1.153175 -45.319978 0
1 1500.000000 279.579729 -88.457501 293.239756 -0.306429 164.257224 1
2 3000.000000 160.651737 -295.708337 336.529941 -1.073129 -57.643672 0
3 4500.000000 221.805663 -272.950595 351.709795 -0.888406 4.426271 1
4 6000.000000 171.680739 -115.114560 206.701809 -0.590662 63.120995 1
5 7500.000000 228.702566 -89.252234 245.501171 -0.372077 123.879036 1
6 9000.000000 -58.919748 -214.357905 222.308003 -1.839038 -179.270159 0
7 10500.000000 370.022500 -161.420730 403.699520 -0.411357 189.861221 1
8 12000.000000 59.589286 -170.401049 180.519807 -1.234389 -59.075978 0
9 13500.000000 -24.186354 -186.049307 187.614829 -1.700071 -134.466251 0
10 15000.000000 -104.683203 -292.732202 310.886981 -1.914232 -263.803438 0
11 16500.000000 334.890476 -72.304456 342.607013 -0.212641 217.646034 1
12 18000.000000 149.620892 -57.370334 160.242836 -0.366148 81.676849 1
13 19500.000000 14.651317 -147.802648 148.527047 -1.471992 -80.274950 0
14 21000.000000 111.581729 -71.468598 132.507520 -0.569671 43.103651 1
15 22500.000000 175.901740 -79.087298 192.863223 -0.422530 88.796928 1
16 24000.000000 102.932507 -189.355019 215.523605 -1.072884 -36.864615 0
17 25500.000000 57.998213 -85.072947 102.962124 -0.972426 -7.348796 0
18 27000.000000 56.622014 -255.716409 261.910164 -1.352887 -114.368733 0
19 28500.000000 -142.850824 -462.014647 483.594760 -1.870664 -398.820786 0
20 30000.000000 169.541905 -394.312336 429.216351 -1.164725 -111.890894 0
21 31500.000000 385.743427 -39.139659 387.724005 -0.101119 278.101643 1
22 33000.000000 286.494176 -161.028238 328.647237 -0.512059 124.623455 1
23 34500.000000 279.163924 -7.892053 279.275457 -0.028263 213.948937 1
24 36000.000000 352.623769 -115.213715 370.968628 -0.315798 204.908444 1
25 37500.000000 108.676645 -278.081534 298.563147 -1.198239 -87.445878 0
26 39000.000000 250.862009 -110.058606 273.942775 -0.413435 128.333494 1
27 40500.000000 23.806916 -351.594794 352.399870 -1.503188 -199.618352 0
28 42000.000000 51.926927 -500.542624 503.228899 -1.467425 -270.045582 0
29 43500.000000 305.289146 -290.736950 421.579692 -0.760988 58.830203 1
30 45000.000000 224.590103 -178.186128 286.689746 -0.670694 65.442011 1
0 0.000000 61.865623 -147.288460 159.753704 -1.173143 -56.352678 0
1 1500.000000 310.417881 -66.478675 317.456571 -0.210972 179.685522 1
2 3000.000000 184.171529 -272.966662 329.287034 -0.977250 -53.960578 0
3 4500.000000 223.257685 -260.635156 343.183156 -0.862488 -17.101034 0
4 6000.000000 176.513209 -114.541967 210.420472 -0.575612 49.409301 1
5 7500.000000 235.310254 -65.815840 244.341238 -0.272729 125.605411 1
6 9000.000000 -65.129433 -191.000760 201.799736 -1.899422 -178.620126 0
7 10500.000000 375.355927 -122.110984 394.719096 -0.314522 188.585229 1
8 12000.000000 59.447498 -147.551059 159.076459 -1.187797 -58.289044 0
9 13500.000000 -27.776384 -172.191776 174.417703 -1.730729 -138.565173 0
10 15000.000000 -92.521872 -272.364406 287.650250 -1.898265 -254.454361 0
11 16500.000000 341.615474 -47.377536 344.885145 -0.137808 215.471862 1
12 18000.000000 147.071104 -42.433985 153.070418 -0.280898 77.611743 1
13 19500.000000 14.287366 -124.341157 125.159307 -1.456393 -75.121144 0
14 21000.000000 120.716710 -33.316308 125.229791 -0.269284 64.744928 1
15 22500.000000 182.140656 -44.274474 187.444519 -0.238454 101.810353 1
16 24000.000000 109.491894 -152.757688 187.945168 -0.948905 -25.531668 0
17 25500.000000 80.158913 -62.836727 101.852371 -0.664848 14.997966 1
18 27000.000000 102.273577 -210.059114 233.633722 -1.117700 -70.172568 0
19 28500.000000 -110.740832 -429.104372 443.163732 -1.823360 -375.455413 0
20 30000.000000 213.178724 -373.873862 430.379871 -1.052585 -102.280750 0
21 31500.000000 405.956088 -20.672685 406.482110 -0.050880 280.551653 1
22 33000.000000 318.335557 -143.278716 349.093565 -0.422926 132.627935 1
23 34500.000000 309.847539 33.158807 311.616758 0.106611 247.780736 1
24 36000.000000 365.583994 -72.383516 372.680869 -0.195466 215.681712 1
25 37500.000000 116.879971 -250.045058 276.013512 -1.133538 -87.060600 0
26 39000.000000 290.292459 -91.027845 304.229815 -0.303862 148.192729 1
27 40500.000000 58.987293 -326.523083 331.808415 -1.392071 -181.681864 0
28 42000.000000 74.256726 -458.421636 464.396875 -1.410208 -261.286286 0
29 43500.000000 336.288480 -258.519933 424.172721 -0.655390 66.425354 1
30 45000.000000 224.007343 -167.081490 279.455746 -0.640856 47.769488 1
0 0.000000 62.370973 -148.590044 161.149432 -1.173379 -68.492761 0
1 1500.000000 344.051388 -29.900948 345.348266 -0.086691 208.366518 1
2 3000.000000 205.052627 -226.484918 305.519227 -0.835022 -30.693825 0
3 4500.000000 225.243692 -251.091590 337.315442 -0.839609 -35.427204 0
4 6000.000000 198.421653 -126.312166 235.214616 -0.566886 39.214857 1
5 7500.000000 241.096536 -61.799339 248.890936 -0.250924 115.696771 1
6 9000.000000 -76.850496 -181.513131 197.111683 -1.971301 -186.226540 0
7 10500.000000 365.042787 -86.716216 375.201197 -0.233228 180.262930 1
8 12000.000000 58.780889 -129.362367 142.090868 -1.144298 -56.627025 0
9 13500.000000 -36.436362 -177.167711 180.875665 -1.773628 -155.918341 0
10 15000.000000 -87.335886 -258.533936 272.887070 -1.896572 -250.421142 0
11 16500.000000 358.424437 -21.035658 359.041189 -0.058622 224.578554 1
12 18000.000000 151.612188 -28.310094 154.232671 -0.184601 80.587435 1
13 19500.000000 4.627265 -122.872925 122.960023 -1.533155 -88.100433 0
14 21000.000000 115.639030 -0.285925 115.639384 -0.002473 77.281317 1
15 22500.000000 182.664154 -19.903958 183.745369 -0.108537 107.635764 1
16 24000.000000 108.231498 -130.811273 169.781172 -0.879578 -24.563973 0
17 25500.000000 101.591859 -41.423077 109.712247 -0.387161 37.334163 1
18 27000.000000 125.903977 -167.816737 209.795778 -0.927137 -40.188030 0
19 28500.000000 -85.515328 -414.149966 422.886587 -1.774419 -364.705715 0
20 30000.000000 260.300697 -348.893908 435.296924 -0.929813 -84.527230 0
21 31500.000000 447.033809 0.705598 447.034366 0.001578 300.095878 1
22 33000.000000 355.097103 -115.755724 373.488073 -0.315121 152.043687 1
23 34500.000000 328.657732 64.795803 334.984180 0.194656 268.338525 1
24 36000.000000 376.938969 -36.891714 378.739996 -0.097561 225.216741 1
25 37500.000000 123.473501 -220.901540 253.067571 -1.061106 -81.218487 0
26 39000.000000 329.690475 -57.593896 334.683233 -0.172946 178.187954 1
27 40500.000000 91.930103 -313.826388 327.013983 -1.285836 -171.329389 0
28 42000.000000 97.176907 -429.676452 440.528325 -1.348375 -253.801993 0
29 43500.000000 367.567746 -225.233525 431.087218 -0.549754 79.141771 1
30 45000.000000 255.302863 -165.278789 304.132586 -0.574533 48.410216 1
0 0.000000 85.169171 -158.439039 179.879728 -1.077561 -76.226330 0
1 1500.000000 358.141386 -1.054612 358.142939 -0.002945 213.024451 1
2 3000.000000 213.387041 -202.944543 294.483475 -0.760321 -35.357398 0
3 4500.000000 233.972219 -247.075921 340.278576 -0.812631 -58.463111 0
4 6000.000000 235.665960 -116.508622 262.892951 -0.459142 47.278535 1
5 7500.000000 268.162083 -62.095630 275.257644 -0.227550 110.329726 1
6 9000.000000 -64.248225 -190.840196 201.364879 -1.895538 -191.443038 0
7 10500.000000 356.008809 -71.929479 363.202591 -0.199360 154.901036 1
8 12000.000000 67.872894 -125.866554 143.000417 -1.076248 -60.428172 0
9 13500.000000 -18.950110 -195.257528 196.174944 -1.667545 -167.935695 0
10 15000.000000 -77.034676 -256.242162 267.571275 -1.862833 -251.538695 0
11 16500.000000 373.430753 -0.483386 373.431066 -0.001294 222.612952 1
12 18000.000000 175.799612 -17.171194 176.636218 -0.097366 91.208503 1
13 19500.000000 20.223308 -139.813672 141.268698 -1.427148 -100.070168 0
14 21000.000000 115.438007 13.899525 116.271795 0.119830 80.084858 1
15 22500.000000 184.847988 -3.076005 184.873580 -0.016639 107.917884 1
16 24000.000000 113.970017 -108.862473 157.607750 -0.762481 -19.261215 0
17 25500.000000 118.358713 -21.879944 120.364101 -0.182798 53.129703 1
18 27000.000000 151.817309 -126.989086 197.926055 -0.696581 -11.199703 0
19 28500.000000 -47.301651 -392.146023 394.988544 -1.690839 -342.793845 0
20 30000.000000 309.893932 -306.473206 435.844095 -0.779848 -60.768685 0
21 31500.000000 480.311659 47.666008 482.671046 0.098916 325.060177 1
22 33000.000000 389.213392 -78.880178 397.126109 -0.199957 169.154461 1
23 34500.000000 342.166050 110.906645 359.691381 0.313446 293.290484 1
24 36000.000000 377.028715 -12.429156 377.233530 -0.032954 215.179638 1
25 37500.000000 130.977327 -196.173378 235.879322 -0.982106 -79.138532 0
26 39000.000000 343.833441 -17.212051 344.263983 -0.050018 191.520061 1
27 40500.000000 126.818301 -306.743527 331.925403 -1.178763 -170.312319 0
28 42000.000000 120.580066 -406.013211 423.540175 -1.282107 -253.663452 0
29 43500.000000 383.329185 -193.684225 429.482064 -0.467854 73.554371 1
30 45000.000000 281.247336 -146.664762 317.191766 -0.480683 50.309508 1
0 0.000000 118.679506 -160.717192 199.786989 -0.934737 -70.435279 0
1 1500.000000 360.632162 13.636387 360.889883 0.037794 207.402535 1
2 3000.000000 222.234329 -188.846612 291.635286 -0.704357 -37.781784 0
3 4500.000000 242.905637 -228.298136 333.351447 -0.754408 -59.669145 0
4 6000.000000 247.234261 -99.418675 266.474864 -0.382336 50.876756 1
5 7500.000000 289.628793 -40.999442 292.516311 -0.140624 122.955205 1
6 9000.000000 -47.015095 -194.770954 200.365026 -1.807652 -189.055917 0
7 10500.000000 350.240192 -69.777904 357.123435 -0.196654 131.729884 1
8 12000.000000 76.445396 -122.409416 144.318966 -1.012552 -61.224558 0
9 13500.000000 1.340379 -199.205889 199.210398 -1.564068 -166.504366 0
10 15000.000000 -64.892119 -261.061965 269.006201 -1.814428 -254.420745 0
11 16500.000000 369.167881 25.674177 370.059573 0.069434 222.146229 1
12 18000.000000 185.496383 3.935340 185.538122 0.021212 104.095915 1
13 19500.000000 44.832026 -148.979846 155.579256 -1.278489 -100.707938 0
14 21000.000000 116.747991 14.039567 117.589127 0.119681 75.222922 1
15 22500.000000 180.400963 6.937033 180.534290 0.038434 103.847155 1
16 24000.000000 121.195497 -93.999845 153.376398 -0.659688 -13.059187 0
17 25500.000000 123.676737 -5.325744 123.791352 -0.043035 62.730645 1
18 27000.000000 150.729151 -106.910792 184.795007 -0.616934 -7.850335 0
19 28500.000000 -28.097147 -377.595575 378.639496 -1.645070 -332.257230 0
20 30000.000000 313.238401 -270.557144 413.907554 -0.712418 -56.929091 0
21 31500.000000 477.572180 87.027994 485.436977 0.180252 332.555638 1
22 33000.000000 384.715702 -45.535304 387.401130 -0.117813 170.814246 1
23 34500.000000 316.267039 142.206202 346.767133 0.422554 291.230020 1
24 36000.000000 363.951185 -5.758049 363.996731 -0.015820 192.924410 1
25 37500.000000 118.564930 -187.635689 221.956740 -1.007258 -93.095524 0
26 39000.000000 322.285916 2.546258 322.295975 0.007900 177.256407 1
27 40500.000000 137.166961 -307.254618 336.482058 -1.150917 -183.407526 0
28 42000.000000 125.402105 -393.045418 412.565618 -1.261953 -261.821227 0
29 43500.000000 369.640834 -181.728704 411.897642 -0.456934 48.289187 1
30 45000.000000 293.470917 -133.442670 322.385058 -0.426760 47.437098 1
0 0.000000 129.899116 -140.075904 191.036748 -0.823076 -55.373404 0
1 1500.000000 342.046524 10.675970 342.213093 0.031202 181.836785 1
2 3000.000000 215.301142 -177.863878 279.267150 -0.690464 -44.896558 0
3 4500.000000 234.076198 -219.467002 320.869805 -0.753198 -71.337910 0
4 6000.000000 239.647606 -93.341449 257.183984 -0.371417 40.359667 1
5 7500.000000 297.363597 -18.157999 297.917475 -0.060988 134.393974 1
6 9000.000000 -32.039057 -191.507134 194.168699 -1.736561 -181.499749 0
7 10500.000000 352.009453 -66.722756 358.277240 -0.187326 120.045413 1
8 12000.000000 83.706121 -108.924084 137.372380 -0.915572 -51.791771 0
9 13500.000000 19.919202 -191.461554 192.494939 -1.467132 -155.238707 0
10 15000.000000 -51.700324 -268.880471 273.805828 -1.760758 -258.219598 0
11 16500.000000 356.246706 45.308634 359.116399 0.126504 218.902006 1
12 18000.000000 185.846277 18.701507 186.784863 0.100291 109.936005 1
13 19500.000000 67.115815 -145.088113 159.859604 -1.137525 -91.385260 0
14 21000.000000 120.551370 17.797807 121.858093 0.146578 76.203552 1
15 22500.000000 183.500737 13.794609 184.018509 0.075034 104.516096 1
16 24000.000000 116.179211 -85.778078 144.414292 -0.635987 -15.421374 0
17 25500.000000 112.305424 11.519821 112.894706 0.102218 66.622215 1
18 27000.000000 147.334818 -93.515584 174.507057 -0.565555 -6.378014 0
19 28500.000000 -21.068999 -372.560052 373.155323 -1.627288 -332.268892 0
20 30000.000000 313.052794 -256.796491 404.903062 -0.686996 -63.707959 0
21 31500.000000 470.018171 108.923995 482.474370 0.227724 331.238855 1
22 33000.000000 380.036915 -20.183965 380.572528 -0.053061 174.367544 1
23 34500.000000 285.214293 154.251254 324.253978 0.495772 277.105799 1
24 36000.000000 354.056109 4.947354 354.090673 0.013972 182.952053 1
25 37500.000000 112.538014 -198.147765 227.875715 -1.054276 -114.269212 0
26 39000.000000 302.950079 -6.932336 303.029385 -0.022879 146.904559 1
27 40500.000000 149.786642 -311.949204 346.046736 -1.123143 -193.717297 0
28 42000.000000 139.538855 -400.333952 423.955616 -1.235408 -275.192757 0
29 43500.000000 378.358657 -178.620588 418.402423 -0.441074 36.740141 1
30 45000.000000 314.054837 -121.285326 336.660914 -0.368546 53.786327 1
0 0.000000 136.775681 -121.942624 183.241891 -0.728128 -42.541167 0
1 1500.000000 340.372713 6.106442 340.427484 0.017939 166.714655 1
2 3000.000000 209.519090 -172.788654 271.577186 -0.689617 -52.831652 0
3 4500.000000 237.671560 -221.661531 324.994776 -0.750557 -82.520984 0
4 6000.000000 244.263366 -99.782093 263.858026 -0.387814 27.921210 1
5 7500.000000 300.120222 -3.687049 300.142869 -0.012285 139.011447 1
6 9000.000000 -16.373950 -186.109800 186.828702 -1.658550 -171.635277 0
7 10500.000000 362.326298 -62.345672 367.651096 -0.170402 116.847063 1
8 12000.000000 91.777716 -100.787884 136.313414 -0.832154 -45.243115 0
9 13500.000000 27.933808 -181.811529 183.944909 -1.418347 -146.848526 0
10 15000.000000 -43.732544 -270.210121 273.726223 -1.731251 -258.655614 0
11 16500.000000 343.743715 59.114489 348.789714 0.170307 214.987329 1
12 18000.000000 183.056805 43.037111 188.047832 0.230909 124.664701 1
13 19500.000000 72.351583 -123.957797 143.528001 -1.042464 -74.852809 0
14 21000.000000 123.613950 17.334296 124.823421 0.139321 73.856669 1
15 22500.000000 178.202766 30.475305 180.789850 0.169376 111.302910 1
16 24000.000000 111.252346 -69.744727 131.306555 -0.559969 -8.677861 0
17 25500.000000 99.399618 19.376540 101.270600 0.192521 64.177239 1
18 27000.000000 137.422714 -85.176732 161.678935 -0.554862 -9.861256 0
19 28500.000000 -13.518027 -363.641127 363.892300 -1.607953 -326.601988 0
20 30000.000000 318.754587 -252.456794 406.618887 -0.669850 -71.203301 0
21 31500.000000 466.340965 121.249472 481.845753 0.254370 327.810117 1
22 33000.000000 378.651221 -4.119024 378.673624 -0.010878 175.855037 1
23 34500.000000 267.612857 150.712500 307.133356 0.512901 259.555212 1
24 36000.000000 357.408673 8.305972 357.505173 0.023235 176.726493 1
25 37500.000000 121.794378 -216.532793 248.435748 -1.058426 -132.931180 0
26 39000.000000 306.185032 -22.775887 307.030967 -0.074249 125.078024 1
27 40500.000000 163.457883 -326.713428 365.321972 -1.106901 -210.199130 0
28 42000.000000 162.746309 -412.098824 443.070877 -1.194676 -285.720229 0
29 43500.000000 403.334940 -182.274939 442.609565 -0.424449 30.684809 1
30 45000.000000 326.242705 -113.894192 345.552007 -0.335881 54.353659 1
0 0.000000 134.767072 -123.454323 182.765242 -0.741616 -45.765551 0
1 1500.000000 335.483409 0.199507 335.483468 0.000595 157.623924 1
2 3000.000000 201.518169 -173.604703 265.985273 -0.711124 -58.722491 0
3 4500.000000 240.056949 -223.751326 328.164585 -0.750257 -84.916608 0
4 6000.000000 246.191999 -111.536330 270.279213 -0.425384 17.051907 1
5 7500.000000 289.746843 2.256577 289.755631 0.007788 137.975475 1
6 9000.000000 -17.688396 -196.654152 197.448056 -1.660502 -181.953014 0
7 10500.000000 368.470256 -67.701364 374.638232 -0.181710 113.146658 1
8 12000.000000 86.644540 -104.501288 135.749017 -0.878547 -51.614124 0
9 13500.000000 17.379554 -185.633440 186.445227 -1.477445 -155.763440 0
10 15000.000000 -38.973226 -282.382546 285.059318 -1.707946 -267.643093 0
11 16500.000000 334.460771 52.463446 338.550470 0.155592 203.294623 1
12 18000.000000 159.997587 49.064376 167.351548 0.297553 118.414766 1
13 19500.000000 71.447363 -117.295424 137.342427 -1.023696 -70.044013 0
14 21000.000000 128.618205 10.548313 129.050028 0.081829 69.677069 1
15 22500.000000 174.356949 32.113763 177.289705 0.182143 110.185941 1
16 24000.000000 106.349258 -68.607314 126.558793 -0.572932 -10.670919 0
17 25500.000000 91.104360 12.367046 91.939916 0.134921 53.677215 1
18 27000.000000 147.545665 -87.266804 171.421173 -0.534114 -7.813678 0
19 28500.000000 1.131644 -363.213752 363.215515 -1.567681 -320.197634 0
20 30000.000000 337.166433 -248.015835 418.560698 -0.634214 -60.767862 0
21 31500.000000 474.544216 123.844256 490.438185 0.255281 332.069450 1
22 33000.000000 385.248962 3.695046 385.266682 0.009591 184.066364 1
23 34500.000000 263.907593 140.225944 298.848679 0.488408 247.679824 1
24 36000.000000 366.489863 15.792059 366.829946 0.043063 185.944447 1
25 37500.000000 146.919411 -229.123019 272.181320 -1.000615 -133.370918 0
26 39000.000000 321.547444 -26.862262 322.667538 -0.083347 127.187191 1
27 40500.000000 188.833911 -329.656595 379.910143 -1.050602 -202.473959 0
28 42000.000000 198.368480 -420.567594 465.002317 -1.130070 -278.276395 0
29 43500.000000 433.267434 -170.212124 465.502778 -0.374333 53.036912 1
30 45000.000000 341.178926 -103.535039 356.542513 -0.294630 68.696179 1
0 0.000000 136.229005 -134.647128 191.541617 -0.779558 -58.168274 0
1 1500.000000 344.006823 1.302369 344.009288 0.003786 157.263363 1
2 3000.000000 190.165503 -175.185373 258.559149 -0.744419 -69.817289 0
3 4500.000000 245.184441 -232.981694 338.224600 -0.759884 -96.354043 0
4 6000.000000 257.847721 -108.156007 279.612534 -0.397166 20.626277 1
5 7500.000000 277.446320 3.936350 277.474242 0.014187 129.406836 1
6 9000.000000 -13.440652 -212.256429 212.681553 -1.634035 -195.243890 0
7 10500.000000 373.732681 -61.571274 378.770562 -0.163280 114.724686 1
8 12000.000000 84.331862 -111.348323 139.679318 -0.922595 -60.956161 0
9 13500.000000 14.698841 -191.837541 192.399839 -1.494324 -164.279230 0
10 15000.000000 -30.822445 -300.881820 302.456431 -1.672881 -282.106753 0
11 16500.000000 325.459758 50.336471 329.329340 0.153447 192.542116 1
12 18000.000000 146.580279 44.261525 153.117147 0.293255 105.957031 1
13 19500.000000 77.071190 -121.059926 143.511233 -1.003873 -72.905047 0
14 21000.000000 140.990326 12.413318 141.535729 0.087817 75.040029 1
15 22500.000000 173.521194 38.477491 177.736102 0.218214 113.027994 1
16 24000.000000 108.308868 -70.017078 128.969772 -0.573881 -13.245039 0
17 25500.000000 95.150738 11.059608 95.791324 0.115713 53.032711 1
18 27000.000000 162.054250 -81.145008 181.234909 -0.464229 1.227183 1
19 28500.000000 25.701987 -364.605813 365.510589 -1.500420 -313.242581 0
20 30000.000000 366.873726 -239.652418 438.211835 -0.578642 -47.078476 0
21 31500.000000 485.971188 137.119968 504.945424 0.275007 342.712753 1
22 33000.000000 399.059450 11.679740 399.230336 0.029260 191.492474 1
23 34500.000000 267.813557 144.157923 304.147346 0.493798 249.989197 1
24 36000.000000 376.900426 21.217482 377.497169 0.056235 189.936413 1
25 37500.000000 170.343796 -236.721539 291.640354 -0.947040 -133.647728 0
26 39000.000000 339.020446 -25.299182 339.963103 -0.074486 131.295622 1
27 40500.000000 212.880427 -331.784020 394.206433 -1.000332 -199.057101 0
28 42000.000000 231.597457 -408.957835 469.982864 -1.055516 -259.334439 0
29 43500.000000 449.354035 -147.985234 473.094788 -0.318142 72.035263 1
30 45000.000000 347.210442 -91.264719 359.004651 -0.257037 76.229207 1
0 0.000000 145.273950 -140.292781 201.956889 -0.767957 -62.633369 0
1 1500.000000 337.528631 8.530513 337.636411 0.025268 155.282001 1
2 3000.000000 175.814203 -174.765843 247.898636 -0.782408 -80.278990 0
3 4500.000000 245.416051 -238.152876 341.973436 -0.770379 -106.844312 0
4 6000.000000 256.042537 -103.422544 276.141274 -0.383887 18.966253 1
5 7500.000000 262.277444 7.632401 262.388473 0.029092 121.564927 1
6 9000.000000 -12.788422 -226.854635 227.214808 -1.627109 -209.603645 0
7 10500.000000 370.274646 -45.017349 373.001173 -0.120984 121.447006 1
8 12000.000000 79.945928 -113.943224 139.191988 -0.958978 -67.506878 0
9 13500.000000 12.962102 -201.132738 201.549980 -1.506440 -175.210474 0
10 15000.000000 -17.734122 -312.757039 313.259421 -1.627438 -289.018774 0
11 16500.000000 316.281471 59.200917 321.774327 0.185037 191.558054 1
12 18000.000000 138.206500 40.765745 144.093313 0.286829 97.102211 1
13 19500.000000 81.380308 -125.194302 149.319684 -0.994399 -76.997706 0
14 21000.000000 154.676625 17.625530 155.677608 0.113461 83.494995 1
15 22500.000000 175.289600 42.109574 180.276621 0.235761 114.528171 1
16 24000.000000 120.704853 -69.707122 139.387031 -0.523711 -9.900253 0
17 25500.000000 100.344867 0.919321 100.349078 0.009161 44.710299 1
18 27000.000000 173.015489 -81.283105 191.157795 -0.439199 2.566307 1
19 28500.000000 48.887615 -363.446274 366.719502 -1.437088 -305.468219 0
20 30000.000000 391.936546 -219.243268 449.090043 -0.510020 -25.761441 0
21 31500.000000 489.916632 156.048295 514.168627 0.308360 354.588533 1
22 33000.000000 407.349798 18.927162 407.789278 0.046431 195.166436 1
23 34500.000000 270.676858 145.020934 307.078219 0.491854 248.792059 1
24 36000.000000 379.327724 31.011867 380.593297 0.081573 193.779422 1
25 37500.000000 191.314990 -234.360515 302.533100 -0.886178 -127.093704 0
26 39000.000000 342.788708 -17.047557 343.212350 -0.049691 134.579956 1
27 40500.000000 231.245176 -328.964752 402.109612 -0.958094 -194.708961 0
28 42000.000000 250.502759 -397.036813 469.456987 -1.007944 -247.504462 0
29 43500.000000 453.930211 -124.593156 470.718696 -0.267879 86.469156 1
30 45000.000000 346.966590 -79.194859 355.889928 -0.224405 80.517840 1
0 0.000000 148.944916 -144.434208 207.474886 -0.770024 -71.160466 0
1 1500.000000 324.343339 21.813639 325.076047 0.067154 152.152966 1
2 3000.000000 168.091370 -176.214474 243.528745 -0.808986 -92.373545 0
3 4500.000000 248.755295 -234.814689 342.077674 -0.756578 -112.995720 0
4 6000.000000 244.665638 -87.267050 259.762993 -0.342612 20.065071 1
5 7500.000000 243.071659 13.443785 243.443149 0.055252 111.375903 1
6 9000.000000 -5.684974 -234.964408 235.033172 -1.594987 -216.867570 0
7 10500.000000 373.658079 -22.482973 374.333867 -0.060097 131.810600 1
8 12000.000000 83.524725 -110.671757 138.652867 -0.924290 -67.003197 0
9 13500.000000 14.078250 -208.044576 208.520365 -1.503230 -184.229181 0
10 15000.000000 -4.089876 -321.427653 321.453672 -1.583520 -295.168240 0
11 16500.000000 308.400150 72.915965 316.902809 0.232170 192.315300 1
12 18000.000000 136.353681 38.500975 141.685043 0.275197 90.747176 1
13 19500.000000 91.201230 -130.725894 159.395495 -0.961648 -82.185248 0
14 21000.000000 160.048100 23.908081 161.823949 0.148284 87.082368 1
15 22500.000000 172.351992 37.713058 176.429827 0.215419 104.704205 1
16 24000.000000 139.350319 -67.572657 154.869543 -0.451505 -4.888650 0
17 25500.000000 111.211209 -1.957360 111.228433 -0.017599 43.553444 1
18 27000.000000 184.007487 -79.505881 200.449346 -0.407852 2.421630 1
19 28500.000000 68.919794 -369.620100 375.990634 -1.386452 -309.407548 0
20 30000.000000 416.883586 -194.339576 459.956297 -0.436221 -7.491437 0
21 31500.000000 494.690736 176.936635 525.381287 0.343492 363.248816 1
22 33000.000000 419.353425 36.292038 420.920903 0.086328 204.108980 1
23 34500.000000 274.525065 154.680981 315.103502 0.513110 253.165410 1
24 36000.000000 385.076933 46.873403 387.919270 0.121129 199.796492 1
25 37500.000000 204.684483 -227.212504 305.812458 -0.837512 -124.021684 0
26 39000.000000 338.958122 1.435236 338.961161 0.004234 139.503554 1
27 40500.000000 247.288681 -319.517807 404.033811 -0.912147 -190.937446 0
28 42000.000000 274.622333 -377.718015 466.999277 -0.942141 -232.937087 0
29 43500.000000 453.671998 -93.344437 463.175416 -0.202921 99.727475 1
30 45000.000000 346.795454 -62.881837 352.450298 -0.179374 83.969868 1
0 0.000000 162.769630 -142.890240 216.590797 -0.720452 -75.844024 0
1 1500.000000 312.991847 40.853299 315.646778 0.129791 149.244200 1
2 3000.000000 171.787015 -174.201573 244.656835 -0.792377 -101.918997 0
3 4500.000000 262.096128 -225.545759 345.782113 -0.710585 -117.881460 0
4 6000.000000 241.758122 -73.238734 252.608198 -0.294154 17.301089 1
5 7500.000000 233.841869 17.058543 234.463246 0.072820 98.915251 1
6 9000.000000 13.213143 -250.863464 251.211195 -1.518174 -229.855106 0
7 10500.000000 372.257300 7.583115 372.334528 0.020368 139.165694 1
8 12000.000000 84.062797 -104.382679 134.023496 -0.892812 -67.766618 0
9 13500.000000 21.994622 -214.938780 216.061201 -1.468822 -193.151921 0
10 15000.000000 12.340992 -325.268961 325.502991 -1.532874 -299.729458 0
11 16500.000000 303.099309 92.353042 316.856869 0.295759 193.883690 1
12 18000.000000 139.065110 41.148480 145.025178 0.287685 87.811429 1
13 19500.000000 104.181469 -125.366213 163.004497 -0.877427 -80.246979 0
14 21000.000000 167.664915 36.062523 171.499357 0.211859 93.203483 1
15 22500.000000 175.837480 44.138520 181.292659 0.245937 103.653686 1
16 24000.000000 156.642673 -62.547889 168.668804 -0.379905 -2.902316 0
17 25500.000000 120.393968 7.789536 120.645698 0.064610 49.998238 1
18 27000.000000 197.502392 -70.286273 209.636245 -0.341900 4.359656 1
19 28500.000000 98.479257 -362.572189 375.708339 -1.305582 -304.044227 0
20 30000.000000 433.017665 -156.125998 460.303840 -0.346045 7.664588 1
21 31500.000000 497.480909 211.277292 540.486215 0.401612 374.037192 1
22 33000.000000 431.090585 57.609063 434.922862 0.132849 206.811011 1
23 34500.000000 276.809570 174.615347 327.282840 0.562769 261.466744 1
24 36000.000000 392.084441 68.579267 398.036839 0.173158 203.228252 1
25 37500.000000 219.788949 -211.457370 304.994101 -0.766081 -119.720092 0
26 39000.000000 336.177811 24.544189 337.072600 0.072880 142.222428 1
27 40500.000000 270.461419 -303.589618 406.590747 -0.843044 -187.880053 0
28 42000.000000 299.594486 -355.642663 465.014580 -0.870729 -226.210359 0
29 43500.000000 456.337217 -60.107889 460.278844 -0.130964 105.709784 1
30 45000.000000 355.332493 -44.212531 358.072518 -0.123790 84.734830 1
0 0.000000 177.951725 -139.684701 226.226949 -0.665502 -76.972029 0
1 1500.000000 311.692522 55.030085 316.513094 0.174752 149.818283 1
2 3000.000000 183.394804 -172.933091 252.070443 -0.756047 -106.846470 0
3 4500.000000 269.751174 -218.755929 347.303689 -0.681385 -123.339546 0
4 6000.000000 234.929783 -64.068908 243.509400 -0.266241 12.677732 1
5 7500.000000 224.057290 25.931739 225.552930 0.115224 94.753931 1
6 9000.000000 32.360591 -252.820582 254.883218 -1.443490 -229.990824 0
7 10500.000000 375.818731 25.856506 376.707151 0.068692 142.180463 1
8 12000.000000 93.403430 -102.904323 138.973020 -0.833758 -68.501236 0
9 13500.000000 33.127400 -218.775867 221.269756 -1.420516 -197.416508 0
10 15000.000000 33.392031 -331.422766 333.100702 -1.470382 -304.321246 0
11 16500.000000 300.960218 108.884496 320.051381 0.347140 197.608095 1
12 18000.000000 147.463536 33.644198 151.252856 0.224313 78.106762 1
13 19500.000000 120.325368 -123.697608 172.566777 -0.799217 -79.823901 0
14 21000.000000 177.953175 40.798890 182.570211 0.225373 94.444591 1
15 22500.000000 183.950881 52.975176 191.426999 0.280398 107.886295 1
16 24000.000000 172.542857 -54.466681 180.935504 -0.305771 2.271814 1
17 25500.000000 132.469852 11.395680 132.959103 0.085813 52.283309 1
18 27000.000000 206.503776 -62.336135 215.707216 -0.293166 5.426738 1
19 28500.000000 116.969051 -362.313987 380.727178 -1.258520 -307.502740 0
20 30000.000000 455.568383 -132.598028 474.473170 -0.283236 16.646506 1
21 31500.000000 496.094310 237.406382 549.973958 0.446342 380.745761 1
22 33000.000000 435.715162 82.444659 443.446530 0.187006 214.671912 1
23 34500.000000 276.407088 193.152876 337.207520 0.609919 269.958276 1
24 36000.000000 399.994789 86.619959 409.266232 0.213260 207.457757 1
25 37500.000000 231.726226 -197.662138 304.577354 -0.706232 -115.206469 0
26 39000.000000 329.588024 44.963193 332.640878 0.135585 145.858045 1
27 40500.000000 283.590507 -290.724703 406.133511 -0.797820 -187.361230 0
28 42000.000000 320.418799 -340.386155 467.472931 -0.815606 -223.001267 0
29 43500.000000 446.726451 -39.256465 448.447982 -0.087651 102.531296 1
30 45000.000000 345.472610 -33.760217 347.118246 -0.097413 76.061194 1
0 0.000000 190.145511 -136.177283 233.879387 -0.621499 -82.267079 0
1 1500.000000 295.539786 68.529809 303.381113 0.227853 142.755492 1
2 3000.000000 196.791179 -168.867931 259.312835 -0.709182 -112.119933 0
3 4500.000000 280.588043 -207.686032 349.089011 -0.637187 -127.903509 0
4 6000.000000 235.340496 -53.111754 241.259212 -0.221962 9.671129 1
5 7500.000000 216.885225 32.448282 219.299092 0.148509 87.528829 1
6 9000.000000 55.529925 -264.742437 270.503476 -1.364043 -241.317655 0
7 10500.000000 381.219365 49.163340 384.376428 0.128255 146.247197 1
8 12000.000000 99.658137 -100.761484 141.720221 -0.790903 -71.502953 0
9 13500.000000 41.792773 -220.040258 223.973996 -1.383100 -201.700547 0
10 15000.000000 55.024722 -333.659033 338.165743 -1.407354 -308.012227 0
11 16500.000000 298.411492 127.802289 324.627238 0.404642 200.748301 1
12 18000.000000 156.330959 31.562783 159.485353 0.199219 70.985790 1
13 19500.000000 130.186497 -114.430134 173.328531 -0.721075 -76.795967 0
14 21000.000000 178.634871 48.811510 185.183640 0.266736 93.423889 1
15 22500.000000 184.328573 64.586194 195.316152 0.337019 110.135070 1
16 24000.000000 192.465332 -42.015927 196.998077 -0.214932 9.280476 1
17 25500.000000 142.297804 24.184431 144.338324 0.168348 60.223781 1
18 27000.000000 210.078294 -52.304234 216.491622 -0.244014 3.906410 1
19 28500.000000 146.571755 -348.728539 378.278830 -1.172911 -298.850185 0
20 30000.000000 464.024312 -95.558045 473.761440 -0.203094 27.919044 1
21 31500.000000 483.342957 272.641385 554.935797 0.513585 388.552521 1
22 33000.000000 441.344773 113.614329 455.733940 0.251957 224.074410 1
23 34500.000000 279.618942 214.963945 352.698527 0.655409 280.065562 1
24 36000.000000 398.491451 115.208256 414.811257 0.281437 214.511924 1
25 37500.000000 247.121652 -179.908099 305.673085 -0.629281 -109.744077 0
26 39000.000000 321.424701 62.403447 327.426372 0.191761 143.544288 1
27 40500.000000 305.236524 -274.947595 410.810802 -0.733240 -186.482998 0
28 42000.000000 343.496512 -320.887091 470.062101 -0.751381 -220.942056 0
29 43500.000000 446.813110 -17.826997 447.168600 -0.039877 98.537349 1
30 45000.000000 347.446941 -18.613052 347.945143 -0.053520 72.035374 1
0 0.000000 198.441178 -125.830472 234.972783 -0.565113 -83.763876 0
1 1500.000000 294.816290 90.507205 308.396172 0.297862 147.439653 1
2 3000.000000 216.267470 -162.811384 270.701248 -0.645306 -116.450917 0
3 4500.000000 289.207613 -181.427626 341.404492 -0.560271 -120.159143 0
4 6000.000000 229.642691 -41.186479 233.306862 -0.177464 5.400053 1
5 7500.000000 213.820865 53.193728 220.338228 0.243827 94.734670 1
6 9000.000000 67.789213 -258.454120 267.196388 -1.314287 -239.762560 0
7 10500.000000 372.640168 73.537346 379.826850 0.194838 146.317967 1
8 12000.000000 105.037806 -105.205775 148.664709 -0.786197 -82.165151 0
9 13500.000000 43.635265 -210.830430 215.298645 -1.366709 -197.907084 0
10 15000.000000 75.252486 -318.021128 326.803266 -1.338443 -296.647754 0
11 16500.000000 285.370555 160.165383 327.245021 0.511442 213.818596 1
12 18000.000000 167.713580 41.394969 172.746601 0.241983 73.984810 1
13 19500.000000 147.650210 -94.787823 175.457447 -0.570713 -63.464824 0
14 21000.000000 178.007709 57.885322 187.182945 0.314399 92.195743 1
15 22500.000000 178.866849 75.663764 194.212139 0.400190 109.788837 1
16 24000.000000 202.209402 -18.592734 203.062385 -0.091690 22.074091 1
17 25500.000000 149.439168 37.895845 154.169258 0.248352 66.914349 1
18 27000.000000 233.219611 -40.426214 236.697414 -0.171634 6.857838 1
19 28500.000000 179.924848 -338.675590 383.502420 -1.082454 -296.030094 0
20 30000.000000 482.585683 -67.300924 487.255945 -0.138565 30.212885 1
21 31500.000000 471.384300 300.783248 559.172354 0.567953 388.683027 1
22 33000.000000 441.265050 129.127236 459.770255 0.284681 214.467770 1
23 34500.000000 286.881357 229.981415 367.685143 0.675753 282.535519 1
24 36000.000000 405.062347 131.620398 425.910124 0.314176 209.696876 1
25 37500.000000 247.938140 -171.555702 301.504031 -0.605289 -118.708903 0
26 39000.000000 307.794645 73.693446 316.493708 0.235000 133.549271 1
27 40500.000000 330.038784 -264.585388 423.002396 -0.675764 -193.512808 0
28 42000.000000 383.720947 -299.433558 486.726023 -0.662639 -216.964937 0
29 43500.000000 446.826925 0.210402 446.826975 0.000471 89.244676 1
30 45000.000000 345.443005 0.918825 345.444227 0.002660 69.736278 1
0 0.000000 206.699626 -118.235897 238.126988 -0.519590 -85.630846 0
1 1500.000000 285.654661 94.523306 300.887422 0.319560 136.618805 1
2 3000.000000 235.368969 -150.072441 279.142059 -0.567612 -112.767652 0
3 4500.000000 299.777182 -164.314443 341.856102 -0.501400 -117.109547 0
4 6000.000000 217.909541 -32.846624 220.371207 -0.149609 0.471721 1
5 7500.000000 205.403952 55.794887 212.847018 0.265235 86.204136 1
6 9000.000000 108.752924 -257.045807 279.105258 -1.170547 -237.651946 0
7 10500.000000 375.667533 94.283572 387.318328 0.245897 149.988862 1
8 12000.000000 104.669661 -104.839189 148.145177 -0.786207 -87.811723 0
9 13500.000000 68.599809 -212.664600 223.455065 -1.258761 -199.850615 0
10 15000.000000 111.802465 -314.737224 334.004957 -1.229475 -294.219389 0
11 16500.000000 278.682069 183.250383 333.533204 0.581672 223.272212 1
12 18000.000000 181.716908 51.523706 188.880191 0.276287 78.401323 1
13 19500.000000 181.741303 -81.041971 198.991714 -0.419455 -52.637240 0
14 21000.000000 194.298945 58.591584 202.941010 0.292882 87.289975 1
15 22500.000000 178.721082 82.747580 196.947676 0.433611 108.813505 1
16 24000.000000 223.362333 -8.277127 223.515643 -0.037040 25.583155 1
17 25500.000000 164.662170 42.155905 169.972793 0.250631 66.563050 1
18 27000.000000 264.620637 -48.465211 269.022227 -0.181142 -7.906172 0
19 28500.000000 217.029945 -338.697876 402.266389 -1.000932 -301.997697 0
20 30000.000000 499.167364 -50.156384 501.680895 -0.100144 25.877971 1
21 31500.000000 460.783439 327.925705 565.558702 0.618515 393.812784 1
22 33000.000000 439.786687 145.947568 463.371366 0.320424 210.751884 1
23 34500.000000 285.300089 245.708362 376.521898 0.710976 286.012863 1
24 36000.000000 405.963517 147.472357 431.919521 0.348443 207.146181 1
25 37500.000000 247.602634 -159.322876 294.433088 -0.571765 -120.062448 0
26 39000.000000 301.848721 73.504473 310.669532 0.238865 118.289536 1
27 40500.000000 347.351587 -249.646029 427.757250 -0.623175 -194.268803 0
28 42000.000000 409.878317 -280.252006 496.529376 -0.599733 -215.071041 0
29 43500.000000 441.855095 19.837236 442.300170 0.044865 86.403471 1
30 45000.000000 343.872444 22.208085 344.588823 0.064493 73.935267 1
0 0.000000 218.666225 -112.252438 245.795703 -0.474271 -88.718779 0
1 1500.000000 281.951261 101.364044 299.618396 0.345121 130.353533 1
2 3000.000000 242.493537 -158.435129 289.663262 -0.578732 -132.150142 0
3 4500.000000 309.178226 -149.911633 343.605403 -0.451472 -116.685226 0
4 6000.000000 224.340046 -28.829316 226.184849 -0.127807 -5.160416 0
5 7500.000000 202.686700 57.174071 210.596232 0.274937 78.100201 1
6 9000.000000 139.012485 -249.257539 285.401107 -1.062056 -233.316951 0
7 10500.000000 375.493283 127.431283 396.527348 0.327174 166.080156 1
8 12000.000000 110.877030 -105.868897 153.303422 -0.762296 -93.666369 0
9 13500.000000 90.487219 -220.864196 238.681650 -1.181959 -210.165252 0
10 15000.000000 147.625384 -305.669083 339.450795 -1.120875 -288.515267 0
11 16500.000000 264.151494 210.331466 337.661572 0.672452 236.855579 1
12 18000.000000 196.583539 67.104163 207.721102 0.328950 87.336021 1
13 19500.000000 203.124489 -70.858822 215.129102 -0.335645 -49.181818 0
14 21000.000000 208.876933 70.010594 220.297654 0.323408 91.514758 1
15 22500.000000 176.002405 93.842067 199.457213 0.489843 111.769856 1
16 24000.000000 237.444314 4.338816 237.483952 0.018271 29.198368 1
17 25500.000000 176.104944 45.107323 181.790049 0.250748 63.314209 1
18 27000.000000 276.375237 -45.039692 280.021152 -0.161546 -15.828402 0
19 28500.000000 236.356632 -328.328943 404.554511 -0.946854 -301.751588 0
20 30000.000000 509.141290 -25.718041 509.790418 -0.050470 27.780032 1
21 31500.000000 438.718758 354.343970 563.944853 0.679406 398.369217 1
22 33000.000000 435.969526 169.381097 467.717205 0.370567 214.136706 1
23 34500.000000 277.984291 252.469639 375.521217 0.737336 280.211359 1
24 36000.000000 396.278470 169.302356 430.929128 0.403759 209.898895 1
25 37500.000000 252.815011 -148.983354 293.447558 -0.532513 -121.668752 0
26 39000.000000 295.390111 82.431798 306.676244 0.272138 112.933885 1
27 40500.000000 353.828384 -240.122054 427.613291 -0.596246 -201.719715 0
28 42000.000000 420.373054 -260.711942 494.655659 -0.555134 -215.222549 0
29 43500.000000 429.078779 35.611665 430.554049 0.082806 80.381727 1
30 45000.000000 341.596320 36.441670 343.534629 0.106279 72.039265 1
0 0.000000 233.853534 -104.551552 256.161087 -0.420424 -93.368947 0
1 1500.000000 276.816451 109.787930 297.793111 0.377580 122.763369 1
2 3000.000000 252.698279 -151.847706 294.812052 -0.541085 -139.720427 0
3 4500.000000 323.545577 -134.701469 350.465727 -0.394504 -119.241039 0
4 6000.000000 230.529645 -21.677938 231.546648 -0.093760 -10.745442 0
5 7500.000000 201.785805 63.927092 211.669989 0.306804 73.403597 1
6 9000.000000 160.725354 -236.403898 285.866126 -0.973704 -228.533885 0
7 10500.000000 378.280973 152.502774 407.864672 0.383216 170.231471 1
8 12000.000000 122.606709 -99.508605 157.906198 -0.681779 -93.595632 0
9 13500.000000 105.648501 -215.693063 240.177233 -1.115334 -210.452378 0
10 15000.000000 175.400109 -295.234578 343.407417 -1.034723 -286.604286 0
11 16500.000000 253.318202 232.074879 343.553287 0.741661 243.801450 1
12 18000.000000 199.888285 88.113017 218.447317 0.415186 97.472644 1
13 19500.000000 220.439536 -52.857350 226.688086 -0.235338 -42.367373 0
14 21000.000000 215.584144 91.793677 234.313044 0.402540 101.891879 1
15 22500.000000 177.615060 107.789477 207.763521 0.545457 116.073138 1
16 24000.000000 243.798923 24.244278 245.001429 0.099118 35.753212 1
17 25500.000000 177.652554 63.317468 188.598865 0.342375 71.652717 1
18 27000.000000 282.650900 -29.722970 284.209406 -0.104773 -16.315186 0
19 28500.000000 251.263547 -313.955677 402.121297 -0.895863 -301.714705 0
20 30000.000000 507.567335 4.679890 507.588910 0.009220 28.691747 1
21 31500.000000 415.078629 380.148314 562.852564 0.741501 399.363212 1
22 33000.000000 426.944118 196.008370 469.787783 0.430392 215.990981 1
23 34500.000000 268.141069 265.034793 377.018666 0.779572 277.425834 1
24 36000.000000 391.741935 186.739913 433.974122 0.444827 205.067206 1
25 37500.000000 264.349704 -141.087225 299.643740 -0.490254 -128.420676 0
26 39000.000000 298.116272 91.353137 311.799146 0.297350 105.357092 1
27 40500.000000 367.662729 -226.091471 431.617001 -0.551334 -208.441135 0
28 42000.000000 434.406630 -244.374332 498.425455 -0.512425 -223.545326 0
29 43500.000000 429.853699 48.706641 432.604368 0.112829 68.991923 1
30 45000.000000 347.127682 51.847540 350.978340 0.148266 68.214871 1
0 0.000000 242.945712 -90.653762 259.308163 -0.357143 -93.477714 0
1 1500.000000 277.581094 116.244814 300.938732 0.396589 113.003352 1
2 3000.000000 269.823467 -146.191156 306.881992 -0.496528 -149.324441 0
3 4500.000000 337.882264 -125.312307 360.371473 -0.355150 -129.239833 0
4 6000.000000 240.792954 -16.253883 241.340911 -0.067399 -19.057804 0
5 7500.000000 205.712602 65.459293 215.876338 0.308076 63.058481 1
6 9000.000000 183.707046 -220.103107 286.694361 -0.875287 -222.228197 0
7 10500.000000 381.972785 175.644689 420.421533 0.431003 171.183126 1
8 12000.000000 145.057921 -90.789625 171.127310 -0.559236 -92.473261 0
9 13500.000000 121.567866 -208.392707 241.259749 -1.042702 -209.794725 0
10 15000.000000 201.635716 -278.646674 343.949024 -0.944390 -280.976644 0
11 16500.000000 252.221394 250.665754 355.596614 0.782305 247.710589 1
12 18000.000000 202.930663 108.643474 230.183098 0.491543 106.272140 1
13 19500.000000 229.402754 -31.019014 231.490395 -0.134401 -33.689248 0
14 21000.000000 223.067410 112.091534 249.646914 0.465646 109.485391 1
15 22500.000000 174.992090 127.749692 216.661522 0.630598 125.702521 1
16 24000.000000 244.403930 48.710137 249.210671 0.196724 45.859742 1
17 25500.000000 179.797480 80.561926 197.021211 0.421248 78.461978 1
18 27000.000000 287.569277 -11.508751 287.799480 -0.039999 -14.857898 0
19 28500.000000 265.989746 -299.723484 400.730224 -0.844958 -302.801692 0
20 30000.000000 503.231977 39.103381 504.748945 0.077549 33.238521 1
21 31500.000000 391.140568 403.640399 562.064512 0.801124 399.056569 1
22 33000.000000 418.198031 225.244251 474.999543 0.494054 220.357331 1
23 34500.000000 254.242445 281.153336 379.059915 0.835619 278.172559 1
24 36000.000000 385.466645 205.593262 436.867399 0.489980 201.088967 1
25 37500.000000 273.668171 -130.520651 303.199452 -0.445022 -133.699786 0
26 39000.000000 289.352877 101.034479 306.484996 0.335939 97.656918 1
27 40500.000000 380.227169 -210.128485 434.426841 -0.504867 -214.543537 0
28 42000.000000 450.654342 -228.886095 505.448494 -0.469945 -234.120288 0
29 43500.000000 427.572765 61.926105 432.033924 0.143832 56.941059 1
30 45000.000000 344.204241 68.459633 350.946265 0.196330 64.445313 1
0 0.000000 252.360376 -77.374745 263.955698 -0.297505 -90.579872 0
1 1500.000000 275.662763 119.523412 300.459323 0.409120 104.814839 1
2 3000.000000 285.748959 -140.454668 318.402232 -0.456850 -155.333321 0
3 4500.000000 352.798099 -109.808489 369.492088 -0.301746 -128.266884 0
4 6000.000000 242.697535 -11.639438 242.976480 -0.047922 -24.426349 0
5 7500.000000 204.667610 68.260375 215.750573 0.321917 57.368417 1
6 9000.000000 197.471985 -212.547272 290.123297 -0.822149 -222.668632 0
7 10500.000000 378.964077 193.472965 425.494489 0.472037 173.211928 1
8 12000.000000 157.880775 -87.278025 180.398982 -0.504998 -95.485243 0
9 13500.000000 138.652807 -203.475879 246.225576 -0.972648 -210.506959 0
10 15000.000000 217.584463 -269.115290 346.072301 -0.890883 -280.218884 0
11 16500.000000 246.145759 259.679725 357.800635 0.812148 246.333116 1
12 18000.000000 206.849626 119.368723 238.821397 0.523396 108.290492 1
13 19500.000000 237.996874 -19.839389 238.822347 -0.083168 -32.366906 0
14 21000.000000 223.594437 124.311630 255.827782 0.507415 112.343171 1
15 22500.000000 176.793215 137.685066 224.082615 0.661675 128.166908 1
16 24000.000000 254.756820 61.411281 262.054160 0.236546 47.886484 1
17 25500.000000 180.131696 94.889054 203.596072 0.484838 85.254370 1
18 27000.000000 294.044582 4.500165 294.079016 0.015303 -11.017950 0
19 28500.000000 281.846682 -283.411696 399.699564 -0.788167 -297.885433 0
20 30000.000000 498.260511 64.819304 502.459032 0.129365 38.444117 1
21 31500.000000 361.290782 416.475032 551.346063 0.856232 396.835807 1
22 33000.000000 412.073333 236.527726 475.131347 0.521078 214.460113 1
23 34500.000000 244.527193 290.563464 379.763972 0.871221 277.259236 1
24 36000.000000 384.499057 217.491782 441.749024 0.514779 196.905312 1
25 37500.000000 288.695113 -127.992620 315.795787 -0.417309 -143.044045 0
26 39000.000000 286.672834 104.144848 305.004037 0.348463 88.876870 1
27 40500.000000 385.103061 -194.867180 431.598871 -0.468446 -214.911333 0
28 42000.000000 464.052409 -201.896286 506.069904 -0.410371 -226.095497 0
29 43500.000000 423.438787 73.415356 429.756001 0.171672 50.975299 1
30 45000.000000 332.486926 81.742796 342.387852 0.241071 64.089162 1
0 0.000000 247.707463 -65.435034 256.204471 -0.258263 -88.743372 0
1 1500.000000 275.068316 125.829137 302.482313 0.429029 99.042857 1
2 3000.000000 295.711739 -132.974647 324.234004 -0.422585 -160.550330 0
3 4500.000000 365.207320 -98.755259 378.323919 -0.264093 -133.109509 0
4 6000.000000 244.117581 -6.139443 244.194770 -0.025144 -29.375540 0
5 7500.000000 201.981190 72.751159 214.683796 0.345722 53.171545 1
6 9000.000000 214.669301 -194.402357 289.612129 -0.735895 -213.975244 0
7 10500.000000 376.271888 211.027625 431.408382 0.511126 174.209036 1
8 12000.000000 171.734027 -83.703429 191.046696 -0.453518 -99.688469 0
9 13500.000000 146.771797 -196.232325 245.049150 -0.928609 -209.326353 0
10 15000.000000 233.626689 -259.057930 348.844437 -0.836970 -280.143164 0
11 16500.000000 234.661438 273.538923 360.401905 0.861750 249.931093 1
12 18000.000000 208.540056 134.850178 248.341550 0.574009 114.362885 1
13 19500.000000 233.357870 -3.927567 233.390920 -0.016829 -26.148347 0
14 21000.000000 218.902823 141.802521 260.818712 0.574818 120.296029 1
15 22500.000000 171.718959 134.106533 217.880617 0.663026 117.131620 1
16 24000.000000 254.963817 72.665095 265.116510 0.277641 48.036707 1
17 25500.000000 165.325606 107.820533 197.377362 0.577900 91.574531 1
18 27000.000000 284.785400 16.314738 285.252335 0.057225 -10.899136 0
19 28500.000000 287.054831 -277.552542 399.294239 -0.768570 -303.645224 0
20 30000.000000 487.709358 79.526850 494.150723 0.161639 32.686931 1
21 31500.000000 327.122595 429.866421 540.179908 0.920301 396.735695 1
22 33000.000000 387.387249 255.276587 463.934280 0.582655 217.197332 1
23 34500.000000 223.298558 297.459035 371.946398 0.926856 274.825204 1
24 36000.000000 367.851646 220.666550 428.962189 0.540331 184.606529 1
25 37500.000000 294.896810 -121.685015 319.016256 -0.391352 -149.234420 0
26 39000.000000 275.788141 106.456100 295.621379 0.368385 79.689394 1
27 40500.000000 385.684282 -178.439456 424.962357 -0.433329 -214.382466 0
28 42000.000000 472.166631 -183.506546 506.572778 -0.370682 -227.668133 0
29 43500.000000 413.599574 87.600653 422.774742 0.208716 47.786540 1
30 45000.000000 317.922093 92.609608 331.135918 0.283453 61.890618 1
