0 0.000000 32.836924 13.601499 35.542430 0.392699 -0.000000 0
1 1500.000000 32.836924 13.601499 35.542430 0.392699 -0.000000 0
2 3000.000000 32.836924 13.601499 35.542430 0.392699 -0.000000 0
3 4500.000000 32.836924 13.601499 35.542430 0.392699 -0.000000 0
4 6000.000000 32.836924 13.601499 35.542430 0.392699 -0.000000 0
5 7500.000000 32.836924 13.601499 35.542430 0.392699 -0.000000 0
6 9000.000000 32.836924 13.601499 35.542430 0.392699 -0.000000 0
7 10500.000000 32.836924 13.601499 35.542430 0.392699 -0.000000 0
8 12000.000000 32.836924 13.601499 35.542430 0.392699 -0.000000 0
9 13500.000000 32.836924 13.601499 35.542430 0.392699 -0.000000 0
10 15000.000000 32.836924 13.601499 35.542430 0.392699 -0.000000 0
11 16500.000000 32.836924 13.601499 35.542430 0.392699 -0.000000 0
12 18000.000000 32.836924 13.601499 35.542430 0.392699 -0.000000 0
13 19500.000000 32.836924 13.601499 35.542430 0.392699 -0.000000 0
14 21000.000000 32.836924 13.601499 35.542430 0.392699 -0.000000 0
15 22500.000000 32.836924 13.601499 35.542430 0.392699 -0.000000 0
16 24000.000000 32.836924 13.601499 35.542430 0.392699 -0.000000 0
17 25500.000000 32.836924 13.601499 35.542430 0.392699 -0.000000 0
18 27000.000000 32.836924 13.601499 35.542430 0.392699 -0.000000 0
19 28500.000000 32.836924 13.601499 35.542430 0.392699 -0.000000 0
20 30000.000000 32.836924 13.601499 35.542430 0.392699 -0.000000 0
21 31500.000000 32.836924 13.601499 35.542430 0.392699 -0.000000 0
22 33000.000000 32.836924 13.601499 35.542430 0.392699 -0.000000 0
23 34500.000000 32.836924 13.601499 35.542430 0.392699 -0.000000 0
24 36000.000000 32.836924 13.601499 35.542430 0.392699 -0.000000 0
25 37500.000000 32.836924 13.601499 35.542430 0.392699 -0.000000 0
26 39000.000000 32.836924 13.601499 35.542430 0.392699 -0.000000 0
27 40500.000000 32.836924 13.601499 35.542430 0.392699 -0.000000 0
28 42000.000000 32.836924 13.601499 35.542430 0.392699 -0.000000 0
29 43500.000000 32.836924 13.601499 35.542430 0.392699 -0.000000 0
30 45000.000000 32.836924 13.601499 35.542430 0.392699 -0.000000 0
0 0.000000 32.836924 13.601499 35.542430 0.392699 -0.000000 0
1 1500.000000 32.836924 13.601499 35.542430 0.392699 -0.000000 0
2 3000.000000 32.836924 13.601499 35.542430 0.392699 -0.000000 0
3 4500.000000 32.836924 13.601499 35.542430 0.392699 -0.000000 0
4 6000.000000 32.836924 13.601499 35.542430 0.392699 -0.000000 0
5 7500.000000 32.836924 13.601499 35.542430 0.392699 -0.000000 0
6 9000.000000 32.836924 13.601499 35.542430 0.392699 -0.000000 0
7 10500.000000 32.836924 13.601499 35.542430 0.392699 -0.000000 0
8 12000.000000 32.836924 13.601499 35.542430 0.392699 -0.000000 0
9 13500.000000 32.836924 13.601499 35.542430 0.392699 -0.000000 0
10 15000.000000 32.836924 13.601499 35.542430 0.392699 -0.000000 0
11 16500.000000 32.836924 13.601499 35.542430 0.392699 -0.000000 0
12 18000.000000 32.836924 13.601499 35.542430 0.392699 -0.000000 0
13 19500.000000 32.836924 13.601499 35.542430 0.392699 -0.000000 0
14 21000.000000 32.836924 13.601499 35.542430 0.392699 -0.000000 0
15 22500.000000 32.836924 13.601499 35.542430 0.392699 -0.000000 0
16 24000.000000 32.836924 13.601499 35.542430 0.392699 -0.000000 0
17 25500.000000 32.836924 13.601499 35.542430 0.392699 -0.000000 0
18 27000.000000 32.836924 13.601499 35.542430 0.392699 -0.000000 0
19 28500.000000 32.836924 13.601499 35.542430 0.392699 -0.000000 0
20 30000.000000 32.836924 13.601499 35.542430 0.392699 -0.000000 0
21 31500.000000 32.836924 13.601499 35.542430 0.392699 -0.000000 0
22 33000.000000 32.836924 13.601499 35.542430 0.392699 -0.000000 0
23 34500.000000 32.836924 13.601499 35.542430 0.392699 -0.000000 0
24 36000.000000 32.836924 13.601499 35.542430 0.392699 -0.000000 0
25 37500.000000 32.836924 13.601499 35.542430 0.392699 -0.000000 0
26 39000.000000 32.836924 13.601499 35.542430 0.392699 -0.000000 0
27 40500.000000 32.836924 13.601499 35.542430 0.392699 -0.000000 0
28 42000.000000 32.836924 13.601499 35.542430 0.392699 -0.000000 0
29 43500.000000 32.836924 13.601499 35.542430 0.392699 -0.000000 0
30 45000.000000 32.836924 13.601499 35.542430 0.392699 -0.000000 0
0 0.000000 32.836924 13.601499 35.542430 0.392699 -0.000000 0
1 1500.000000 32.836924 13.601499 35.542430 0.392699 -0.000000 0
2 3000.000000 32.836924 13.601499 35.542430 0.392699 -0.000000 0
3 4500.000000 32.836924 13.601499 35.542430 0.392699 -0.000000 0
4 6000.000000 32.836924 13.601499 35.542430 0.392699 -0.000000 0
5 7500.000000 32.836924 13.601499 35.542430 0.392699 -0.000000 0
6 9000.000000 32.836924 13.601499 35.542430 0.392699 -0.000000 0
7 10500.000000 32.836924 13.601499 35.542430 0.392699 -0.000000 0
8 12000.000000 32.836924 13.601499 35.542430 0.392699 -0.000000 0
9 13500.000000 32.836924 13.601499 35.542430 0.392699 -0.000000 0
10 15000.000000 32.836924 13.601499 35.542430 0.392699 -0.000000 0
11 16500.000000 32.836924 13.601499 35.542430 0.392699 -0.000000 0
12 18000.000000 32.836924 13.601499 35.542430 0.392699 -0.000000 0
13 19500.000000 32.836924 13.601499 35.542430 0.392699 -0.000000 0
14 21000.000000 32.836924 13.601499 35.542430 0.392699 -0.000000 0
15 22500.000000 32.836924 13.601499 35.542430 0.392699 -0.000000 0
16 24000.000000 32.836924 13.601499 35.542430 0.392699 -0.000000 0
17 25500.000000 32.836924 13.601499 35.542430 0.392699 -0.000000 0
18 27000.000000 32.836924 13.601499 35.542430 0.392699 -0.000000 0
19 28500.000000 32.836924 13.601499 35.542430 0.392699 -0.000000 0
20 30000.000000 32.836924 13.601499 35.542430 0.392699 -0.000000 0
21 31500.000000 32.836924 13.601499 35.542430 0.392699 -0.000000 0
22 33000.000000 32.836924 13.601499 35.542430 0.392699 -0.000000 0
23 34500.000000 32.836924 13.601499 35.542430 0.392699 -0.000000 0
24 36000.000000 32.836924 13.601499 35.542430 0.392699 -0.000000 0
25 37500.000000 32.836924 13.601499 35.542430 0.392699 -0.000000 0
26 39000.000000 32.836924 13.601499 35.542430 0.392699 -0.000000 0
27 40500.000000 32.836924 13.601499 35.542430 0.392699 -0.000000 0
28 42000.000000 32.836924 13.601499 35.542430 0.392699 -0.000000 0
29 43500.000000 32.836924 13.601499 35.542430 0.392699 -0.000000 0
30 45000.000000 32.836924 13.601499 35.542430 0.392699 -0.000000 0
0 0.000000 32.836924 13.601499 35.542430 0.392699 -0.000000 0
1 1500.000000 32.836924 13.601499 35.542430 0.392699 -0.000000 0
2 3000.000000 32.836924 13.601499 35.542430 0.392699 -0.000000 0
3 4500.000000 32.836924 13.601499 35.542430 0.392699 -0.000000 0
4 6000.000000 32.836924 13.601499 35.542430 0.392699 -0.000000 0
5 7500.000000 32.836924 13.601499 35.542430 0.392699 -0.000000 0
6 9000.000000 32.836924 13.601499 35.542430 0.392699 -0.000000 0
7 10500.000000 32.836924 13.601499 35.542430 0.392699 -0.000000 0
8 12000.000000 32.836924 13.601499 35.542430 0.392699 -0.000000 0
9 13500.000000 32.836924 13.601499 35.542430 0.392699 -0.000000 0
10 15000.000000 32.836924 13.601499 35.542430 0.392699 -0.000000 0
11 16500.000000 32.836924 13.601499 35.542430 0.392699 -0.000000 0
12 18000.000000 32.836924 13.601499 35.542430 0.392699 -0.000000 0
13 19500.000000 32.836924 13.601499 35.542430 0.392699 -0.000000 0
14 21000.000000 32.836924 13.601499 35.542430 0.392699 -0.000000 0
15 22500.000000 32.836924 13.601499 35.542430 0.392699 -0.000000 0
16 24000.000000 32.836924 13.601499 35.542430 0.392699 -0.000000 0
17 25500.000000 32.836924 13.601499 35.542430 0.392699 -0.000000 0
18 27000.000000 32.836924 13.601499 35.542430 0.392699 -0.000000 0
19 28500.000000 32.836924 13.601499 35.542430 0.392699 -0.000000 0
20 30000.000000 32.836924 13.601499 35.542430 0.392699 -0.000000 0
21 31500.000000 32.836924 13.601499 35.542430 0.392699 -0.000000 0
22 33000.000000 32.836924 13.601499 35.542430 0.392699 -0.000000 0
23 34500.000000 32.836924 13.601499 35.542430 0.392699 -0.000000 0
24 36000.000000 32.836924 13.601499 35.542430 0.392699 -0.000000 0
25 37500.000000 32.836924 13.601499 35.542430 0.392699 -0.000000 0
26 39000.000000 32.836924 13.601499 35.542430 0.392699 -0.000000 0
27 40500.000000 32.836924 13.601499 35.542430 0.392699 -0.000000 0
28 42000.000000 32.836924 13.601499 35.542430 0.392699 -0.000000 0
29 43500.000000 32.836924 13.601499 35.542430 0.392699 -0.000000 0
30 45000.000000 32.836924 13.601499 35.542430 0.392699 -0.000000 0
0 0.000000 32.836924 13.601499 35.542430 0.392699 -8.019540 0
1 1500.000000 32.836924 13.601499 35.542430 0.392699 -8.019540 0
2 3000.000000 32.836924 13.601499 35.542430 0.392699 -8.019540 0
3 4500.000000 32.836924 13.601499 35.542430 0.392699 -8.019540 0
4 6000.000000 32.836924 13.601499 35.542430 0.392699 -8.019540 0
5 7500.000000 32.849073 13.601499 35.553655 0.392568 -8.026603 0
6 9000.000000 32.836924 13.601499 35.542430 0.392699 -8.019540 0
7 10500.000000 32.836924 13.601499 35.542430 0.392699 -8.019540 0
8 12000.000000 32.836924 13.601499 35.542430 0.392699 -8.019540 0
9 13500.000000 32.836924 13.601499 35.542430 0.392699 -8.019540 0
10 15000.000000 32.836924 13.601499 35.542430 0.392699 -8.019540 0
11 16500.000000 32.836924 13.601499 35.542430 0.392699 -8.019540 0
12 18000.000000 37.098306 19.974594 42.133938 0.493912 -5.310721 0
13 19500.000000 32.836924 13.601499 35.542430 0.392699 -8.019540 0
14 21000.000000 34.637595 15.402170 37.907649 0.418410 -7.600999 0
15 22500.000000 35.055883 15.820459 38.460393 0.423928 -7.503773 0
16 24000.000000 48.168639 9.350707 49.067846 0.191740 -20.390353 0
17 25500.000000 71.858225 -3.697742 71.953303 -0.051414 -44.778098 0
18 27000.000000 29.168107 62.882780 69.318269 1.136486 34.213661 1
19 28500.000000 77.725451 -8.711568 78.212129 -0.111615 -52.268350 0
20 30000.000000 129.402806 34.905406 134.027884 0.263472 -46.815456 0
21 31500.000000 76.188804 56.722881 94.985362 0.639974 1.869457 1
22 33000.000000 79.824409 102.114161 129.611875 0.907303 36.691469 1
23 34500.000000 137.934448 79.312144 159.111055 0.521833 -15.640505 0
24 36000.000000 -121.910730 426.158053 443.252650 1.849424 417.631977 1
25 37500.000000 -27.542019 101.014426 104.701848 1.836980 98.205761 1
26 39000.000000 140.832629 32.364022 144.503493 0.225883 -55.527245 0
27 40500.000000 316.359201 1.252208 316.361679 0.003958 -182.871981 0
28 42000.000000 -169.881303 431.915956 464.123960 1.945531 450.201211 1
29 43500.000000 -122.467835 266.103568 292.932551 2.002122 287.718042 1
30 45000.000000 49.270129 338.264551 341.833954 1.426158 246.609518 1
0 0.000000 -76.340155 428.899689 435.640635 1.746942 206.294830 1
1 1500.000000 -249.256121 308.063929 396.272631 2.251065 332.900994 1
2 3000.000000 81.089693 425.473434 433.131829 1.382468 55.648428 1
3 4500.000000 -73.453168 495.248912 500.666409 1.718039 224.244365 1
4 6000.000000 195.691004 440.206411 481.743349 1.152489 -48.642187 0
5 7500.000000 900.699506 242.043617 932.654659 0.262526 -780.289168 0
6 9000.000000 837.831756 550.593127 1002.554160 0.581395 -624.328762 0
7 10500.000000 822.998161 262.451482 863.832596 0.308702 -700.098609 0
8 12000.000000 662.802978 444.324607 797.954976 0.590563 -491.172037 0
9 13500.000000 143.623945 947.234087 958.060673 1.420318 158.956206 1
10 15000.000000 793.069291 453.994166 913.821429 0.519917 -611.925487 0
11 16500.000000 506.019919 679.964306 847.589297 0.931027 -268.719061 0
12 18000.000000 -20.675768 1108.728110 1108.920876 1.589442 365.426899 1
13 19500.000000 726.485828 430.476422 844.447517 0.534921 -555.997503 0
14 21000.000000 746.312736 1014.326106 1259.301453 0.936464 -392.748569 0
15 22500.000000 631.820079 1149.865695 1312.016665 1.068358 -241.695233 0
16 24000.000000 773.620269 469.429808 904.904782 0.545402 -588.632547 0
17 25500.000000 531.957550 254.422871 589.669257 0.446118 -426.077905 0
18 27000.000000 -339.287363 932.567784 992.370186 1.919730 613.207709 1
19 28500.000000 830.703702 266.421811 872.381351 0.310354 -706.181588 0
20 30000.000000 960.631707 827.005424 1267.576919 0.710787 -654.798386 0
21 31500.000000 397.289174 831.331583 921.385309 1.124989 -118.204027 0
22 33000.000000 -317.142921 735.601404 801.054966 1.977851 530.739252 1
23 34500.000000 549.125595 633.245446 838.175825 0.856424 -324.245141 0
24 36000.000000 -805.846032 1383.310792 1600.917416 2.098285 1197.070776 1
25 37500.000000 -542.292127 480.437456 724.500449 2.416601 665.080126 1
26 39000.000000 -168.542310 395.598174 430.005146 1.973551 283.512448 1
27 40500.000000 634.211927 368.513372 733.503152 0.526374 -487.650475 0
28 42000.000000 -939.260595 1014.323766 1382.412084 2.317790 1208.754039 1
29 43500.000000 -699.380407 479.707012 848.087125 2.540391 814.105633 1
30 45000.000000 -356.385622 604.737096 701.938507 2.103328 527.211632 1
0 0.000000 -504.182186 741.015917 896.272428 2.168242 608.983479 1
1 1500.000000 -873.698502 509.364479 1011.336365 2.613768 939.851111 1
2 3000.000000 -500.814244 567.481287 756.868494 2.293870 579.791787 1
3 4500.000000 -646.158698 741.431627 983.484581 2.287641 749.436508 1
4 6000.000000 -286.677383 779.685564 830.718666 1.923137 399.670352 1
5 7500.000000 865.838936 897.386247 1246.988027 0.803288 -722.435361 0
6 9000.000000 710.032920 1172.233143 1370.502567 1.026189 -527.409583 0
7 10500.000000 629.240280 770.025906 994.426078 0.885675 -507.458915 0
8 12000.000000 298.632272 571.379778 644.713956 1.089192 -210.146421 0
9 13500.000000 -113.174285 1385.785582 1390.399259 1.652283 318.430058 1
10 15000.000000 728.621593 968.387685 1211.884539 0.925757 -576.169172 0
11 16500.000000 371.257567 909.016934 981.908329 1.183055 -231.643638 0
12 18000.000000 -155.611685 1431.558434 1439.991162 1.679072 367.214959 1
13 19500.000000 620.026135 661.651839 906.761029 0.817864 -514.498334 0
14 21000.000000 719.675121 1269.985102 1459.724097 1.055237 -522.376422 0
15 22500.000000 581.237614 1404.297382 1519.831668 1.178366 -365.468664 0
16 24000.000000 688.618222 489.185324 844.687715 0.617663 -608.026642 0
17 25500.000000 482.387764 186.004222 517.006311 0.368023 -449.281330 0
18 27000.000000 -339.809885 905.208940 966.888816 1.929912 470.915912 1
19 28500.000000 802.161114 274.135785 847.710376 0.329303 -752.349818 0
20 30000.000000 935.782273 761.680050 1206.584005 0.683189 -811.821547 0
21 31500.000000 398.051356 690.045551 796.622711 1.047574 -290.770890 0
22 33000.000000 -238.869945 651.775102 694.168304 1.922087 333.334651 1
23 34500.000000 480.075980 597.742481 766.660956 0.894139 -385.635211 0
24 36000.000000 -664.497220 1350.040641 1504.714687 2.028189 858.269469 1
25 37500.000000 -377.640733 604.726923 712.956643 2.129023 463.544350 1
26 39000.000000 -20.069390 464.473644 464.907030 1.613978 89.064428 1
27 40500.000000 651.516423 332.985806 731.678342 0.472483 -594.617112 0
28 42000.000000 -771.650488 909.239271 1192.543721 2.274522 898.534828 1
29 43500.000000 -488.035448 499.809489 698.561468 2.344276 557.070760 1
30 45000.000000 -152.916353 599.424798 618.622259 1.820574 240.539280 1
0 0.000000 -259.198010 807.452694 848.035059 1.881413 227.023066 1
1 1500.000000 -635.822431 507.565249 813.567850 2.467900 615.226393 1
2 3000.000000 -231.373593 474.392996 527.809107 2.024576 212.408210 1
3 4500.000000 -351.473875 590.629760 687.297169 2.107593 327.811828 1
4 6000.000000 10.063527 694.416777 694.489694 1.556305 -37.551571 0
5 7500.000000 831.998150 761.795772 1128.075228 0.741379 -861.509539 0
6 9000.000000 567.293444 915.024753 1076.611420 1.015818 -603.079632 0
7 10500.000000 405.955487 507.191969 649.648790 0.895813 -425.719763 0
8 12000.000000 6.677954 375.307592 375.366999 1.553005 -21.533294 0
9 13500.000000 -164.061255 1114.231113 1126.244675 1.716988 119.813805 1
10 15000.000000 576.227450 784.765720 973.599153 0.937441 -606.848931 0
11 16500.000000 16.230064 678.897703 679.091678 1.546894 -43.098783 0
12 18000.000000 -270.674510 1069.911837 1103.619513 1.818585 228.098306 1
13 19500.000000 350.560094 512.976866 621.319277 0.971309 -370.596870 0
14 21000.000000 328.338070 1186.062483 1230.670590 1.300729 -375.043587 0
15 22500.000000 141.578700 1435.128797 1442.095417 1.472462 -198.292638 0
16 24000.000000 234.398017 559.164454 606.306289 1.173854 -256.354720 0
17 25500.000000 111.122550 326.398414 344.795803 1.242654 -123.959388 0
18 27000.000000 -450.571451 763.893811 886.875632 2.103708 419.971174 1
19 28500.000000 560.424323 302.742298 636.968069 0.495290 -571.972129 0
20 30000.000000 621.939935 865.052546 1065.422540 0.947457 -655.704582 0
21 31500.000000 73.397176 786.401819 789.819578 1.477733 -104.477768 0
22 33000.000000 -374.018075 486.347846 613.533820 2.226368 354.467467 1
23 34500.000000 299.904975 709.962664 770.707453 1.171110 -327.781271 0
24 36000.000000 -824.055150 1086.708443 1363.818950 2.219591 780.379900 1
25 37500.000000 -470.288529 285.821760 550.332062 2.595488 458.602400 1
26 39000.000000 -87.470967 209.953640 227.446039 1.965548 79.089104 1
27 40500.000000 506.616899 384.407703 635.948083 0.649093 -521.440503 0
28 42000.000000 -1029.415623 653.982140 1219.585653 2.575625 1002.713439 1
29 43500.000000 -655.862593 278.846305 712.678752 2.739587 644.307132 1
30 45000.000000 -385.502927 405.305796 559.361507 2.331158 369.152231 1
0 0.000000 -547.992279 571.293991 791.626403 2.335379 446.660853 1
1 1500.000000 -887.601980 291.227732 934.157839 2.824554 827.677315 1
2 3000.000000 -495.214531 305.985073 582.120517 2.588127 438.199207 1
3 4500.000000 -690.704343 447.295554 822.888694 2.566911 607.809614 1
4 6000.000000 -299.547749 590.426998 662.067137 2.040299 198.449727 1
5 7500.000000 675.264101 948.253252 1164.115903 0.951987 -821.911836 0
6 9000.000000 395.566458 1210.436340 1273.431960 1.254940 -589.101559 0
7 10500.000000 296.324793 857.687645 907.434008 1.238143 -433.241363 0
8 12000.000000 -28.762929 683.856277 684.460893 1.612831 -84.007190 0
9 13500.000000 -365.415985 1298.146868 1348.597098 1.845187 147.121866 1
10 15000.000000 456.485143 957.130922 1060.414206 1.125774 -607.566019 0
11 16500.000000 -4.344764 892.918290 892.928861 1.575662 -142.448858 0
12 18000.000000 -414.274690 1235.077120 1302.704499 1.894427 205.680688 1
13 19500.000000 312.740108 696.710390 763.683012 1.148873 -422.979889 0
14 21000.000000 322.367534 1330.214817 1368.719213 1.333038 -536.581131 0
15 22500.000000 187.955795 1579.344022 1590.488893 1.452345 -444.936459 0
16 24000.000000 298.789831 712.722302 772.818505 1.173829 -411.850524 0
17 25500.000000 166.943053 412.632530 445.124238 1.186348 -232.481993 0
18 27000.000000 -526.739705 820.871844 975.338557 2.141303 384.683714 1
19 28500.000000 573.366913 379.717834 687.702879 0.584945 -627.971673 0
20 30000.000000 564.593117 926.093517 1084.626475 1.023311 -709.103863 0
21 31500.000000 81.489288 874.165538 877.955518 1.477845 -224.034344 0
22 33000.000000 -409.750168 576.381735 707.185339 2.188801 309.462042 1
23 34500.000000 279.464871 775.632515 824.443092 1.224970 -403.126410 0
24 36000.000000 -916.931626 1180.009020 1494.384453 2.231389 710.553513 1
25 37500.000000 -503.650136 395.389262 640.309400 2.476036 431.828212 1
26 39000.000000 -167.926767 316.677754 358.446927 2.058371 113.603719 1
27 40500.000000 480.274608 532.287783 716.933737 0.836721 -561.216982 0
28 42000.000000 -1057.175889 768.670414 1307.086479 2.512911 916.487049 1
29 43500.000000 -690.323663 374.640654 785.431333 2.644369 619.373594 1
30 45000.000000 -436.124603 526.539740 683.702250 2.262547 343.668529 1
0 0.000000 -577.789840 668.485854 883.580464 2.283549 469.734535 1
1 1500.000000 -920.824665 339.804832 981.521976 2.788073 858.645238 1
2 3000.000000 -535.181648 383.233615 658.245699 2.520155 470.876428 1
3 4500.000000 -709.847816 522.404723 881.357258 2.507151 622.417843 1
4 6000.000000 -318.842507 665.912781 738.309133 2.017345 214.172152 1
5 7500.000000 678.688079 1049.035820 1249.437337 0.996559 -829.920904 0
6 9000.000000 393.640885 1283.096557 1342.121425 1.273122 -583.664650 0
7 10500.000000 333.847439 924.616320 983.040921 1.224297 -470.200682 0
8 12000.000000 21.101255 672.677327 673.008209 1.539438 -122.865940 0
9 13500.000000 -423.199041 1295.212706 1362.598027 1.886602 221.891071 1
10 15000.000000 423.585318 986.653179 1073.736009 1.165276 -568.308365 0
11 16500.000000 16.062753 940.305698 940.442883 1.553716 -158.470440 0
12 18000.000000 -466.128522 1289.799936 1371.444375 1.917587 265.144892 1
13 19500.000000 282.125376 753.193292 804.297745 1.212401 -393.081200 0
14 21000.000000 339.517941 1349.426053 1391.482341 1.324311 -540.226236 0
15 22500.000000 146.453466 1612.780838 1619.416762 1.480237 -389.331232 0
16 24000.000000 309.570575 727.495926 790.622706 1.168478 -416.312094 0
17 25500.000000 210.129712 427.179479 476.063864 1.113649 -272.479533 0
18 27000.000000 -535.168910 858.275892 1011.456014 2.128345 398.825650 1
19 28500.000000 554.502529 468.750976 726.085760 0.701791 -619.173786 0
20 30000.000000 575.816449 991.724544 1146.770314 1.044748 -719.547979 0
21 31500.000000 85.658685 870.344318 874.549394 1.472693 -216.652134 0
22 33000.000000 -408.998122 611.985424 736.074468 2.159938 311.462967 1
23 34500.000000 258.194051 803.463606 843.930052 1.259868 -377.049928 0
24 36000.000000 -891.884245 1190.135492 1487.239051 2.213912 701.090403 1
25 37500.000000 -473.609645 480.468620 674.652644 2.349006 395.271228 1
26 39000.000000 -131.822568 386.328493 408.199576 1.899627 71.712915 1
27 40500.000000 521.796595 573.671159 775.480680 0.832717 -602.756810 0
28 42000.000000 -1012.212628 774.066891 1274.266046 2.488732 883.122252 1
29 43500.000000 -693.368563 368.000733 784.974206 2.653654 629.543898 1
30 45000.000000 -433.217759 551.170357 701.046639 2.236940 344.624853 1
0 0.000000 -528.794636 665.981824 850.385534 2.241873 394.491153 1
1 1500.000000 -869.564052 371.062925 945.425479 2.738264 784.530219 1
2 3000.000000 -490.361521 408.565234 638.263246 2.446938 405.023747 1
3 4500.000000 -670.911120 557.580829 872.363520 2.448186 554.418002 1
4 6000.000000 -286.388635 664.150023 723.265998 1.977916 156.731138 1
5 7500.000000 651.184972 1044.528955 1230.886919 1.013331 -835.549328 0
6 9000.000000 410.893184 1204.007575 1272.190020 1.241919 -629.435778 0
7 10500.000000 411.591828 839.280358 934.772353 1.114850 -561.710223 0
8 12000.000000 109.471947 591.162045 601.212666 1.387690 -218.413088 0
9 13500.000000 -354.674643 1190.655752 1242.358733 1.860309 125.048600 1
10 15000.000000 396.033117 917.194982 999.043976 1.163191 -561.042087 0
11 16500.000000 23.946120 820.585983 820.935304 1.541623 -177.438230 0
12 18000.000000 -460.465525 1150.021603 1238.780928 1.951645 236.583567 1
13 19500.000000 240.806297 708.616448 748.414954 1.243214 -369.447317 0
14 21000.000000 308.831397 1344.985592 1379.986621 1.345092 -555.628671 0
15 22500.000000 103.255281 1579.227869 1582.599859 1.505506 -397.638037 0
16 24000.000000 290.616934 697.691073 755.798277 1.176112 -416.324609 0
17 25500.000000 227.819353 419.724047 477.566679 1.073510 -302.503394 0
18 27000.000000 -562.760589 730.366085 922.027168 2.227300 415.777713 1
19 28500.000000 457.799586 489.892358 670.503530 0.819249 -541.563227 0
20 30000.000000 513.888070 1035.741281 1156.218384 1.110230 -699.040967 0
21 31500.000000 36.727969 840.087890 840.890366 1.527105 -193.651186 0
22 33000.000000 -461.301327 597.745009 755.048350 2.228064 340.994928 1
23 34500.000000 135.163318 827.795244 838.757467 1.408944 -288.033704 0
24 36000.000000 -1009.504236 1151.472707 1531.335429 2.290592 775.605362 1
25 37500.000000 -656.802758 464.176413 804.269610 2.526370 558.079890 1
26 39000.000000 -277.956668 372.703085 464.938166 2.211595 203.115462 1
27 40500.000000 413.054995 598.824177 727.464654 0.966965 -518.045110 0
28 42000.000000 -1122.223979 735.043554 1341.519916 2.561719 964.433994 1
29 43500.000000 -844.232917 340.703204 910.388868 2.758016 765.343245 1
30 45000.000000 -565.763921 481.306430 742.795190 2.436681 465.443802 1
0 0.000000 -691.332453 620.978986 929.276849 2.409754 500.339925 1
1 1500.000000 -1010.886622 298.115142 1053.928082 2.854817 894.524739 1
2 3000.000000 -601.556915 354.683417 698.334482 2.608849 484.957926 1
3 4500.000000 -842.855144 484.506956 972.189171 2.619879 682.810704 1
4 6000.000000 -433.968724 632.966608 767.447445 2.171800 249.125515 1
5 7500.000000 539.505400 1019.084406 1153.082436 1.083905 -792.114941 0
6 9000.000000 375.970229 1236.655005 1292.543700 1.275654 -692.638223 0
7 10500.000000 352.485332 838.143019 909.246738 1.172697 -563.558163 0
8 12000.000000 82.723235 554.838776 560.971658 1.422792 -227.923170 0
9 13500.000000 -463.490284 1092.485629 1186.738427 1.972034 154.830018 1
10 15000.000000 340.618190 904.475342 966.486624 1.210631 -569.840571 0
11 16500.000000 20.772185 807.456178 807.723320 1.545077 -235.701006 0
12 18000.000000 -533.902795 1067.415253 1193.493828 2.034590 229.380739 1
13 19500.000000 190.806526 667.115660 693.866294 1.292217 -362.070051 0
14 21000.000000 256.732790 1341.636269 1365.979357 1.381724 -605.775375 0
15 22500.000000 70.701005 1529.038239 1530.671934 1.524590 -476.560973 0
16 24000.000000 343.246084 686.151241 767.216658 1.106950 -514.055357 0
17 25500.000000 243.963179 406.154571 473.792748 1.029887 -343.588642 0
18 27000.000000 -590.347722 732.699497 940.935165 2.249013 373.182291 1
19 28500.000000 427.195124 491.676694 651.338350 0.855458 -543.007031 0
20 30000.000000 476.267424 1002.457030 1109.842672 1.127266 -726.733316 0
21 31500.000000 -21.623473 770.536232 770.839581 1.598852 -184.983939 0
22 33000.000000 -539.791850 535.770422 760.542692 2.359933 377.066075 1
23 34500.000000 74.338122 746.872132 750.562548 1.471590 -271.137706 0
24 36000.000000 -1079.764434 1076.503709 1524.713569 2.357707 752.980661 1
25 37500.000000 -721.606197 343.970637 799.394335 2.696780 603.506723 1
26 39000.000000 -350.716328 300.497362 461.844787 2.433158 257.705613 1
27 40500.000000 308.276880 565.374368 643.958702 1.071598 -448.095466 0
28 42000.000000 -1194.245620 649.698573 1359.533316 2.643349 977.308152 1
29 43500.000000 -893.311266 189.972370 913.287753 2.932053 810.108067 1
30 45000.000000 -608.239000 397.781444 726.763206 2.562419 479.885090 1
0 0.000000 -706.006630 538.251163 887.783575 2.490210 492.309454 1
1 1500.000000 -989.086960 188.787775 1006.942818 2.952990 873.739861 1
2 3000.000000 -644.991352 296.564680 709.904539 2.710622 513.302282 1
3 4500.000000 -842.674769 418.785411 941.000524 2.680371 660.425544 1
4 6000.000000 -415.847025 562.293631 699.358903 2.207579 210.130258 1
5 7500.000000 546.782713 993.964406 1134.432270 1.067874 -840.591720 0
6 9000.000000 367.685120 1258.940597 1311.534893 1.286641 -757.517544 0
7 10500.000000 355.567133 834.537368 907.127667 1.168024 -607.890011 0
8 12000.000000 110.580764 595.085579 605.272626 1.387069 -298.293866 0
9 13500.000000 -429.238779 1069.221641 1152.163551 1.952552 57.755745 1
10 15000.000000 352.343922 862.117469 931.339235 1.182816 -613.821442 0
11 16500.000000 -7.223122 764.371307 764.405434 1.580246 -242.020935 0
12 18000.000000 -570.324221 1014.702238 1163.997573 2.082852 208.904398 1
13 19500.000000 148.500359 617.254615 634.866613 1.334701 -341.365027 0
14 21000.000000 166.452766 1342.476136 1352.755965 1.447437 -594.444245 0
15 22500.000000 7.444619 1495.097617 1495.116151 1.565817 -493.786585 0
16 24000.000000 302.455432 703.112306 765.405907 1.164558 -514.884749 0
17 25500.000000 206.557124 398.366791 448.733714 1.092451 -324.997250 0
18 27000.000000 -599.335118 717.240131 934.684968 2.266878 333.177271 1
19 28500.000000 408.784834 480.541496 630.892360 0.865910 -542.960701 0
20 30000.000000 390.406454 1001.911652 1075.287942 1.199234 -695.322077 0
21 31500.000000 -113.789006 766.772381 775.169544 1.718121 -142.042400 0
22 33000.000000 -566.640453 483.378726 744.806280 2.435324 378.400269 1
23 34500.000000 32.285514 710.506679 711.239830 1.525387 -261.840866 0
24 36000.000000 -1159.824584 1010.859903 1538.515782 2.424713 767.540033 1
25 37500.000000 -745.976694 216.524174 776.765052 2.859099 634.844177 1
26 39000.000000 -388.281745 204.551208 438.866621 2.656727 300.534195 1
27 40500.000000 231.483973 526.978598 575.579076 1.156904 -390.437266 0
28 42000.000000 -1254.641342 565.639696 1376.253307 2.718042 1002.138180 1
29 43500.000000 -893.139622 51.121841 894.601490 3.084417 827.838529 1
30 45000.000000 -657.255790 303.559596 723.970719 2.708921 522.621278 1
0 0.000000 -762.360640 437.611910 879.032382 2.620494 642.528358 1
1 1500.000000 -1039.144972 97.087786 1043.670596 3.048433 989.651734 1
2 3000.000000 -684.520488 205.627461 714.738380 2.849772 619.621562 1
3 4500.000000 -925.382878 285.777220 968.505080 2.842063 835.870850 1
4 6000.000000 -496.052091 478.964394 689.546640 2.373718 373.804926 1
5 7500.000000 424.562829 1012.630380 1098.031822 1.173791 -644.226036 0
6 9000.000000 196.096101 1321.743693 1336.211087 1.423509 -492.241191 0
7 10500.000000 241.152528 945.556961 975.824015 1.321082 -450.354713 0
8 12000.000000 33.102487 701.341751 702.122515 1.523633 -192.110690 0
9 13500.000000 -501.322907 1100.540629 1209.344589 1.998235 237.240731 1
10 15000.000000 264.360732 910.494444 948.096371 1.288217 -464.958894 0
11 16500.000000 -134.360539 836.143956 846.870397 1.730125 -59.786871 0
12 18000.000000 -657.659543 1001.221314 1197.898240 2.151977 412.102104 1
13 19500.000000 73.580279 630.177280 634.458400 1.454561 -215.299847 0
14 21000.000000 14.072896 1369.033890 1369.106219 1.560517 -325.791088 0
15 22500.000000 -123.595397 1530.715274 1535.696933 1.651365 -228.604954 0
16 24000.000000 215.090976 794.401225 823.005124 1.306378 -390.521488 0
17 25500.000000 149.813592 446.951102 471.390921 1.247376 -247.757182 0
18 27000.000000 -622.493295 702.997385 938.990536 2.295534 445.845737 1
19 28500.000000 389.068249 494.515405 629.221414 0.904177 -491.555118 0
20 30000.000000 300.461553 1055.977060 1097.891022 1.293588 -533.273793 0
21 31500.000000 -194.793452 796.920704 820.382287 1.810528 7.996275 1
22 33000.000000 -590.761679 452.217041 743.975547 2.488257 472.118196 1
23 34500.000000 11.602367 721.540776 721.634053 1.554718 -175.781296 0
24 36000.000000 -1219.128200 936.919400 1537.560253 2.486346 973.445651 1
25 37500.000000 -725.971157 127.495751 737.081601 2.967745 677.791947 1
26 39000.000000 -398.777150 146.986757 425.003908 2.788450 354.769784 1
27 40500.000000 188.793218 497.718572 532.321948 1.208246 -297.283560 0
28 42000.000000 -1327.462448 481.334628 1412.033843 2.793739 1182.783800 1
29 43500.000000 -902.789973 -8.798053 902.832842 -3.131848 881.025009 1
30 45000.000000 -682.008637 242.866877 723.961394 2.799489 608.686648 1
0 0.000000 -761.905963 351.833353 839.218330 2.708985 621.995718 1
1 1500.000000 -1044.236887 13.459302 1044.323623 3.128704 992.524292 1
2 3000.000000 -694.628969 141.918428 708.978310 2.940058 620.505154 1
3 4500.000000 -977.368690 208.847903 999.433341 2.931075 870.336091 1
4 6000.000000 -553.399183 439.618888 706.764050 2.470277 396.785035 1
5 7500.000000 320.355717 1054.365545 1101.959386 1.275823 -620.725082 0
6 9000.000000 71.039011 1376.827916 1378.659367 1.519246 -479.133249 0
7 10500.000000 125.554330 1023.401366 1031.074317 1.448723 -425.569698 0
8 12000.000000 -35.474065 779.924758 780.731092 1.616249 -199.155018 0
9 13500.000000 -551.352515 1128.167467 1255.687632 2.025375 189.122285 1
10 15000.000000 204.601916 973.840556 995.101689 1.363710 -486.200389 0
11 16500.000000 -241.295473 903.828219 935.483274 1.831682 -39.750892 0
12 18000.000000 -751.656466 1002.374611 1252.893573 2.214218 417.859772 1
13 19500.000000 7.857368 722.013470 722.056223 1.559914 -223.205979 0
14 21000.000000 -110.815061 1442.394268 1446.644809 1.647473 -325.173152 0
15 22500.000000 -224.350022 1575.100856 1590.998315 1.712280 -256.470650 0
16 24000.000000 124.708530 874.112093 882.963288 1.429084 -380.161128 0
17 25500.000000 129.183907 509.376811 525.502823 1.322421 -275.464442 0
18 27000.000000 -671.676529 691.464977 963.988161 2.341679 434.419424 1
19 28500.000000 378.408010 549.412117 667.117903 0.967660 -525.267066 0
20 30000.000000 217.426166 1121.874623 1142.749670 1.379363 -542.665337 0
21 31500.000000 -273.103809 843.436945 886.550377 1.883941 8.647110 1
22 33000.000000 -645.369066 452.628000 788.272375 2.529963 480.667966 1
23 34500.000000 -17.378135 767.120083 767.316898 1.593446 -212.598983 0
24 36000.000000 -1282.616950 891.403278 1561.955840 2.534238 957.724270 1
25 37500.000000 -726.991528 76.326576 730.987297 3.036986 670.985783 1
26 39000.000000 -405.810677 120.805421 423.410268 2.852257 351.185216 1
27 40500.000000 171.209879 502.782132 531.133406 1.242587 -313.600824 0
28 42000.000000 -1390.027810 400.127156 1446.471242 2.861314 1207.002336 1
29 43500.000000 -924.939123 -34.685538 925.589254 -3.104110 893.058663 1
30 45000.000000 -688.625249 217.858764 722.265308 2.835188 592.087831 1
0 0.000000 -738.642476 274.207033 787.897331 2.786130 675.183890 1
1 1500.000000 -1034.404909 -62.807023 1036.309914 -3.080949 1028.175162 1
2 3000.000000 -707.228841 74.159102 711.106325 3.037116 681.311511 1
3 4500.000000 -1011.592671 146.729326 1022.178666 2.997549 967.002294 1
4 6000.000000 -589.386205 400.296953 712.470174 2.544980 505.182058 1
5 7500.000000 253.733850 1082.150102 1111.498857 1.340485 -449.502293 0
6 9000.000000 -35.060691 1381.389862 1381.834723 1.596172 -221.035206 0
7 10500.000000 21.004587 1042.120715 1042.332373 1.550643 -213.384664 0
8 12000.000000 -123.715353 784.609141 794.302834 1.727186 -23.534183 0
9 13500.000000 -673.429699 1107.157905 1295.880467 2.117261 457.040147 1
10 15000.000000 107.825321 986.839851 992.713046 1.461965 -288.483211 0
11 16500.000000 -349.534189 904.612925 969.793119 1.939516 176.193763 1
12 18000.000000 -862.521068 963.672715 1293.293352 2.300862 669.407116 1
13 19500.000000 -98.042378 745.214523 751.636210 1.701608 -41.478117 0
14 21000.000000 -226.322823 1454.806414 1472.305580 1.725128 -46.651366 0
15 22500.000000 -340.813086 1563.371684 1600.088929 1.785437 45.784277 1
16 24000.000000 38.937367 889.419568 890.271467 1.527046 -202.765655 0
17 25500.000000 63.146115 512.209475 516.087180 1.448133 -156.790928 0
18 27000.000000 -729.200531 628.738799 962.832224 2.430041 600.333433 1
19 28500.000000 337.311803 556.485692 650.734645 1.025870 -434.415561 0
20 30000.000000 131.651611 1120.156332 1127.866284 1.453803 -336.555607 0
21 31500.000000 -351.372185 818.641857 890.863010 1.976230 193.900582 1
22 33000.000000 -698.860421 415.200237 812.894288 2.605515 610.011179 1
23 34500.000000 -98.753597 748.780440 755.264471 1.701925 -41.438693 0
24 36000.000000 -1320.684637 805.935358 1547.171520 2.593677 1148.840093 1
25 37500.000000 -711.732008 13.151081 711.853497 3.123117 697.020551 1
26 39000.000000 -390.876188 77.762100 398.536245 2.945214 369.750341 1
27 40500.000000 157.442944 507.081750 530.961563 1.269745 -248.512519 0
28 42000.000000 -1397.634581 305.128853 1430.554451 2.926647 1317.087696 1
29 43500.000000 -922.800699 -127.563933 931.575916 -3.004228 930.473330 1
30 45000.000000 -674.712853 160.838986 693.618492 2.907579 633.324874 1
0 0.000000 -715.076589 225.591961 749.817486 2.835996 738.615656 1
1 1500.000000 -1006.165177 -134.526156 1015.118539 -3.008679 979.566290 1
2 3000.000000 -689.821549 -4.652753 689.837240 -3.134848 683.157876 1
3 4500.000000 -1005.586246 78.219906 1008.623841 3.063964 1007.104385 1
4 6000.000000 -583.538066 329.731813 670.253491 2.627263 621.991445 1
5 7500.000000 192.676277 1073.794168 1090.943657 1.393251 -49.097181 0
6 9000.000000 -105.907380 1360.162599 1364.279542 1.648503 284.708574 1
7 10500.000000 -64.549723 1020.109323 1022.149548 1.633989 198.779436 1
8 12000.000000 -220.203532 748.237165 779.966955 1.857012 317.143573 1
9 13500.000000 -755.594743 1035.473814 1281.846104 2.201184 885.795103 1
10 15000.000000 19.874277 967.144635 967.348816 1.550250 108.097053 1
11 16500.000000 -433.960250 845.009375 949.927546 2.045230 541.813250 1
12 18000.000000 -906.390457 864.067350 1252.260374 2.380095 1012.619133 1
13 19500.000000 -185.120976 710.968460 734.674027 1.825519 277.444016 1
14 21000.000000 -323.314488 1402.826830 1439.602506 1.797314 505.846884 1
15 22500.000000 -439.497095 1520.730137 1582.964891 1.852135 636.590283 1
16 24000.000000 -24.921322 862.849251 863.209072 1.599671 138.718413 1
17 25500.000000 -10.199305 485.695740 485.802817 1.591793 74.288985 1
18 27000.000000 -754.627446 568.451408 944.774886 2.495991 823.124641 1
19 28500.000000 248.370317 557.762507 610.562715 1.151860 -172.490513 0
20 30000.000000 38.089714 1077.996773 1078.669490 1.535477 104.689178 1
21 31500.000000 -404.451873 777.556710 876.456363 2.050440 503.650530 1
22 33000.000000 -715.005417 332.960089 788.730097 2.705780 752.732573 1
23 34500.000000 -194.254010 717.553429 743.382501 1.835176 287.367092 1
24 36000.000000 -1351.706432 719.166853 1531.114378 2.652640 1434.883311 1
25 37500.000000 -727.173020 -19.482971 727.433974 -3.114806 718.222178 1
26 39000.000000 -427.402092 47.574726 430.041746 3.030738 429.940768 1
27 40500.000000 88.171286 530.410082 537.688600 1.406070 -17.310534 0
28 42000.000000 -1383.480034 234.023062 1403.133564 2.974024 1402.272119 1
29 43500.000000 -943.319598 -230.886415 971.164456 -2.901552 904.538886 1
30 45000.000000 -714.204814 98.241198 720.929851 3.004897 720.923585 1
0 0.000000 -735.212526 221.776816 767.933860 2.848623 746.023490 1
1 1500.000000 -1056.202390 -183.136940 1071.962046 -2.969908 1044.893448 1
2 3000.000000 -733.000607 -55.757058 735.118181 -3.065672 728.968442 1
3 4500.000000 -1023.276305 16.218988 1023.404833 3.125744 1022.678781 1
4 6000.000000 -608.313587 281.238513 670.179470 2.708537 622.487070 1
5 7500.000000 77.641121 1079.846285 1082.633891 1.499020 -19.765047 0
6 9000.000000 -159.847767 1354.080057 1363.482347 1.688301 232.053564 1
7 10500.000000 -109.692553 1011.490312 1017.420811 1.678821 163.643791 1
8 12000.000000 -278.024416 719.997975 771.812581 1.939303 316.141650 1
9 13500.000000 -815.717894 979.676627 1274.818409 2.265125 866.956408 1
10 15000.000000 -86.402383 962.303986 966.175105 1.660343 137.755813 1
11 16500.000000 -485.766754 813.142597 947.190700 2.109298 528.569185 1
12 18000.000000 -953.070046 814.124984 1253.452034 2.434658 995.255939 1
13 19500.000000 -278.620399 705.551305 758.572324 1.946896 315.963974 1
14 21000.000000 -402.476434 1394.276739 1451.204639 1.851820 476.485100 1
15 22500.000000 -544.733243 1530.115613 1624.188442 1.912813 625.804741 1
16 24000.000000 -88.851332 889.021985 893.450977 1.670408 136.281134 1
17 25500.000000 -61.864456 502.191356 505.987518 1.693368 88.639921 1
18 27000.000000 -796.981851 562.758836 975.642136 2.526776 825.944742 1
19 28500.000000 128.795192 575.197881 589.441094 1.350515 -97.841355 0
20 30000.000000 -46.314626 1086.192077 1087.179043 1.613410 104.352678 1
21 31500.000000 -488.846385 793.508141 932.001050 2.122939 530.594088 1
22 33000.000000 -755.360159 297.959571 812.003002 2.765871 770.217568 1
23 34500.000000 -290.808010 709.618949 766.895268 1.959730 328.351728 1
24 36000.000000 -1438.607082 649.898661 1578.593870 2.717280 1471.312714 1
25 37500.000000 -808.612645 -75.970308 812.173564 -3.047916 803.390937 1
26 39000.000000 -491.582703 15.428799 491.824767 3.110217 491.704193 1
27 40500.000000 -15.554431 552.911858 553.130602 1.598921 45.109427 1
28 42000.000000 -1399.709213 161.093702 1408.948921 3.027006 1406.322584 1
29 43500.000000 -934.052857 -320.783743 987.601615 -2.810781 915.555582 1
30 45000.000000 -744.650070 27.912880 745.173038 3.104126 745.077035 1
0 0.000000 -778.717010 159.951130 794.974557 2.939007 794.891187 1
1 1500.000000 -1084.215730 -277.887085 1119.260908 -2.890691 998.924583 1
2 3000.000000 -730.590043 -132.440254 742.497294 -2.962262 684.921963 1
3 4500.000000 -1020.450276 -63.909471 1022.449601 -3.079046 982.739371 1
4 6000.000000 -586.847560 219.163242 626.436418 2.784174 620.276705 1
5 7500.000000 44.572456 1070.905122 1071.832302 1.529199 187.111863 1
6 9000.000000 -190.303243 1375.108406 1388.214123 1.708314 481.991295 1
7 10500.000000 -141.705348 1023.173429 1032.939626 1.708417 358.738429 1
8 12000.000000 -277.777210 737.980094 788.526979 1.930796 430.195674 1
9 13500.000000 -848.564860 970.282903 1288.996211 2.289374 1037.619184 1
10 15000.000000 -129.196885 981.295185 989.763646 1.701703 337.504282 1
11 16500.000000 -515.326608 808.586737 958.839936 2.138204 677.376896 1
12 18000.000000 -980.339098 802.165651 1266.702206 2.455820 1130.094060 1
13 19500.000000 -340.872923 737.704526 812.651412 2.003644 491.751373 1
14 21000.000000 -451.942089 1420.100560 1490.280931 1.878908 747.180126 1
15 22500.000000 -632.510315 1555.058401 1678.772149 1.957103 952.576519 1
16 24000.000000 -139.861008 923.506181 934.036813 1.721100 335.472268 1
17 25500.000000 -90.408534 551.042088 558.409425 1.733416 206.963570 1
18 27000.000000 -830.176304 545.102679 993.141293 2.560584 928.092078 1
19 28500.000000 83.211773 564.927346 571.022859 1.424552 40.408039 1
20 30000.000000 -60.710763 1110.949704 1112.607316 1.625390 298.548713 1
21 31500.000000 -515.863405 759.130063 917.819974 2.167662 667.249728 1
22 33000.000000 -747.572498 264.612143 793.022210 2.801393 787.018140 1
23 34500.000000 -309.273119 713.202672 777.372442 1.979962 455.616213 1
24 36000.000000 -1450.307279 592.443479 1566.646252 2.753784 1543.866139 1
25 37500.000000 -782.046805 -122.310517 791.553578 -2.986451 737.352808 1
26 39000.000000 -418.155149 4.497991 418.179340 3.130836 409.311038 1
27 40500.000000 16.585245 563.918130 564.161969 1.541394 105.253693 1
28 42000.000000 -1342.105965 93.262100 1345.342425 3.072215 1330.696451 1
29 43500.000000 -830.227448 -343.265564 898.392377 -2.749537 736.816225 1
30 45000.000000 -676.858917 30.470897 677.544440 3.096605 667.537538 1
0 0.000000 -746.578300 140.153988 759.619838 2.956024 691.833011 1
1 1500.000000 -1000.023493 -295.969164 1042.902072 -2.853844 649.105394 1
2 3000.000000 -641.818871 -127.823970 654.423739 -2.945006 452.253715 1
3 4500.000000 -960.940060 -65.006751 963.136375 -3.074046 749.643779 1
4 6000.000000 -538.663742 234.874181 587.643180 2.730416 575.922205 1
5 7500.000000 36.876428 1153.974597 1154.563659 1.538851 632.046299 1
6 9000.000000 -214.783110 1431.497997 1447.521433 1.719726 997.405589 1
7 10500.000000 -147.544449 1060.706981 1070.919541 1.709010 729.550852 1
8 12000.000000 -248.550264 789.372146 827.578164 1.875840 656.554013 1
9 13500.000000 -868.102784 991.516317 1317.841816 2.289927 1279.935907 1
10 15000.000000 -151.503762 1038.653466 1049.644898 1.715640 720.137157 1
11 16500.000000 -514.021812 870.982553 1011.350103 2.103951 920.793446 1
12 18000.000000 -949.764605 809.062214 1247.651582 2.436022 1242.104637 1
13 19500.000000 -348.299617 779.320253 853.611551 1.991092 732.473911 1
14 21000.000000 -516.494307 1471.690646 1559.692190 1.908320 1267.554111 1
15 22500.000000 -712.342807 1572.641159 1726.450836 1.996109 1485.875555 1
16 24000.000000 -155.717399 965.684309 978.158522 1.730671 681.712143 1
17 25500.000000 -76.734888 577.562426 582.637623 1.702883 394.294044 1
18 27000.000000 -804.762906 524.147456 960.402983 2.564299 959.849697 1
19 28500.000000 81.344954 618.318766 623.646613 1.439989 288.225855 1
20 30000.000000 -72.292811 1136.045189 1138.343060 1.634346 711.159728 1
21 31500.000000 -502.422025 753.990223 906.051404 2.158580 844.154096 1
22 33000.000000 -698.351904 233.155855 736.245227 2.819363 705.710740 1
23 34500.000000 -324.493293 715.597283 785.732377 1.996522 676.408519 1
24 36000.000000 -1444.370715 529.211120 1538.268888 2.790387 1486.554574 1
25 37500.000000 -745.007121 -149.536263 759.866242 -2.943507 524.298156 1
26 39000.000000 -374.686500 -4.318034 374.711380 -3.130069 304.366845 1
27 40500.000000 -4.604863 590.772518 590.790464 1.578591 342.805089 1
28 42000.000000 -1322.752575 25.905461 1323.006224 3.122011 1098.118602 1
29 43500.000000 -803.412248 -379.996499 888.745509 -2.699795 439.871224 1
30 45000.000000 -655.915525 -16.775962 656.130025 -3.116022 527.526502 1
0 0.000000 -752.059078 99.712000 758.640455 3.009776 611.158654 1
1 1500.000000 -960.063848 -310.166095 1008.922989 -2.829109 476.944982 1
2 3000.000000 -620.973284 -120.949086 632.642474 -2.949228 363.716203 1
3 4500.000000 -955.434815 -88.029573 959.481574 -3.049716 627.595386 1
4 6000.000000 -557.051666 228.909491 602.250872 2.751699 560.170088 1
5 7500.000000 -52.100736 1191.855315 1192.993536 1.614482 863.754136 1
6 9000.000000 -318.043754 1453.982798 1488.360779 1.786144 1237.138131 1
7 10500.000000 -214.378530 1080.887041 1101.941445 1.766591 903.789854 1
8 12000.000000 -303.389112 825.433615 879.423451 1.923021 790.860906 1
9 13500.000000 -917.778366 977.197010 1340.608491 2.324849 1338.878111 1
10 15000.000000 -219.081661 1077.803332 1099.843988 1.771331 905.041929 1
11 16500.000000 -573.743105 893.135436 1061.542301 2.141805 1032.646712 1
12 18000.000000 -978.080443 786.463992 1255.056558 2.464363 1250.122531 1
13 19500.000000 -377.901841 810.481501 894.253915 2.007096 834.200140 1
14 21000.000000 -605.397908 1466.681880 1586.714330 1.962260 1453.048282 1
15 22500.000000 -791.528410 1560.083986 1749.393971 2.040317 1651.946652 1
16 24000.000000 -223.607722 974.059619 999.396095 1.796449 836.388103 1
17 25500.000000 -113.456592 595.084196 605.803267 1.759192 494.289359 1
18 27000.000000 -843.859563 487.037603 974.322631 2.618140 945.819799 1
19 28500.000000 37.619999 632.529930 633.647675 1.511391 411.360389 1
20 30000.000000 -122.047163 1134.470065 1141.016143 1.677965 874.387291 1
21 31500.000000 -542.931333 752.543138 927.952373 2.195782 912.979849 1
22 33000.000000 -683.434423 206.247032 713.877055 2.848503 635.549152 1
23 34500.000000 -349.478441 710.538888 791.833753 2.027903 744.433338 1
24 36000.000000 -1461.760368 453.594059 1530.519828 2.840707 1367.981055 1
25 37500.000000 -723.460593 -205.668761 752.126897 -2.864615 378.854376 1
26 39000.000000 -365.034575 -34.623760 366.672941 -3.047025 239.092827 1
27 40500.000000 -55.427050 593.143763 595.727858 1.663972 451.120142 1
28 42000.000000 -1329.138827 -38.019700 1329.682488 -3.112996 931.605283 1
29 43500.000000 -782.567478 -424.839189 890.449434 -2.644233 269.524348 1
30 45000.000000 -649.426300 -55.747969 651.814663 -3.055961 429.421282 1
0 0.000000 -755.469581 50.112658 757.129821 3.075357 605.554660 1
1 1500.000000 -949.480796 -360.286129 1015.539205 -2.778921 485.144887 1
2 3000.000000 -621.340847 -164.937568 642.859899 -2.882123 363.654583 1
3 4500.000000 -974.886075 -137.548946 984.541808 -3.001426 649.608888 1
4 6000.000000 -578.328335 197.811343 611.222538 2.812027 567.507396 1
5 7500.000000 -135.121702 1186.520879 1194.189964 1.684188 875.938737 1
6 9000.000000 -390.916503 1430.184752 1482.647678 1.837612 1228.753286 1
7 10500.000000 -291.556657 1074.915119 1113.753921 1.835661 921.812407 1
8 12000.000000 -353.164317 810.278438 883.898287 1.981826 796.018394 1
9 13500.000000 -976.663696 921.676268 1342.892072 2.385152 1341.448314 1
10 15000.000000 -272.168940 1078.668356 1112.475327 1.817957 909.557003 1
11 16500.000000 -617.566592 861.965395 1060.364484 2.192486 1030.213574 1
12 18000.000000 -1024.044589 752.387506 1270.729821 2.507942 1267.021604 1
13 19500.000000 -430.389976 817.781649 924.122480 2.055254 859.471308 1
14 21000.000000 -674.203627 1439.874279 1589.902032 2.008713 1449.891778 1
15 22500.000000 -871.911283 1520.880939 1753.085313 2.091347 1652.624182 1
16 24000.000000 -267.849631 955.618053 992.446114 1.844073 826.067128 1
17 25500.000000 -147.303156 578.757546 597.208939 1.820021 488.985288 1
18 27000.000000 -892.738515 437.852873 994.332538 2.685606 962.409763 1
19 28500.000000 4.459501 627.081959 627.097816 1.563685 405.402646 1
20 30000.000000 -176.811744 1131.482665 1145.214135 1.725808 871.674592 1
21 31500.000000 -585.362446 733.650505 938.558606 2.244241 922.146196 1
22 33000.000000 -698.788789 172.784650 719.833528 2.899192 642.540376 1
23 34500.000000 -392.246861 698.618877 801.202805 2.082396 752.866411 1
24 36000.000000 -1489.543818 361.981492 1532.896404 2.903199 1365.519349 1
25 37500.000000 -721.588589 -258.790360 766.591510 -2.797242 378.493280 1
26 39000.000000 -374.318545 -53.477739 378.119348 -2.999686 248.991664 1
27 40500.000000 -85.510985 591.370110 597.520490 1.714399 450.349024 1
28 42000.000000 -1328.202046 -116.624387 1333.312388 -3.054011 931.175527 1
29 43500.000000 -772.626139 -477.339735 908.187411 -2.588177 274.727303 1
30 45000.000000 -664.731033 -105.699599 673.082277 -2.983902 435.174445 1
0 0.000000 -757.058608 1.981361 757.061201 3.138975 603.034093 1
1 1500.000000 -948.075799 -436.374703 1043.681274 -2.710228 488.951995 1
2 3000.000000 -603.983773 -215.209841 641.179908 -2.799301 349.584239 1
3 4500.000000 -987.901270 -193.323400 1006.639387 -2.948344 668.061321 1
4 6000.000000 -587.319928 157.084473 607.964004 2.880250 562.193394 1
5 7500.000000 -190.791859 1176.840155 1192.205638 1.731520 865.614549 1
6 9000.000000 -445.115118 1410.549916 1479.114104 1.876468 1209.574110 1
7 10500.000000 -335.322821 1064.057156 1115.642875 1.876081 912.090036 1
8 12000.000000 -398.773874 792.358371 887.047006 2.037060 797.702225 1
9 13500.000000 -1024.214151 861.746586 1338.514776 2.442128 1336.997952 1
10 15000.000000 -330.736438 1064.119857 1114.332833 1.872139 908.482079 1
11 16500.000000 -658.547674 845.090741 1071.383871 2.232764 1036.202915 1
12 18000.000000 -1053.973704 707.632049 1269.489537 2.550324 1267.160431 1
13 19500.000000 -476.186676 811.543564 940.933955 2.101429 870.881283 1
14 21000.000000 -741.073271 1413.925345 1596.362890 2.053557 1446.897044 1
15 22500.000000 -943.364497 1480.096762 1755.170362 2.138239 1647.854268 1
16 24000.000000 -321.437951 947.901483 1000.919367 1.897732 830.585046 1
17 25500.000000 -189.545902 571.298417 601.921531 1.891149 497.265797 1
18 27000.000000 -930.072055 374.850110 1002.769481 2.758474 966.777787 1
19 28500.000000 -43.765898 609.583485 611.152582 1.642470 404.602416 1
20 30000.000000 -226.669167 1118.831879 1141.561950 1.770685 858.944280 1
21 31500.000000 -636.082791 701.196868 946.719792 2.307541 931.049477 1
22 33000.000000 -715.425102 130.933929 727.307892 2.960580 648.167510 1
23 34500.000000 -436.341048 682.138126 809.756712 2.139873 760.700392 1
24 36000.000000 -1520.873003 278.175061 1546.103507 2.960687 1377.792572 1
25 37500.000000 -720.766592 -301.003807 781.093958 -2.745993 390.374215 1
26 39000.000000 -383.199845 -80.253275 391.513358 -2.935147 255.942444 1
27 40500.000000 -114.332957 581.896779 593.022669 1.764808 443.904045 1
28 42000.000000 -1328.982310 -207.657998 1345.108109 -2.986593 930.511216 1
29 43500.000000 -735.929884 -534.239628 909.398029 -2.513670 260.933477 1
30 45000.000000 -650.949487 -161.490793 670.682123 -2.898417 419.509376 1
0 0.000000 -760.943156 -50.446128 762.613466 -3.075395 495.789004 1
1 1500.000000 -934.362661 -496.106237 1057.901215 -2.653487 298.281624 1
2 3000.000000 -591.143372 -255.082408 643.830351 -2.734224 230.757807 1
3 4500.000000 -983.813439 -260.697954 1017.768297 -2.882559 501.201116 1
4 6000.000000 -610.244237 114.840459 620.956005 2.955580 508.664023 1
5 7500.000000 -255.346481 1156.489273 1184.343389 1.788104 1005.555679 1
6 9000.000000 -507.096896 1386.101593 1475.948810 1.921516 1345.728779 1
7 10500.000000 -393.348197 1054.931100 1125.878514 1.927695 1029.382138 1
8 12000.000000 -441.638244 780.836695 897.078750 2.085535 867.112319 1
9 13500.000000 -1059.953856 806.731116 1332.035011 2.491025 1317.806873 1
10 15000.000000 -394.362322 1058.470101 1129.548846 1.927442 1032.621933 1
11 16500.000000 -699.688553 840.699416 1093.773093 2.264906 1090.289959 1
12 18000.000000 -1077.580204 664.784413 1266.142730 2.588822 1228.611746 1
13 19500.000000 -530.711472 815.084946 972.634636 2.147953 953.863760 1
14 21000.000000 -819.778301 1388.680681 1612.597438 2.104074 1566.123991 1
15 22500.000000 -1020.111081 1451.375215 1774.011452 2.183438 1750.984792 1
16 24000.000000 -369.817553 950.694328 1020.090549 1.941782 938.388845 1
17 25500.000000 -213.735493 574.538373 613.006691 1.926945 560.281035 1
18 27000.000000 -936.489340 333.008776 993.935173 2.799944 892.721339 1
19 28500.000000 -103.573399 620.046913 628.637911 1.736309 515.828581 1
20 30000.000000 -300.242025 1102.684797 1142.829399 1.836635 998.456690 1
21 31500.000000 -677.028245 693.450999 969.144743 2.344212 969.144611 1
22 33000.000000 -718.005865 88.450706 723.433445 3.019021 565.111724 1
23 34500.000000 -503.773254 663.124845 832.779714 2.220474 826.358711 1
24 36000.000000 -1541.014698 191.675159 1552.889457 3.017846 1214.181621 1
25 37500.000000 -721.777944 -353.296092 803.605331 -2.686396 251.826810 1
26 39000.000000 -394.589054 -111.150791 409.945143 -2.867020 196.309584 1
27 40500.000000 -174.981128 589.781010 615.191056 1.859212 544.094401 1
28 42000.000000 -1319.485580 -283.038712 1349.501059 -2.930288 719.844076 1
29 43500.000000 -733.618690 -589.146010 940.898190 -2.464984 91.431592 1
30 45000.000000 -651.170192 -230.004348 690.597292 -2.802055 290.648878 1
0 0.000000 -784.713997 -116.668939 793.339586 -2.993997 500.907240 1
1 1500.000000 -923.535716 -547.911136 1073.836501 -2.606132 312.700980 1
2 3000.000000 -597.484747 -297.907940 667.635503 -2.679063 240.438161 1
3 4500.000000 -985.102240 -326.357884 1037.755218 -2.821679 507.538921 1
4 6000.000000 -623.097907 71.820025 627.223339 3.026836 508.618736 1
5 7500.000000 -338.493504 1150.961186 1199.703923 1.856828 1025.955996 1
6 9000.000000 -582.148054 1370.922216 1489.403935 1.972362 1354.204551 1
7 10500.000000 -430.091015 1052.609076 1137.085814 1.958690 1027.299699 1
8 12000.000000 -470.511533 762.714657 896.166698 2.123543 861.711622 1
9 13500.000000 -1094.039480 755.069099 1329.304979 2.537497 1317.073787 1
10 15000.000000 -460.753015 1052.172345 1148.633965 1.983548 1049.651179 1
11 16500.000000 -753.928452 835.836222 1125.624405 2.304718 1120.330942 1
12 18000.000000 -1107.822998 609.724429 1264.529824 2.638457 1229.265215 1
13 19500.000000 -582.409288 812.014341 999.283678 2.192999 977.592429 1
14 21000.000000 -897.577821 1375.017916 1642.047567 2.149120 1589.931552 1
15 22500.000000 -1096.556516 1430.665138 1802.564543 2.224753 1774.406786 1
16 24000.000000 -411.097122 941.687234 1027.509460 1.982412 938.490056 1
17 25500.000000 -241.320062 573.532924 622.234190 1.969071 564.895827 1
18 27000.000000 -957.780336 274.462484 996.329678 2.862510 892.421553 1
19 28500.000000 -152.711133 627.107730 645.433804 1.809664 535.571383 1
20 30000.000000 -366.180588 1112.106710 1170.841389 1.888883 1020.209792 1
21 31500.000000 -729.748323 662.830337 985.838055 2.404211 985.835039 1
22 33000.000000 -717.973615 21.776973 718.303800 3.111271 544.952652 1
23 34500.000000 -570.034685 644.779951 860.628100 2.294744 855.706720 1
24 36000.000000 -1562.952279 112.652365 1567.006822 3.069640 1230.291778 1
25 37500.000000 -731.575623 -415.371225 841.270555 -2.625204 260.281635 1
26 39000.000000 -411.915405 -135.111807 433.508363 -2.824642 213.136977 1
27 40500.000000 -247.893852 582.261971 632.835180 1.973296 575.635963 1
28 42000.000000 -1308.207340 -356.611122 1355.941716 -2.875463 725.777263 1
29 43500.000000 -736.514421 -657.445205 987.262726 -2.412857 100.727590 1
30 45000.000000 -661.598661 -283.431724 719.754354 -2.736842 297.550119 1
0 0.000000 -806.772228 -176.121835 825.772565 -2.926660 373.215171 1
1 1500.000000 -921.801737 -599.252009 1099.464147 -2.565156 117.916111 1
2 3000.000000 -601.191987 -340.466714 690.904761 -2.626307 115.939633 1
3 4500.000000 -988.697575 -379.826268 1059.146302 -2.774808 330.263039 1
4 6000.000000 -642.317692 26.794033 642.876300 3.099902 426.594389 1
5 7500.000000 -408.195633 1161.808125 1231.430791 1.908669 1158.444048 1
6 9000.000000 -648.307094 1359.417100 1506.093271 2.015794 1463.320569 1
7 10500.000000 -484.382917 1022.918123 1131.807536 2.013045 1098.923966 1
8 12000.000000 -500.659774 733.218259 887.845271 2.169902 884.655942 1
9 13500.000000 -1109.783111 681.983763 1302.582207 2.590565 1229.796220 1
10 15000.000000 -513.959191 1031.620110 1152.559804 2.033008 1124.355772 1
11 16500.000000 -790.070181 809.152288 1130.901550 2.344263 1126.367654 1
12 18000.000000 -1136.092384 543.280432 1259.309149 2.695536 1138.907166 1
13 19500.000000 -646.015043 797.844634 1026.592176 2.251424 1026.586706 1
14 21000.000000 -967.855543 1364.670663 1673.042250 2.187685 1669.288142 1
15 22500.000000 -1167.872952 1403.124390 1825.564374 2.264947 1825.468327 1
16 24000.000000 -463.088093 938.049005 1046.129302 2.029368 1019.685882 1
17 25500.000000 -276.038069 574.890826 637.727588 2.018444 620.013962 1
18 27000.000000 -969.191334 210.451484 991.777026 2.927771 775.474442 1
19 28500.000000 -195.605742 614.189550 644.585455 1.879118 599.656832 1
20 30000.000000 -406.137940 1100.554097 1173.101592 1.924323 1109.664782 1
21 31500.000000 -781.916733 636.963274 1008.521685 2.458002 987.749140 1
22 33000.000000 -739.135685 -57.467729 741.366374 -3.063999 422.452503 1
23 34500.000000 -634.414651 618.551358 886.051766 2.368854 880.283711 1
24 36000.000000 -1565.874718 36.332343 1566.296163 3.118394 1017.504702 1
25 37500.000000 -755.356901 -486.456843 898.445495 -2.569440 100.183524 1
26 39000.000000 -432.439534 -179.313908 468.142530 -2.748515 134.232004 1
27 40500.000000 -291.466364 599.916381 666.972493 2.023056 649.159581 1
28 42000.000000 -1302.825775 -434.407391 1373.340737 -2.819751 486.426993 1
29 43500.000000 -739.417396 -724.272484 1035.040442 -2.366541 -94.222807 0
30 45000.000000 -655.067502 -342.168449 739.048496 -2.660233 148.659931 1
0 0.000000 -820.431604 -237.149307 854.018624 -2.860208 51.634772 1
1 1500.000000 -918.987148 -666.414475 1135.185284 -2.514178 -319.744855 0
2 3000.000000 -601.186915 -399.333654 721.729225 -2.555270 -174.667471 0
3 4500.000000 -961.458324 -452.283433 1062.526430 -2.701893 -103.767671 0
4 6000.000000 -653.687931 -33.289638 654.535034 -3.090711 187.793362 1
5 7500.000000 -461.584970 1139.104428 1229.072652 1.955792 1227.930554 1
6 9000.000000 -695.797051 1337.552159 1507.706641 2.050474 1493.415431 1
7 10500.000000 -547.100010 989.039554 1130.273268 2.076065 1115.220561 1
8 12000.000000 -536.698008 688.769782 873.183008 2.232733 828.841474 1
9 13500.000000 -1131.351068 611.824343 1286.189824 2.645847 955.713492 1
10 15000.000000 -563.448362 983.104704 1133.123522 2.091225 1115.110163 1
11 16500.000000 -832.901261 768.068023 1132.984112 2.396669 1002.855872 1
12 18000.000000 -1176.679647 470.057681 1267.094793 2.761536 837.348482 1
13 19500.000000 -715.811686 760.859087 1044.649663 2.325698 956.808532 1
14 21000.000000 -1028.129472 1333.445691 1683.783722 2.227623 1600.964875 1
15 22500.000000 -1252.415796 1353.932181 1844.363760 2.317265 1695.460271 1
16 24000.000000 -523.744521 920.283844 1058.881805 2.088194 1042.613884 1
17 25500.000000 -322.711799 548.960086 636.788883 2.102242 625.381919 1
18 27000.000000 -998.903175 140.578555 1008.746689 3.001778 467.336321 1
19 28500.000000 -253.052769 591.686565 643.528317 1.974935 642.281620 1
20 30000.000000 -471.658188 1065.386990 1165.122691 1.987572 1161.856664 1
21 31500.000000 -850.480301 602.008073 1041.983907 2.525621 852.300195 1
22 33000.000000 -789.423764 -133.938728 800.705602 -2.973527 138.476318 1
23 34500.000000 -710.773684 578.729253 916.584299 2.458238 783.530391 1
24 36000.000000 -1583.714000 -52.843000 1584.595348 -3.108239 481.173541 1
25 37500.000000 -783.761284 -546.962394 955.745578 -2.532299 -252.542068 0
26 39000.000000 -467.507625 -217.224672 515.509396 -2.706628 -47.915536 0
27 40500.000000 -355.819111 580.808862 681.135943 2.120449 666.487056 1
28 42000.000000 -1299.818208 -509.491549 1396.104944 -2.768027 -44.225848 0
29 43500.000000 -749.178114 -785.110372 1085.203273 -2.332779 -488.501666 0
30 45000.000000 -681.072185 -411.742597 795.858836 -2.597834 -159.575796 0
0 0.000000 -835.795242 -304.086141 889.394214 -2.792652 41.456892 1
1 1500.000000 -925.015992 -742.231356 1185.985654 -2.465391 -328.473631 0
2 3000.000000 -605.665420 -456.944918 758.702352 -2.495249 -188.274598 0
3 4500.000000 -969.209387 -525.201534 1102.362684 -2.645000 -111.174264 0
4 6000.000000 -672.133515 -100.256642 679.569611 -2.993523 166.481591 1
5 7500.000000 -528.879150 1114.085879 1233.247948 2.014016 1231.848156 1
6 9000.000000 -754.168125 1304.544149 1506.852679 2.094964 1494.410249 1
7 10500.000000 -611.748688 978.708609 1154.169398 2.129437 1138.857598 1
8 12000.000000 -580.821628 658.315371 877.913943 2.293737 831.288818 1
9 13500.000000 -1161.050917 554.301714 1286.580593 2.696177 958.889668 1
10 15000.000000 -637.148732 953.431735 1146.730387 2.159907 1125.320188 1
11 16500.000000 -873.565566 724.066513 1134.631708 2.449498 1004.766751 1
12 18000.000000 -1213.337678 418.282852 1283.412975 2.809614 853.522471 1
13 19500.000000 -799.840928 753.212047 1098.669149 2.386209 1003.252947 1
14 21000.000000 -1094.900612 1304.193396 1702.858704 2.269177 1625.382508 1
15 22500.000000 -1317.676884 1322.506307 1866.894561 2.354365 1728.124586 1
16 24000.000000 -579.052756 919.440583 1086.587815 2.132831 1071.567560 1
17 25500.000000 -369.395253 557.925466 669.129044 2.155622 657.181478 1
18 27000.000000 -1027.773867 97.032523 1032.344145 3.047461 485.575938 1
19 28500.000000 -333.830326 591.583868 679.274730 2.084552 674.536292 1
20 30000.000000 -548.720005 1051.140775 1185.744733 2.051907 1181.409222 1
21 31500.000000 -916.807013 590.057547 1090.276574 2.569729 897.768769 1
22 33000.000000 -819.817647 -178.053058 838.930191 -2.927728 151.600611 1
23 34500.000000 -793.020448 561.411544 971.629741 2.525557 823.635682 1
24 36000.000000 -1598.678454 -126.088873 1603.643103 -3.062885 499.673775 1
25 37500.000000 -795.839342 -578.901804 984.117654 -2.512706 -227.533070 0
26 39000.000000 -501.909993 -253.884830 562.468797 -2.673286 -40.875940 0
27 40500.000000 -428.932301 581.100779 722.261056 2.206662 701.508794 1
28 42000.000000 -1288.723778 -584.251381 1414.976555 -2.715951 -42.544244 0
29 43500.000000 -780.368734 -836.104354 1143.698322 -2.321728 -470.835032 0
30 45000.000000 -705.656334 -461.257254 843.035655 -2.562651 -153.723990 0
0 0.000000 -872.168063 -359.985863 943.539587 -2.750145 44.385713 1
1 1500.000000 -937.812712 -797.821644 1231.264415 -2.436677 -324.153032 0
2 3000.000000 -626.821643 -502.612816 803.445714 -2.465729 -188.917979 0
3 4500.000000 -984.833319 -592.707147 1149.433960 -2.599825 -118.480715 0
4 6000.000000 -708.619739 -157.256491 725.859172 -2.923212 158.493523 1
5 7500.000000 -618.137683 1095.073466 1257.489599 2.084682 1253.918769 1
6 9000.000000 -816.072215 1262.004336 1502.873516 2.144811 1489.096384 1
7 10500.000000 -671.668925 968.432646 1178.558838 2.177189 1161.988583 1
8 12000.000000 -643.954193 639.059081 907.233990 2.360010 852.010807 1
9 13500.000000 -1205.620621 490.594672 1301.616001 2.755133 956.069949 1
10 15000.000000 -708.050523 928.731899 1167.852081 2.222176 1141.491247 1
11 16500.000000 -924.128812 700.363700 1159.535844 2.493078 1026.473979 1
12 18000.000000 -1251.180367 369.670628 1304.648874 2.854308 865.931054 1
13 19500.000000 -889.376373 744.577287 1159.907613 2.444582 1051.748901 1
14 21000.000000 -1168.970618 1261.144844 1719.586759 2.318283 1638.154646 1
15 22500.000000 -1379.473571 1286.673421 1886.392278 2.390987 1750.644911 1
16 24000.000000 -631.289983 907.209313 1105.240146 2.178738 1089.413379 1
17 25500.000000 -398.129026 560.111686 687.191256 2.188736 676.158466 1
18 27000.000000 -1030.633399 64.825384 1032.670099 3.078777 496.286634 1
19 28500.000000 -404.257153 597.651460 721.533862 2.165514 712.748407 1
20 30000.000000 -626.972210 1039.431767 1213.883252 2.113556 1207.292551 1
21 31500.000000 -949.496159 581.296170 1113.305077 2.592240 929.442497 1
22 33000.000000 -865.295193 -205.130691 889.277443 -2.908825 181.671383 1
23 34500.000000 -861.448021 551.917012 1023.086058 2.571794 865.458814 1
24 36000.000000 -1602.293281 -189.961301 1613.514504 -3.023588 508.326106 1
25 37500.000000 -798.216204 -597.089604 996.827520 -2.499354 -201.683926 0
26 39000.000000 -522.983278 -263.824339 585.760011 -2.674383 -16.810603 0
27 40500.000000 -499.272502 594.822058 776.586320 2.269083 750.529083 1
28 42000.000000 -1288.471864 -650.759487 1443.484553 -2.673903 -42.119240 0
29 43500.000000 -783.143934 -862.611153 1165.080436 -2.307946 -448.483100 0
30 45000.000000 -734.682865 -497.477679 887.267126 -2.546379 -138.472111 0
0 0.000000 -878.070158 -403.043374 966.152764 -2.711271 40.855411 1
1 1500.000000 -948.626003 -844.569061 1270.113457 -2.414158 -320.150899 0
2 3000.000000 -641.211561 -543.340854 840.459130 -2.438630 -191.885542 0
3 4500.000000 -1000.614308 -630.709485 1182.803216 -2.579175 -106.068797 0
4 6000.000000 -754.631104 -193.620010 779.074330 -2.890435 171.129294 1
5 7500.000000 -714.939792 1060.202538 1278.737005 2.164094 1269.437226 1
6 9000.000000 -897.441604 1233.433657 1525.372092 2.199804 1506.757195 1
7 10500.000000 -739.378405 955.035151 1207.796574 2.229600 1186.923460 1
8 12000.000000 -696.357119 622.511289 934.041510 2.412128 871.267244 1
9 13500.000000 -1234.774718 441.762100 1311.419978 2.798015 955.431393 1
10 15000.000000 -787.305183 917.360841 1208.883934 2.280048 1175.196377 1
11 16500.000000 -984.380707 683.424814 1198.363406 2.534723 1056.617859 1
12 18000.000000 -1279.491293 327.565633 1320.756303 2.890963 874.109295 1
13 19500.000000 -959.245943 745.166277 1214.670967 2.481143 1100.149226 1
14 21000.000000 -1252.029557 1228.409295 1754.014654 2.365717 1663.699685 1
15 22500.000000 -1422.196548 1253.806852 1895.962722 2.419037 1763.776796 1
16 24000.000000 -674.094709 909.847287 1132.354080 2.208440 1116.970626 1
17 25500.000000 -418.444188 574.155706 710.457819 2.200590 701.700535 1
18 27000.000000 -1028.865907 25.964021 1029.193463 3.116362 491.479719 1
19 28500.000000 -475.966828 625.283274 785.826695 2.221428 773.408952 1
20 30000.000000 -696.720207 1042.315408 1253.730616 2.160022 1245.216968 1
21 31500.000000 -996.748562 572.819810 1149.621777 2.619993 963.767688 1
22 33000.000000 -880.537089 -239.124785 912.428752 -2.876421 187.927950 1
23 34500.000000 -922.216111 558.710465 1078.257826 2.596894 917.276258 1
24 36000.000000 -1596.736274 -253.859983 1616.790531 -2.983925 500.837346 1
25 37500.000000 -793.084892 -623.550187 1008.859991 -2.475302 -194.166173 0
26 39000.000000 -555.173271 -251.530766 609.495765 -2.716191 28.769318 1
27 40500.000000 -569.599916 604.727618 830.746385 2.326290 797.730442 1
28 42000.000000 -1272.909682 -698.516101 1451.972383 -2.639705 -42.487611 0
29 43500.000000 -796.515857 -877.383035 1185.005696 -2.307921 -418.611561 0
30 45000.000000 -755.163225 -517.395280 915.406671 -2.540907 -116.910917 0
0 0.000000 -903.560830 -430.112362 1000.709157 -2.697313 -146.242572 0
1 1500.000000 -950.586345 -863.748391 1284.397011 -2.404020 -547.025465 0
2 3000.000000 -663.092865 -569.790238 874.272877 -2.431729 -350.295140 0
3 4500.000000 -1016.105993 -662.367899 1212.931417 -2.563905 -335.284902 0
4 6000.000000 -797.632855 -219.548749 827.296697 -2.872994 24.001877 1
5 7500.000000 -808.767120 1065.281309 1337.508326 2.220163 1255.613843 1
6 9000.000000 -978.020847 1213.073399 1558.227149 2.249327 1446.540952 1
7 10500.000000 -795.364906 942.404413 1233.179391 2.271782 1134.208721 1
8 12000.000000 -738.641087 617.040588 962.460255 2.445652 806.514626 1
9 13500.000000 -1262.271614 391.079958 1321.466292 2.841149 744.037691 1
10 15000.000000 -872.163559 906.125035 1257.669214 2.337099 1122.044781 1
11 16500.000000 -1038.339867 664.941466 1233.003176 2.572004 940.193777 1
12 18000.000000 -1287.901398 287.548180 1319.611294 2.921927 652.573042 1
13 19500.000000 -1037.494038 749.572332 1279.942405 2.515936 1020.856108 1
14 21000.000000 -1314.972512 1224.998428 1797.157159 2.391603 1556.749894 1
15 22500.000000 -1472.483557 1214.564585 1908.762677 2.451887 1592.963488 1
16 24000.000000 -704.628489 913.488604 1153.673583 2.227828 1079.956428 1
17 25500.000000 -426.905768 589.597164 727.924000 2.197490 688.863976 1
18 27000.000000 -1022.422378 -14.521216 1022.525493 -3.127391 285.933662 1
19 28500.000000 -530.766564 631.089560 824.613351 2.270061 758.988581 1
20 30000.000000 -766.886865 1045.085958 1296.271624 2.203850 1224.025289 1
21 31500.000000 -1024.440174 560.429592 1167.715289 2.641010 836.200443 1
22 33000.000000 -870.857509 -252.227030 906.648375 -2.859676 14.232680 1
23 34500.000000 -971.718493 555.649312 1119.367226 2.622151 816.170135 1
24 36000.000000 -1585.026302 -308.087457 1614.690763 -2.949613 170.251774 1
25 37500.000000 -774.568094 -631.639211 999.461768 -2.457488 -376.735991 0
26 39000.000000 -573.349517 -259.279865 629.250123 -2.716894 -79.751743 0
27 40500.000000 -617.072266 615.286341 871.410043 2.357644 769.188496 1
28 42000.000000 -1254.835504 -742.293378 1457.947736 -2.607412 -341.691373 0
29 43500.000000 -790.771038 -884.657629 1186.565614 -2.300216 -613.879955 0
30 45000.000000 -757.586345 -538.290941 929.351498 -2.523832 -292.471206 0
0 0.000000 -898.318898 -457.100577 1007.927468 -2.670898 -143.067020 0
1 1500.000000 -948.879815 -897.950879 1306.402957 -2.383764 -544.075111 0
2 3000.000000 -671.452587 -574.418032 883.631513 -2.433923 -327.263251 0
3 4500.000000 -1017.742166 -701.930819 1236.327623 -2.537817 -336.320592 0
4 6000.000000 -825.334074 -228.742912 856.445943 -2.871227 49.565702 1
5 7500.000000 -888.667098 1058.053826 1381.740608 2.269402 1288.067760 1
6 9000.000000 -1042.978260 1195.550350 1586.551068 2.288142 1467.973189 1
7 10500.000000 -848.991005 936.895256 1264.341113 2.307013 1160.587071 1
8 12000.000000 -779.469584 601.070315 984.306028 2.484707 820.280630 1
9 13500.000000 -1283.522234 348.523317 1329.999184 2.876449 743.729796 1
10 15000.000000 -928.630265 888.690240 1285.349957 2.378168 1140.632457 1
11 16500.000000 -1082.206860 648.452159 1261.610832 2.601766 962.737120 1
12 18000.000000 -1302.080111 253.316634 1326.492342 2.949445 659.590260 1
13 19500.000000 -1087.512789 740.538843 1315.705835 2.543769 1051.617134 1
14 21000.000000 -1366.976636 1189.798324 1812.248652 2.425381 1566.987846 1
15 22500.000000 -1514.830181 1174.841870 1917.019535 2.481933 1600.499156 1
16 24000.000000 -743.178586 906.728082 1172.378022 2.257391 1097.916069 1
17 25500.000000 -444.190339 589.874725 738.415364 2.216231 701.586305 1
18 27000.000000 -1009.688779 -55.274626 1011.200630 -3.086903 273.208300 1
19 28500.000000 -574.486561 634.729014 856.104976 2.306416 786.053906 1
20 30000.000000 -830.279506 1027.037709 1320.670479 2.250651 1239.883273 1
21 31500.000000 -1062.136938 537.527771 1190.407905 2.673092 851.265295 1
22 33000.000000 -874.012990 -282.232219 918.451812 -2.829247 14.627124 1
23 34500.000000 -1008.561584 534.334827 1141.363297 2.654391 830.969751 1
24 36000.000000 -1566.633570 -380.977727 1612.291776 -2.903041 144.460657 1
25 37500.000000 -744.362905 -659.392091 994.421472 -2.416652 -384.192938 0
26 39000.000000 -576.929301 -264.295695 634.586190 -2.712017 -64.176177 0
27 40500.000000 -652.464005 597.837791 884.940282 2.399857 776.273159 1
28 42000.000000 -1237.678550 -784.269714 1465.239631 -2.576789 -343.353512 0
29 43500.000000 -762.698727 -916.527110 1192.363742 -2.264843 -621.685582 0
30 45000.000000 -752.500654 -561.363233 938.821555 -2.500658 -288.775055 0
0 0.000000 -891.760798 -495.600666 1020.224162 -2.634342 -143.568568 0
1 1500.000000 -922.410560 -934.671178 1313.183708 -2.349592 -542.577687 0
2 3000.000000 -666.573166 -598.675788 895.953395 -2.409806 -320.417896 0
3 4500.000000 -1009.064497 -732.476410 1246.889269 -2.513697 -322.762515 0
4 6000.000000 -838.718827 -266.936012 880.172770 -2.833463 50.960102 1
5 7500.000000 -962.837680 1038.413461 1416.106957 2.318448 1314.250553 1
6 9000.000000 -1111.881970 1147.981314 1598.168518 2.340222 1469.907759 1
7 10500.000000 -896.412528 913.099405 1279.572563 2.346973 1173.463030 1
8 12000.000000 -802.292743 575.873530 987.574791 2.519030 824.890925 1
9 13500.000000 -1296.936505 296.829667 1330.470650 2.916598 741.387469 1
10 15000.000000 -979.838339 865.017927 1307.034501 2.418352 1158.428552 1
11 16500.000000 -1124.134644 612.704296 1280.267649 2.642561 974.481263 1
12 18000.000000 -1315.546657 196.065783 1330.076989 2.993644 653.961002 1
13 19500.000000 -1136.874476 713.440197 1342.192418 2.581165 1073.102985 1
14 21000.000000 -1426.602678 1140.591276 1826.511336 2.467147 1575.658191 1
15 22500.000000 -1572.374886 1120.954407 1931.036397 2.522258 1609.499935 1
16 24000.000000 -773.355013 887.813850 1177.408768 2.287401 1105.805676 1
17 25500.000000 -465.587569 578.654639 742.706521 2.248338 706.967830 1
18 27000.000000 -996.347107 -96.333451 1000.993353 -3.045206 266.680702 1
19 28500.000000 -616.994573 622.575804 876.517504 2.351692 802.173480 1
20 30000.000000 -885.345644 1009.168872 1342.482299 2.290929 1259.206138 1
21 31500.000000 -1088.970886 492.103757 1194.999455 2.717161 849.284638 1
22 33000.000000 -865.948502 -315.196403 921.528937 -2.792510 15.643770 1
23 34500.000000 -1036.595046 505.631875 1153.339881 2.687768 843.169088 1
24 36000.000000 -1557.939479 -445.880996 1620.489211 -2.862845 141.308312 1
25 37500.000000 -721.399872 -685.639711 995.248506 -2.381604 -381.995398 0
26 39000.000000 -571.687935 -279.224843 636.233926 -2.687250 -56.095326 0
27 40500.000000 -688.861897 585.651736 904.167390 2.436998 793.419943 1
28 42000.000000 -1211.949168 -841.852009 1475.647516 -2.534482 -352.271073 0
29 43500.000000 -721.947590 -943.566566 1188.076675 -2.223908 -622.637244 0
30 45000.000000 -744.022390 -591.233624 950.329687 -2.470126 -285.746709 0
0 0.000000 -872.998371 -531.407881 1022.017853 -2.594789 -143.865929 0
1 1500.000000 -896.654147 -973.550405 1323.551680 -2.315101 -540.808018 0
2 3000.000000 -644.406481 -634.848417 904.595062 -2.363666 -329.104004 0
3 4500.000000 -986.083253 -774.938674 1254.149166 -2.475524 -323.024553 0
4 6000.000000 -835.965574 -294.747253 886.405316 -2.802619 58.985488 1
5 7500.000000 -1024.242403 1002.192868 1432.990944 2.367075 1324.998729 1
6 9000.000000 -1163.249533 1110.363523 1608.122081 2.379451 1479.238380 1
7 10500.000000 -938.654052 879.119499 1286.049192 2.388934 1178.141175 1
8 12000.000000 -832.749776 546.249977 995.922300 2.561040 830.490989 1
9 13500.000000 -1309.767712 234.006772 1330.507658 2.964795 731.780390 1
10 15000.000000 -1033.470314 826.079591 1323.052675 2.467263 1166.812813 1
11 16500.000000 -1153.932415 568.119266 1286.203529 2.684097 977.305815 1
12 18000.000000 -1328.751859 141.905582 1336.307860 3.035200 654.640605 1
13 19500.000000 -1171.701123 675.599367 1352.522838 2.618559 1083.077445 1
14 21000.000000 -1486.234958 1089.892571 1843.030159 2.508850 1587.858941 1
15 22500.000000 -1621.918581 1060.658568 1937.941299 2.562444 1614.529149 1
16 24000.000000 -817.807741 861.137301 1187.588714 2.330393 1113.938938 1
17 25500.000000 -479.621544 567.786501 743.248503 2.272218 710.956997 1
18 27000.000000 -996.334125 -139.091711 1005.996120 -3.002886 265.285930 1
19 28500.000000 -651.534453 606.313593 890.007481 2.392130 814.185343 1
20 30000.000000 -946.221554 980.042196 1362.284088 2.338639 1273.862557 1
21 31500.000000 -1115.605871 455.523098 1205.021888 2.753935 858.722238 1
22 33000.000000 -847.467188 -339.810942 913.056466 -2.760248 22.115288 1
23 34500.000000 -1058.181815 458.486345 1153.238259 2.732732 838.788978 1
24 36000.000000 -1538.078767 -510.372904 1620.545215 -2.821200 137.863910 1
25 37500.000000 -695.529462 -710.674806 994.394244 -2.345425 -378.609148 0
26 39000.000000 -572.008640 -296.466277 644.271789 -2.663420 -46.735826 0
27 40500.000000 -715.305065 552.812189 904.025803 2.483637 790.184153 1
28 42000.000000 -1179.778709 -876.443368 1469.704317 -2.502659 -339.874302 0
29 43500.000000 -690.389723 -967.191601 1188.317114 -2.190730 -616.344749 0
30 45000.000000 -716.518263 -617.206168 945.696503 -2.430520 -284.441892 0
0 0.000000 -853.063561 -563.250882 1022.237250 -2.558033 -138.485640 0
1 1500.000000 -858.652740 -1012.612951 1327.655647 -2.274103 -541.147566 0
2 3000.000000 -631.382106 -656.060107 910.526346 -2.337029 -318.107541 0
3 4500.000000 -962.379870 -823.803461 1266.817728 -2.433622 -326.043749 0
4 6000.000000 -831.521986 -322.552337 891.890589 -2.771555 69.169524 1
5 7500.000000 -1082.457760 957.721878 1445.318649 2.417258 1331.905097 1
6 9000.000000 -1229.666993 1054.013300 1619.575546 2.432960 1482.429607 1
7 10500.000000 -985.953210 832.919325 1290.681345 2.440133 1177.627287 1
8 12000.000000 -863.704761 511.927616 1004.019820 2.606550 835.349437 1
9 13500.000000 -1322.717749 169.686981 1333.557616 3.014003 725.524522 1
10 15000.000000 -1079.678928 784.050923 1334.332206 2.513506 1174.145067 1
11 16500.000000 -1191.429773 512.642299 1297.037791 2.735263 977.854511 1
12 18000.000000 -1338.942101 80.122498 1341.337230 3.081824 651.808811 1
13 19500.000000 -1208.716956 617.081984 1357.124481 2.669559 1079.485583 1
14 21000.000000 -1533.958154 1023.604429 1844.124086 2.553154 1586.734383 1
15 22500.000000 -1659.662329 990.648423 1932.838158 2.603457 1611.438896 1
16 24000.000000 -858.353320 833.563233 1196.494080 2.370846 1122.974166 1
17 25500.000000 -501.624478 536.366589 734.381532 2.322736 700.648135 1
18 27000.000000 -983.199236 -177.622404 999.114836 -2.962863 265.473686 1
19 28500.000000 -679.008678 576.500768 890.733361 2.437660 813.610915 1
20 30000.000000 -989.290233 938.139851 1363.378724 2.382726 1273.923713 1
21 31500.000000 -1134.076020 407.409759 1205.035739 2.796707 858.165281 1
22 33000.000000 -828.037412 -370.753640 907.250912 -2.720612 24.209694 1
23 34500.000000 -1075.255456 414.690334 1152.450593 2.773503 839.267031 1
24 36000.000000 -1512.387785 -562.944374 1613.760571 -2.785259 147.189304 1
25 37500.000000 -658.179659 -726.473879 980.288101 -2.306912 -369.982906 0
26 39000.000000 -569.727478 -312.112457 649.618030 -2.640419 -34.741140 0
27 40500.000000 -741.424766 521.901654 906.692903 2.528243 791.409841 1
28 42000.000000 -1139.483531 -920.819500 1465.036268 -2.461931 -336.837642 0
29 43500.000000 -652.468656 -973.963749 1172.314263 -2.161041 -595.556866 0
30 45000.000000 -687.735581 -644.067409 942.233016 -2.388972 -282.903152 0
0 0.000000 -825.041709 -580.145473 1008.594364 -2.528742 -129.280226 0
1 1500.000000 -828.051296 -1035.651552 1325.987589 -2.245261 -530.998326 0
2 3000.000000 -608.604350 -679.550396 912.243386 -2.301174 -318.027271 0
3 4500.000000 -933.851303 -858.570070 1268.550677 -2.398170 -325.021496 0
4 6000.000000 -831.742117 -351.245782 902.866850 -2.742010 76.413990 1
5 7500.000000 -1135.341769 920.723102 1461.756465 2.460201 1343.454386 1
6 9000.000000 -1274.409636 1005.941725 1623.588209 2.473386 1483.622993 1
7 10500.000000 -1020.227333 792.834917 1292.072373 2.480962 1176.676395 1
8 12000.000000 -884.950015 471.746872 1002.836797 2.651835 829.530062 1
9 13500.000000 -1327.793822 118.958034 1333.111941 3.052240 723.505218 1
10 15000.000000 -1119.670230 738.807478 1341.453657 2.558328 1175.163700 1
11 16500.000000 -1213.311004 461.452105 1298.099240 2.778162 973.305996 1
12 18000.000000 -1336.114924 25.479907 1336.357855 3.122525 644.652146 1
13 19500.000000 -1226.279084 569.454404 1352.049818 2.706848 1074.925212 1
14 21000.000000 -1581.480689 958.003985 1849.014009 2.596946 1584.172472 1
15 22500.000000 -1696.309863 920.285730 1929.868642 2.644509 1604.257214 1
16 24000.000000 -892.192673 805.445056 1201.977331 2.407249 1128.222614 1
17 25500.000000 -510.613300 521.436855 729.809795 2.345707 699.212036 1
18 27000.000000 -960.301481 -211.592937 983.336415 -2.924718 259.863648 1
19 28500.000000 -695.031975 561.999162 893.819056 2.461633 820.975738 1
20 30000.000000 -1026.349614 906.851152 1369.588457 2.417930 1280.430456 1
21 31500.000000 -1141.768979 365.157398 1198.739474 2.832056 854.775551 1
22 33000.000000 -799.591845 -394.064543 891.422449 -2.683696 23.550367 1
23 34500.000000 -1084.003499 378.372726 1148.141762 2.805763 839.575082 1
24 36000.000000 -1478.674806 -630.608306 1607.527921 -2.738479 130.395801 1
25 37500.000000 -611.329497 -741.216360 960.794175 -2.260457 -371.332331 0
26 39000.000000 -553.732933 -315.935651 637.522938 -2.623105 -21.779456 0
27 40500.000000 -762.661727 493.146200 908.210375 2.567603 791.530189 1
28 42000.000000 -1097.364656 -959.671710 1457.799362 -2.423032 -338.362934 0
29 43500.000000 -604.349884 -988.009546 1158.188951 -2.119763 -592.992153 0
30 45000.000000 -666.961821 -660.061123 938.359609 -2.361395 -273.607848 0
