-520.591979 -3583.244216
109.351889 -2728.969455
638.292883 -4119.495420
2595.850409 -3357.836010
2776.800173 90.973435
4094.927503 831.621131
5690.260045 2676.330777
7027.675705 -388.930343
6311.459609 2084.601057
7930.324533 968.037913
5706.087723 1779.624283
2896.402859 1579.030477
2212.592107 3743.897477
3784.232211 3886.514683
2126.000175 2000.165135
-796.378317 1304.205657
50.606351 1126.930133
-498.155653 2394.194847
-2093.049979 2876.222999
-3617.686133 871.658329
-4063.617437 2110.086403
-6387.772065 44.370767
-5983.660463 1896.263181
-5307.827393 -1063.456719
-5991.920587 -1319.430647
-5825.717279 -3439.991712
-5130.634331 -1879.570183
-4390.663905 -1187.512545
-3606.506151 -2036.010947
-2565.455671 -4064.697166
-1247.338959 -3214.293523
-2576.865438 -3686.408868
-1989.568120 -3296.023401
-1384.634888 -4335.928594
1244.426490 -4949.323978
1361.618560 -965.501035
2637.823924 -1546.342189
4517.854408 606.319590
5715.837430 -2307.283125
5254.164194 59.192776
7654.387250 -175.067561
6080.021546 50.230027
3393.250796 245.188833
4369.253614 2212.004402
5347.427644 3012.403206
4773.171532 1783.065114
1366.496652 982.139569
2271.566184 1315.186217
2000.196856 2417.635103
468.908636 3225.811128
-1690.536820 682.689253
-1867.319482 1963.103264
-4731.082020 50.878115
-4844.240132 1764.295442
-4538.142078 -700.271687
-5643.824526 -1904.811915
-6749.401054 -3159.462016
-5774.169894 -2051.152019
-5236.514466 -986.309219
-5039.031230 -2718.225715
-4699.016006 -4488.465584
-2716.053956 -3586.164763
-1229.810810 -3655.542931
-1384.168594 -1778.609966
-46.733306 -2808.325635
1900.683774 -3090.482455
1097.853500 170.282098
2338.774370 454.848060
5142.242728 2886.055730
4948.428236 -458.966116
3774.756896 1440.929948
6780.678100 787.493258
4404.521636 780.558628
1316.295128 1214.965974
2236.607100 1874.711908
2678.493798 2788.887332
1603.768264 1755.385722
74.684144 1358.156352
909.079910 1018.051546
-2.392186 1374.057906
-596.670518 2469.979750
-1773.294674 536.487174
-2937.917714 2433.348396
-4752.294782 696.116578
-4475.721338 1844.450322
-3533.426784 121.920586
-3679.306122 -1007.687784
-4447.448636 -2384.024643
-3973.367984 -1661.236082
-2968.074074 -235.156530
-2833.541368 -1339.312778
-2855.559912 -3354.059743
-1480.660220 -2386.566312
-1599.843103 -3623.140459
-1077.688979 -2783.223237
-571.512765 -3512.137579
1381.667469 -3438.544369
1860.943425 375.308807
3604.664325 238.167359
6551.563575 1570.977921
6534.915023 -1664.306211
5266.958147 202.053795
7093.864865 1173.472025
5444.759263 1120.672951
2483.167873 911.408353
3172.792767 2222.302873
3963.461241 2585.647979
3343.044365 1924.119269
286.210707 1244.920143
1476.361329 1358.677009
1018.414291 2811.984751
-1037.578609 3484.163695
-2226.660573 1722.526697
-2676.654165 1962.720539
-5566.713287 43.510365
-4633.437391 1202.344001
-4605.494489 -672.021389
-6344.413341 -1371.234779
-6484.221047 -2644.883485
-5033.380505 -2083.413153
-4326.916033 -1236.045895
-4113.315539 -2527.311231
-3579.533103 -4167.749203
-2277.531067 -3355.677481
-825.956179 -3079.841922
-375.827185 -2094.430681
926.482703 -3030.318896
2454.926519 -3768.779538
2345.900933 197.509641
3323.298449 -108.952147
5281.035519 1678.920249
5469.920483 -1762.649643
4294.839835 -277.470893
6617.667947 -79.468163
4456.847867 110.838943
1153.039927 255.360497
2363.763831 1632.230141
3060.975307 2517.895859
2419.213323 1590.300741
-237.718929 1270.409499
798.714441 1122.703579
575.016911 2269.598091
-460.899887 2660.308393
-1916.356161 316.201117
-2548.011225 1129.266791
-5581.831697 -579.105907
-4760.833419 929.386419
-3929.038883 -1060.454263
-4964.962449 -2769.058003
-5611.986687 -3746.819404
-4356.200411 -2981.014227
-3426.075017 -1411.286067
-3511.128845 -2324.962119
-2936.269579 -3959.028230
-960.021531 -2525.965103
-1593.788201 -3462.083576
-1812.704619 -3315.136883
-1055.106053 -3578.518756
1245.978273 -4242.742176
753.720205 -229.263987
1526.071987 -513.512699
4714.675601 1531.249873
5317.462761 -1384.224041
4060.758885 -327.498789
6746.139087 -230.880517
4829.440927 -623.306915
1175.678487 201.166963
2669.679819 2121.951419
3340.302469 2544.376593
2795.106243 1608.261115
789.380801 915.634331
2641.751357 603.528003
1902.307261 1790.002637
243.256761 2034.775873
-1215.922735 651.082847
-1866.181167 1595.533969
-4992.899527 362.425037
-4140.863093 1210.575533
-3809.302435 -871.252529
-4460.311347 -1674.211585
-4601.618317 -2837.994806
-4074.649917 -1792.824363
-3429.847845 -728.481109
-3562.912113 -1702.306511
-3297.057937 -3379.510006
-2001.635889 -2508.330723
-521.449032 -2816.622359
-100.365696 -2031.358813
634.994022 -2924.040237
2893.671708 -3562.454187
2219.888194 309.218673
2975.710650 476.620981
5918.127212 2690.579640
5874.885862 -454.472719
4514.206422 1160.213594
6803.049614 973.575573
4723.915894 629.577393
926.670752 1177.760787
2320.189846 2641.275778
2594.133208 3258.866520
1605.735290 2193.616774
-703.923964 1164.836491
656.302900 917.098015
-253.217676 1440.111899
-1523.352058 2581.384290
-2986.843844 619.759515
-3694.611364 1961.112600
-5690.261530 33.987653
-4784.556238 635.754390
-4420.452638 -993.368467
-4891.422860 -1867.412097
-5217.909632 -2341.379471
-3991.741080 -1939.217453
-3075.568912 -544.139205
-2286.371712 -2412.083349
-2543.592430 -3780.700725
-1003.977686 -2579.903927
-1628.509412 -888.057362
-1265.568300 -1055.451372
-1034.194024 -1264.273690
-104.901458 -1700.396474
258.009788 525.754434
923.096418 776.385058
3042.515280 1187.194456
3148.988080 -1332.853098
2044.494678 -1410.514472
3122.173442 135.011736
2843.245468 -152.448883
96.267548 376.075542
885.218906 269.707664
2601.093362 962.503754
3198.534182 -268.813405
-58.826214 370.495214
1707.435998 0.235171
1489.901092 1600.513556
435.637504 1283.778475
-403.518824 968.452129
-403.001532 481.805036
-3057.276082 180.234526
-1621.702848 635.972552
-1314.180828 394.766254
-2418.440624 -216.064632
-3380.537060 -354.672364
-2251.118632 -1100.387490
-2000.087774 206.425626
-1978.668814 -502.300518
-2255.771224 -1374.238370
-1967.240844 -1519.863062
-1844.436958 -1132.946411
-1980.865962 -1257.747081
-1609.179642 -852.127721
-534.497808 -2680.617408
86.431542 -597.599653
378.556790 -1538.776954
2357.385712 -232.898257
2265.606694 -2744.628030
1262.579690 -2832.400294
1598.068420 -653.679587
2372.026156 -365.512277
131.636678 739.994722
1114.180730 -211.323015
2635.251980 1063.644570
4219.935456 -391.895861
1125.419242 165.049863
2353.825008 -111.284569
1682.176094 1777.650996
776.181438 1622.504720
-155.884366 1640.990890
363.543218 -108.795677
-2041.276980 -518.565849
-1254.124486 -775.449335
-913.157318 453.768422
-1697.221640 -634.237281
-2652.706564 493.613566
-2279.346546 -911.861749
-1794.511370 751.218282
-1701.240606 -1022.352635
-2075.460210 -1703.584577
-2141.100880 -3010.924822
-1673.222499 -1189.258764
-1940.108875 -1596.509272
-1603.877397 -1292.559228
-247.059357 -2625.303509
659.471101 -364.519238
1104.296043 -1364.513057
3220.195313 -455.691362
3184.200917 -2920.859885
2178.663589 -2736.306991
2388.618639 -372.776204
2995.993923 -191.112544
798.410767 736.689619
1571.318429 -21.697580
3061.903811 1383.886079
4367.485443 15.837432
1116.239239 541.652602
2410.615183 349.590332
1954.530093 2573.273009
697.736959 2201.484373
-509.437935 1965.815807
-122.137935 -74.130788
-2535.582551 -486.387290
-1930.367433 -660.692914
-1986.296459 304.477309
-2964.823001 -850.007038
-3588.936675 141.804929
-3022.399153 -1176.426608
-2325.218323 297.126419
-2344.809393 -1499.071034
-2708.560011 -1979.667400
-2410.730473 -3006.233309
-1472.066959 -1493.242024
-1540.367447 -2052.235100
-1076.684623 -1451.088614
742.229647 -1714.542735
1238.659901 90.059208
2091.808115 293.226655
4659.197159 222.493808
4575.548331 -1225.222381
3482.562001 -1446.093236
4479.781461 156.482290
4135.169239 -354.826382
1061.069569 576.884574
2230.925499 764.335804
3231.383275 1477.314832
3878.313221 79.731002
747.498581 1155.157882
2192.427937 232.428268
1441.201553 2378.392966
171.181501 1391.536202
-1426.946239 1013.696926
-1245.750977 520.201454
-4057.690673 -101.033996
-3295.354889 261.304611
-3259.241469 -381.313948
-4134.857813 -657.961021
-4880.547507 -1040.718162
-4006.780487 -1546.099074
-3138.277591 -288.689020
-2866.179033 -1163.888459
-3129.139857 -1685.614477
-2180.253613 -2185.348369
-1700.009354 -2308.007457
-1671.921290 -2082.040354
-1190.834986 -2303.323243
612.432438 -3376.578689
864.328364 -85.205116
1838.459486 -410.999744
4506.417942 1021.538328
4353.880354 -2042.158548
3342.208202 -724.303644
4876.628008 106.109058
4237.717530 244.414442
1097.369206 526.737960
2480.827720 1254.625806
3416.406530 2058.962084
3879.199746 1266.739190
853.847256 1077.169708
2308.526658 663.079450
1360.148606 2103.713008
481.280680 2493.605324
-1170.756268 1453.369186
-1333.174748 1249.612012
-4018.392594 19.326484
-3029.334834 491.885024
-3115.225652 -228.516992
-3907.075510 -1201.930592
-4763.818072 -1688.522151
-4029.650516 -1566.223908
-3203.364580 -84.322508
-2869.542150 -1743.847786
-3274.959488 -3031.443529
-2352.675606 -2924.849416
-1871.634234 -2498.840958
-1702.040328 -2278.481806
-1182.179008 -2582.712404
784.394488 -3706.642632
1008.984668 -171.518772
1974.626840 -449.948492
4646.101408 1171.020116
4724.783806 -1958.835264
3708.474216 -526.201294
5353.118240 119.849394
4586.391990 319.087136
1425.734124 522.505456
2838.638506 1316.421148
3604.244632 2110.898638
3891.480826 1364.144172
842.599902 1157.179906
2199.196842 740.229700
1295.695766 2149.963930
578.001132 2599.790462
-1283.736216 1378.322072
-1553.559230 1408.132198
-4212.490876 106.932010
-3297.818420 748.717480
-3420.987668 -210.098528
-4142.860206 -1265.788544
-5100.458200 -1878.979266
-4368.192628 -1695.238382
-3427.074130 -230.048618
-3061.329542 -2026.841198
-3565.196276 -3336.793060
-2511.063228 -3069.453124
-1794.354008 -2757.453709
-1560.208636 -2462.457522
-1017.733532 -2842.531477
1094.481342 -3984.816283
1179.145898 -101.452472
2221.754066 -448.661612
4946.861152 1374.406778
5069.454656 -1977.977186
3974.886136 -309.589486
5851.591592 203.139896
4756.769638 331.935208
1446.919684 526.062066
2967.274952 1368.795130
3611.844750 2215.794486
3695.822700 1415.723624
617.794282 1117.067434
2034.432546 742.553248
1115.312714 2067.253870
474.373444 2608.486998
-1530.144902 1149.658262
-1915.954390 1448.245936
-4532.629284 73.590478
-3579.139146 838.046906
-3680.381540 -350.672046
-4335.812976 -1492.283908
-5322.283138 -2184.119171
-4473.423214 -1871.618958
-3469.728158 -343.301626
-3090.431188 -2247.493922
-3580.846498 -3641.055985
-2374.887296 -3211.840612
-1785.975020 -2879.303930
-1431.877892 -2622.321053
-1021.151304 -2983.806970
1167.730766 -4204.889834
1249.218704 -81.076459
2304.581066 -487.967659
4985.062796 1466.948642
5314.512964 -2039.133099
4074.591662 -293.920036
6034.888504 202.803153
4894.723536 388.124181
1512.284698 474.294303
2948.551194 1408.209098
3651.003258 2194.576688
3723.469274 1385.532880
491.295752 1023.763001
1924.961332 668.109113
1086.362384 2002.651039
434.897594 2575.672826
-1661.029522 1036.504319
-1988.287448 1420.956018
-4702.715642 -3.776119
-3658.955726 882.892304
-3754.774902 -441.248271
-4404.017082 -1565.752839
-5402.620900 -2330.956850
-4505.148380 -1971.888377
-3520.747186 -422.988467
-3072.564124 -2312.538701
-3570.951726 -3800.387056
-2337.306960 -3352.631683
-1762.053785 -2942.540663
-1325.982005 -2649.689496
-912.365245 -3121.869813
1368.665413 -4256.479521
1422.134863 -25.036402
2475.169269 -369.567402
5168.521997 1686.915129
5576.748979 -1878.324138
4338.503151 -47.663707
6350.815101 342.034458
5076.116797 537.009890
1681.007759 580.485724
3056.064561 1589.712915
3700.461135 2344.123351
3597.599585 1549.389859
364.925239 1096.495740
1748.181557 800.138110
948.244409 2070.805020
284.456631 2734.748639
-1824.163477 1042.292730
-2232.678461 1533.813881
-4936.843765 77.296758
-3907.153661 1046.112029
-3988.168179 -402.374688
-4647.204895 -1575.032398
-5631.629577 -2414.373757
-4623.711947 -2009.862444
-3657.070911 -506.378138
-3167.804135 -2421.867984
-3643.957047 -3917.853821
-2340.410071 -3332.275220
-1629.412538 -3016.055239
-1126.474126 -2680.262385
-698.876284 -3248.155559
1679.475892 -4300.136319
1532.932860 213.342021
2750.158688 -101.191665
5444.114468 2097.503664
5938.020604 -1523.113299
4735.035462 549.874884
6999.182428 688.669765
5276.278106 851.225907
1921.172096 834.070273
3278.724786 2070.545538
3678.801988 2744.833662
3229.950608 1934.769510
181.190210 1327.062399
1465.599972 986.184035
671.400138 2187.924361
12.219960 2940.831888
-2239.319566 1137.431103
-2714.249380 1935.548116
-5314.935520 351.085861
-4257.072940 1382.747552
-4371.245706 -394.836725
-5053.730764 -1502.915519
-5929.779190 -2560.786989
-4875.640238 -1842.206905
-3888.057480 -518.948829
-3313.310730 -2396.508971
-3683.595176 -4030.910599
-2294.652336 -3232.334349
-1674.334913 -3150.063589
-1097.301885 -2733.127176
-629.377955 -3389.238897
1702.700155 -4341.555261
1618.691583 217.099174
2862.659017 -49.490232
5519.300257 2200.582079
6122.318569 -1437.994300
4996.664351 602.150579
7200.384561 710.361088
5365.952117 834.664432
2057.472221 919.704528
3366.020241 2121.270169
3682.980181 2864.308413
3229.712997 1935.409001
181.072597 1346.132388
1421.408659 973.240924
628.717667 2203.508386
-69.093323 3044.749489
-2287.122839 1160.742264
-2863.891381 2073.948265
-5421.271125 371.695704
-4379.098441 1495.549669
-4429.175295 -446.551730
-5257.487279 -1557.920326
-6022.075885 -2613.615223
-5004.617981 -1872.603144
-4017.441355 -597.345436
-3462.388495 -2491.699640
-3709.368163 -4161.192257
-2342.572491 -3273.066522
-1590.787253 -3300.634269
-971.793333 -2860.331250
-601.062209 -3542.366237
1841.127569 -4420.079143
1713.270765 249.663718
3000.354871 -40.827946
5679.565211 2275.949173
6338.916343 -1443.257998
5159.665473 705.540605
7469.214515 708.000904
5444.390553 888.753566
2135.010903 981.436386
3452.381603 2252.182163
3694.455771 2892.698685
3120.843549 1959.248613
162.071783 1294.717522
1327.193131 983.560978
474.803303 2206.636624
-178.898347 3145.858075
-2393.142357 1102.576268
-3036.391817 2098.383783
-5539.597901 280.365728
-4533.395837 1523.648499
-4644.291871 -528.642192
-5408.294503 -1597.010760
-6140.238119 -2765.215773
-5110.101345 -1978.960276
-4115.203647 -692.096588
-3489.517189 -2612.272960
-3737.873351 -4265.797357
-2262.741899 -3306.818316
-1516.356327 -3511.289476
-892.737279 -2973.480256
-497.475015 -3769.123080
1969.944407 -4415.162620
1853.745795 277.520682
3140.178327 22.297354
5802.681269 2364.388699
6655.026421 -1386.924342
5444.650375 838.231807
7721.750997 730.418318
5548.995591 938.310702
2296.655453 1093.367294
3487.471859 2421.391557
3815.571619 3002.616475
2990.404903 1976.836017
115.750877 1221.213920
1220.996857 1063.046678
406.959523 2175.720050
-386.919217 3248.912639
-2544.733599 1044.009150
-3292.732483 2180.509053
-5671.847221 334.579636
-4738.164803 1568.808547
-4806.858843 -617.599424
-5601.639293 -1690.316720
-6283.420275 -2879.949342
-5222.262501 -1986.286818
-4280.732751 -851.595618
-3607.172373 -2671.721992
-3731.034039 -4460.536344
-2239.073377 -3289.505766
-1502.173807 -3682.576187
-759.832639 -3150.394636
-386.371107 -3920.356595
2095.233811 -4350.284923
1980.030533 278.986534
3303.618909 2.679050
5928.207313 2404.985117
6941.964375 -1320.275924
5773.592385 983.821413
7875.525053 705.805468
5644.405881 989.072180
2544.889841 1189.404272
3574.904683 2558.537505
3792.663867 3076.829525
2904.143787 1971.938935
53.823033 1269.294516
1203.154155 1138.282592
324.956481 2185.277788
-564.794377 3239.593779
-2714.888117 977.789064
-3485.162623 2303.775927
-5825.908723 337.415046
-4936.612543 1619.239167
-5032.692849 -795.173168
-5824.097161 -1772.780074
-6373.888875 -2943.027379
-5344.799943 -2086.128758
-4480.461795 -976.164662
-3697.389009 -2806.907430
-3712.101359 -4458.438517
-2168.103081 -3346.582186
-1395.986379 -3884.350001
-640.249947 -3199.500792
-241.700129 -4096.258565
2272.135733 -4317.121731
2079.296543 306.809204
3463.154969 -4.843498
5956.283203 2496.274461
7146.393995 -1200.490258
6004.756193 1130.245311
8081.703447 729.191608
5590.049889 914.523186
2766.108845 1306.724412
3586.983261 2657.880437
3747.139837 3137.841665
2711.247951 2014.192265
9.941183 1186.306074
1048.202973 1211.411074
255.852977 2074.427804
-802.532561 3276.317717
-2804.222035 865.789082
-3753.406711 2428.892149
-5862.148261 341.623132
-5084.293321 1668.666435
-5179.562213 -949.554322
-5969.591981 -1836.312782
-6357.556017 -3074.494523
-5451.020483 -2075.291966
-4569.242293 -1186.007944
-3742.887749 -2851.733434
-3660.225701 -4628.588655
-2116.633475 -3256.922206
-1267.253501 -3955.242657
-532.840855 -3279.601993
4.927237 -4222.333549
2464.806717 -4201.667037
2135.376271 284.926493
3597.724197 52.617687
5972.214075 2495.673717
7109.602103 -934.336635
6272.451997 1445.107761
8251.393489 762.873657
5481.110491 889.867851
2864.363935 1304.916199
3664.936897 2812.659819
3577.048735 3167.860573
2289.432109 2072.106697
-105.688389 1134.836667
873.744593 1217.816181
85.486375 1943.282347
-1027.384105 3132.984639
-2963.870439 732.476359
-3973.239243 2500.534457
-5907.025463 424.961017
-5185.652495 1713.544693
-5280.023235 -1072.282895
-6024.339777 -1955.900831
-6316.140381 -3164.319179
-5374.381491 -2011.050551
-4553.534385 -1278.526775
-3718.088189 -2976.353349
-3540.922865 -4644.142449
-1874.939333 -3199.840591
-1219.059180 -3916.517116
-445.791204 -3226.585406
197.803528 -4222.141028
2558.138038 -4150.135348
2102.191854 253.877318
3664.744598 -10.333556
5784.519094 2494.349280
6953.963192 -791.795720
6307.445844 1695.131634
8253.712274 778.516442
5343.131658 856.787246
2999.039782 1273.164986
3683.223876 2834.316732
3455.040464 3187.823150
2027.746290 2126.288784
-198.405024 1140.620200
751.372868 1269.064132
2.895246 1793.653828
-1107.910584 2977.092676
-3021.661128 590.378108
-4045.755946 2556.012592
-5840.516404 489.748558
-5172.515206 1742.455712
-5289.181938 -1124.543376
-5970.490220 -1989.563162
-6218.073370 -3179.273718
-5273.449760 -1922.012898
-4511.687356 -1343.709330
-3655.993456 -2950.337350
-3426.894698 -4611.632842
-1738.069698 -3087.158262
-1133.611770 -3869.699444
-352.054932 -3165.166511
315.118560 -4213.812508
2592.747330 -4042.446528
2090.338612 231.737453
3634.934874 -17.250991
5681.783160 2464.976658
6816.469600 -711.006153
6251.577420 1791.438870
8141.696650 818.309021
5193.397512 861.405069
3027.667422 1291.807273
3648.062248 2810.169626
3338.771172 3135.275946
1828.503096 2088.461272
-296.148984 1139.228733
644.787300 1287.428797
-70.406262 1711.777253
-1184.796324 2823.820552
-3023.947794 481.179037
-4068.770908 2497.464076
-5763.215594 491.581673
-5129.704538 1716.662544
-5242.920940 -1155.252439
-5903.595996 -1959.912981
-6072.579788 -3147.061302
-5134.852706 -1876.509661
-4403.975016 -1378.297759
-3549.492320 -2914.185355
-3252.163202 -4512.057234
-1641.271080 -2971.654685
-1174.425222 -3855.917839
-343.469422 -3112.259517
360.679296 -4147.333983
2606.209982 -4039.422409
2063.544590 217.930083
3649.343236 -119.488893
5622.682834 2421.777136
6751.078076 -682.649867
6166.136258 1814.879014
8069.126210 839.335889
5126.096592 856.755945
3110.311890 1289.861315
3703.516768 2785.862334
3309.382446 3054.665688
1792.466150 2156.687296
-260.031614 1157.675193
619.321192 1384.147547
-42.525982 1634.485791
-1210.519088 2767.559674
-3012.246818 438.511325
-4045.670654 2507.261436
-5707.481810 489.976151
-5112.021186 1657.996806
-5262.757790 -1129.292349
-5842.123536 -1941.037129
-6064.934714 -3081.425737
-5110.426644 -1857.130829
-4372.010430 -1413.494597
-3490.108000 -2881.696029
-3263.451980 -4502.621477
-1631.270882 -2895.508309
-1170.401702 -3705.972043
-298.635396 -3078.545797
407.932564 -4007.844059
2730.898342 -3947.550453
2071.326794 247.318703
3684.925766 -107.357069
5615.558288 2415.712026
6751.904724 -583.225977
6093.371534 1927.728048
7989.832466 899.504595
5075.961194 935.806639
3093.935516 1272.479175
3747.145510 2834.406574
3291.931368 3053.353800
1627.326266 2264.230188
-286.449082 1224.067225
602.947110 1485.468763
-98.570952 1605.946039
-1271.837606 2792.356680
-3078.587554 426.820803
-4080.057146 2547.586446
-5707.663824 541.590197
-5096.070378 1635.283678
-5267.591454 -1147.900607
-5879.244030 -1914.926611
-6110.985550 -2984.249155
-5012.814208 -1741.421155
-4335.610960 -1428.241087
-3422.181632 -2917.326897
-3262.281398 -4443.389871
-1572.129880 -2805.393123
-1126.883040 -3466.211758
-168.612440 -3036.039747
488.455616 -3954.553850
2658.509712 -3840.456908
1977.629768 406.318031
3656.318050 -24.291717
5278.907194 2245.289408
6490.990486 -566.051579
5982.687772 2024.999782
7869.487740 898.955447
4690.297040 909.502015
2874.296590 1127.325161
3757.157874 2866.013898
3180.225890 2974.800860
1294.626496 2136.096970
-391.887230 1223.404417
511.899084 1462.142131
-81.723140 1598.325241
-1176.676460 2632.017732
-3065.400222 250.303681
-4027.928550 2534.727496
-5568.862388 564.923765
-4850.566026 1747.392560
-5035.017424 -1239.008911
-5803.703092 -1971.118163
-5855.940226 -3019.358000
-4772.080042 -1558.488985
-4216.980602 -1354.998185
-3294.566174 -2835.548101
-3036.023074 -4353.815132
-1406.986278 -2635.865531
-1115.130423 -3536.772578
-325.110895 -2997.756881
492.139681 -4000.995710
2574.933293 -3961.814850
1751.551989 291.473409
3360.081057 -28.004461
5049.987223 2380.817543
6162.115869 -422.491769
5790.659959 2079.714821
7823.012923 848.557253
4638.381337 718.329205
2757.269815 1187.550461
3658.331111 2862.850997
3045.973107 3089.957973
1218.067609 2237.009309
-249.555315 1082.135173
597.033669 1320.132027
-92.699871 1295.431411
-1080.450633 2436.767983
-2954.468083 135.659767
-4125.090901 2512.577357
-5399.561253 703.729163
-4758.419061 1736.341203
-4967.870645 -1048.956507
-5361.954425 -1878.158153
-5498.162289 -2871.600322
-4579.521589 -1463.703383
-3983.681167 -1197.784387
-3191.673865 -2614.349113
-3064.787173 -4212.990116
-1384.238879 -2457.580671
-771.992170 -3527.101881
155.537768 -3025.136469
856.804468 -3845.580823
3003.349998 -3805.990665
2150.877808 501.457735
3772.451382 159.497661
5531.602884 2517.130038
6545.572646 -184.455459
5973.082766 2310.036692
7983.783054 1103.800479
4735.869250 1005.843733
2789.716292 1298.318119
3712.325696 2909.981958
2696.887994 3011.338426
757.308024 2269.250256
-622.200224 1314.074845
117.228204 1459.516843
-561.443662 1424.101719
-1394.572584 2468.962298
-3348.609196 119.053493
-4373.793634 2522.932500
-5668.387914 581.434829
-5110.888716 1651.918532
-5289.523804 -1193.664845
-5691.854378 -1945.342237
-5712.180948 -3115.140731
-4692.665416 -1739.360195
-3980.125496 -1457.225227
-3030.977408 -2822.592349
-2835.389252 -4221.872221
-1137.035476 -2515.128291
-742.612938 -3454.090257
38.260044 -2937.558822
730.001804 -3743.022383
2854.773286 -3814.230951
2021.182340 436.676728
3495.468602 -39.250138
5266.910766 2291.635116
6176.504774 -540.040534
5565.343792 1995.709578
7568.366322 947.601830
4400.947650 842.875324
2448.683540 1204.227310
3624.655942 2548.994070
2725.747376 2722.046410
920.604972 1859.475400
-643.482214 1098.921182
205.148950 1205.120902
-554.506182 1297.984350
-1207.380492 2264.238206
-3098.141130 -93.370480
-4121.305792 2219.002184
-5381.810088 395.094144
-4643.884512 1478.492066
-4866.505344 -1209.636288
-5297.957590 -2038.814102
-5372.603330 -2997.730813
-4476.564438 -1747.000156
-3734.388496 -1300.141422
-2770.482296 -2839.157426
-2696.227996 -4240.060851
-1091.645060 -2559.481104
-882.578621 -3358.210552
-140.777635 -2817.298667
524.948379 -3665.080752
2707.811777 -3847.865448
1872.000395 424.396953
3358.162565 -44.972407
5166.912953 2294.102547
6065.910127 -640.532971
5427.262679 1843.822269
7491.374763 903.567805
4353.854937 861.093275
2433.427703 1250.250357
3624.810175 2556.889343
2879.869769 2683.702571
1192.089895 1859.610429
-471.499451 1041.671223
281.865943 1244.112725
-439.393677 1441.613959
-1046.535983 2434.806241
-2907.647829 65.923241
-3937.242407 2209.371811
-5232.467461 401.369627
-4510.393617 1511.010961
-4788.898137 -1067.984301
-5210.948779 -1857.819851
-5400.113553 -2883.384544
-4548.873523 -1638.121891
-3764.121733 -1223.564617
-2829.756369 -2754.679249
-2815.420241 -4209.368140
-1247.883113 -2524.293515
-847.929113 -3281.004489
-92.561499 -2773.204721
515.277647 -3649.364829
2709.559845 -3807.560949
1892.897579 489.887399
3423.728307 -38.290659
5154.140927 2232.588085
6067.827243 -734.642625
5408.497119 1851.398285
7461.453797 920.433545
4317.270589 872.394021
2447.289533 1193.788645
3631.927845 2470.282845
2892.793249 2666.771743
1183.165173 1839.820219
-524.951189 1059.720271
251.772457 1272.107173
-423.876107 1502.581283
-993.498575 2516.070957
-2905.034799 70.964933
-3918.486407 2225.218115
-5143.085927 356.232963
-4456.596025 1526.069245
-4794.503933 -1107.671619
-5277.591319 -1889.514761
-5464.948519 -2920.982167
-4589.624691 -1657.866549
-3758.535337 -1246.524039
-2835.228471 -2818.786321
-2858.454399 -4237.806723
-1237.477499 -2507.142279
-823.125719 -3456.859110
58.415715 -3076.688817
627.743643 -3871.580886
2885.412225 -3958.174122
2006.814945 491.540291
3579.413731 -170.779321
5279.680295 2218.960975
6404.098885 -816.543065
5717.025729 1950.998495
7675.602957 853.140877
4414.412585 906.728969
2667.092357 1191.232237
3840.624987 2552.446805
2950.325455 2619.992067
1070.151535 1786.220965
-630.554501 1014.033503
224.877205 1310.833889
-517.667433 1452.885113
-1074.956901 2429.566739
-3113.363053 -98.335631
-4104.839633 2201.857929
-5332.963377 343.880701
-4572.115363 1479.206047
-5050.743603 -1326.934961
-5488.463801 -2084.085717
-5649.801509 -3068.155506
-4676.813561 -1776.141155
-3940.249201 -1462.399973
-2875.330913 -3060.069843
-2852.474439 -4387.652302
-1171.549641 -2607.093091
-881.800269 -3741.397977
69.918549 -3243.045573
667.516415 -4081.413617
2928.571767 -4022.247241
2109.273253 458.088349
3662.683071 -136.077725
5439.501901 2278.984289
6794.728283 -719.536575
5974.520151 1956.781117
7890.143081 881.892139
4589.911379 952.441101
2865.569685 1298.081901
3926.130635 2649.418093
3067.740739 2630.484137
1039.021531 1771.680473
-599.229747 960.482877
159.207359 1340.045157
-506.519063 1394.772653
-1242.563401 2462.005361
-3232.058189 -116.018405
-4306.920757 2324.267111
-5446.889757 379.562073
-4783.344865 1528.929019
-5160.666239 -1423.431399
-5648.292157 -2106.265103
-5786.932055 -3131.998885
-4857.517793 -1796.494111
-4055.905927 -1626.944275
-3008.161811 -3139.452111
-2888.068813 -4610.364657
-1236.698869 -2679.628189
-782.021310 -3849.329550
150.257120 -3308.212927
768.119584 -4103.561350
3022.970522 -4022.768406
2259.092870 458.408069
3757.228354 -146.056275
5553.784320 2354.598562
6964.806340 -619.668097
6125.193044 2046.161112
8005.833942 953.576369
4689.881078 970.474701
2917.685020 1372.498343
3920.004192 2728.753872
3046.594836 2677.217436
940.666040 1802.308120
-691.569044 984.184631
112.489676 1325.609737
-642.291840 1361.613183
-1424.951236 2411.031776
-3333.061576 -89.517209
-4449.560700 2311.863058
-5633.152826 421.098131
-4875.555460 1491.687598
-5273.049874 -1496.830213
-5764.516424 -2174.451919
-5824.047060 -3206.799986
-4921.681232 -1809.185779
-4116.182846 -1693.761315
-3009.511666 -3146.471931
-2777.865236 -4722.680286
-1211.804286 -2732.582977
