0 0.000000 558.301323 -338.955438 653.139462 -0.545638 -11.408594 0
1 1500.000000 568.277310 -303.991775 644.476610 -0.491204 23.818035 1
2 3000.000000 808.218477 137.387064 819.812364 0.168378 525.969723 1
3 4500.000000 569.611323 120.624979 582.243459 0.208684 391.244961 1
4 6000.000000 763.509432 -320.294929 827.970709 -0.397206 108.124342 1
5 7500.000000 805.788795 12.872144 805.891602 0.015973 417.197884 1
6 9000.000000 846.107082 226.764146 875.967564 0.261855 622.261561 1
7 10500.000000 554.070960 81.939128 560.097000 0.146821 349.999177 1
8 12000.000000 881.124219 17.299369 881.294025 0.019631 458.987341 1
9 13500.000000 953.542624 529.935814 1090.905817 0.507251 938.262804 1
10 15000.000000 797.078490 417.138301 899.632415 0.482140 761.985502 1
11 16500.000000 798.955545 190.053486 821.249225 0.233537 566.791259 1
12 18000.000000 951.263238 103.342218 956.860158 0.108212 568.651995 1
13 19500.000000 886.800108 366.213762 959.440958 0.391629 763.215893 1
14 21000.000000 503.626009 47.619411 505.872282 0.094273 294.934282 1
15 22500.000000 213.298151 -93.932403 233.065222 -0.414826 26.359952 1
16 24000.000000 -65.096790 -231.509631 240.487632 -1.844903 -232.767774 0
17 25500.000000 13.478287 -223.262961 223.669430 -1.510500 -186.046711 0
18 27000.000000 53.359543 -147.553594 156.905398 -1.223800 -100.555900 0
19 28500.000000 -97.387153 -22.810557 100.022893 -2.911515 -68.780749 0
20 30000.000000 130.531387 93.404072 160.507831 0.621098 146.457697 1
21 31500.000000 149.054537 -295.535707 330.996388 -1.103672 -180.146840 0
22 33000.000000 337.012757 -448.699106 561.167076 -0.926599 -217.716674 0
23 34500.000000 335.883232 -436.993338 551.163064 -0.915482 -208.175267 0
24 36000.000000 157.546241 -359.153921 392.189185 -1.157413 -230.816442 0
25 37500.000000 26.632667 -463.727345 464.491496 -1.513428 -387.114058 0
26 39000.000000 159.599882 -714.055340 731.674211 -1.350899 -536.320853 0
27 40500.000000 331.888568 -438.499499 549.938026 -0.922911 -211.489308 0
28 42000.000000 185.220931 -296.704488 349.771850 -1.012729 -162.930184 0
29 43500.000000 522.378232 -290.670136 597.802765 -0.507771 12.193362 1
30 45000.000000 304.354879 -369.854619 478.982600 -0.882245 -166.074289 0
0 0.000000 546.792462 -342.246208 645.069348 -0.559258 -234.981860 0
1 1500.000000 565.061882 -294.925563 637.397849 -0.481041 -185.095136 0
2 3000.000000 697.463673 119.946390 707.702418 0.170309 247.127594 1
3 4500.000000 529.233925 119.469796 542.550992 0.222020 215.481692 1
4 6000.000000 826.468942 -316.747619 885.087548 -0.365987 -158.093303 0
5 7500.000000 822.824897 75.250492 826.258705 0.091200 226.438825 1
6 9000.000000 803.811975 266.836741 846.944826 0.320518 411.182584 1
7 10500.000000 525.501479 147.512521 545.812925 0.273665 242.346906 1
8 12000.000000 812.506301 52.021721 814.169976 0.063939 201.700133 1
9 13500.000000 929.980149 625.274523 1120.638794 0.591929 786.793502 1
10 15000.000000 737.128578 487.857534 883.947688 0.584650 616.016349 1
11 16500.000000 731.367229 318.862785 797.854309 0.411135 448.881385 1
12 18000.000000 908.108983 263.622939 945.599799 0.282533 427.353537 1
13 19500.000000 1025.485230 550.400317 1163.855861 0.492592 730.916051 1
14 21000.000000 696.411264 204.568319 725.835275 0.285710 330.088565 1
15 22500.000000 405.738142 89.108089 415.407862 0.216188 162.758807 1
16 24000.000000 124.370946 -49.363285 133.809065 -0.377834 -25.458827 0
17 25500.000000 136.068561 -35.407200 140.599869 -0.254570 -9.576618 0
18 27000.000000 260.008414 46.336947 264.105070 0.176362 93.720900 1
19 28500.000000 158.570325 9.363464 158.846537 0.058981 38.588668 1
20 30000.000000 254.372805 164.382802 302.865035 0.573719 208.677397 1
21 31500.000000 321.170666 -294.185686 435.540829 -0.741574 -229.567774 0
22 33000.000000 415.276358 -473.258968 629.625686 -0.850562 -388.098590 0
23 34500.000000 653.878565 -186.945495 680.077786 -0.278474 -62.525467 0
24 36000.000000 357.187796 -470.892427 591.035363 -0.921856 -396.538442 0
25 37500.000000 204.292619 -594.573404 628.691504 -1.239839 -546.412524 0
26 39000.000000 272.862530 -735.020298 784.033672 -1.215334 -671.718559 0
27 40500.000000 443.807961 -520.223419 683.811313 -0.864499 -428.961784 0
28 42000.000000 356.198222 -468.366117 588.425010 -0.920601 -394.239290 0
29 43500.000000 662.988606 -367.358831 757.962006 -0.505982 -238.125137 0
30 45000.000000 281.429277 -454.718878 534.763215 -1.016590 -394.685190 0
0 0.000000 532.461489 -359.899154 642.683933 -0.594379 -184.443972 0
1 1500.000000 580.868563 -258.920658 635.962416 -0.419312 -73.616809 0
2 3000.000000 522.479939 262.428032 584.682614 0.465465 406.497489 1
3 4500.000000 395.457097 101.088146 408.172915 0.250264 214.584073 1
4 6000.000000 850.706985 -323.577245 910.167352 -0.363464 -54.730573 0
5 7500.000000 841.659063 28.015035 842.125181 0.033273 278.111844 1
6 9000.000000 718.089547 312.773829 783.249683 0.410784 512.967443 1
7 10500.000000 515.529626 186.470137 548.217026 0.347065 331.930675 1
8 12000.000000 833.031280 160.526282 848.357119 0.190368 401.998116 1
9 13500.000000 796.536926 549.112796 967.468830 0.603560 761.948924 1
10 15000.000000 627.312662 419.689759 754.758683 0.589636 587.891435 1
11 16500.000000 699.249923 339.594919 777.351378 0.452107 532.937584 1
12 18000.000000 856.782290 245.084555 891.146639 0.278612 489.790572 1
13 19500.000000 872.746560 352.080202 941.088214 0.383448 596.670665 1
14 21000.000000 663.606671 -39.638354 664.789450 -0.059661 160.368015 1
15 22500.000000 273.733388 -95.150317 289.799155 -0.334537 -9.052387 0
16 24000.000000 38.403272 -201.246443 204.877871 -1.382236 -180.591276 0
17 25500.000000 -21.789096 -89.770800 92.377276 -1.808911 -92.181112 0
18 27000.000000 3.319073 21.347307 21.603790 1.416552 21.364259 1
19 28500.000000 -84.591715 -10.319651 85.218856 -3.020199 -35.113360 0
20 30000.000000 18.217558 383.548320 383.980720 1.523335 371.483192 1
21 31500.000000 52.580718 -78.864620 94.785865 -0.982756 -59.560935 0
22 33000.000000 226.442681 -279.740459 359.904171 -0.890305 -199.341530 0
23 34500.000000 384.809878 0.651559 384.810429 0.001693 115.551694 1
24 36000.000000 86.943681 -234.343445 249.952103 -1.215529 -197.680247 0
25 37500.000000 -48.600291 -356.040673 359.342384 -1.706460 -354.305372 0
26 39000.000000 81.604476 -376.734116 385.470991 -1.357482 -335.166495 0
27 40500.000000 188.095427 -272.485675 331.101696 -0.966614 -203.870918 0
28 42000.000000 144.966078 -280.384442 315.643151 -1.093621 -224.290464 0
29 43500.000000 596.281697 -61.217831 599.415954 -0.102308 119.665756 1
30 45000.000000 254.423006 -12.869928 254.748309 -0.050542 63.705152 1
0 0.000000 444.047781 -70.005502 449.532204 -0.156366 -105.696874 0
1 1500.000000 515.129171 10.809351 515.242569 0.020981 -30.896932 0
2 3000.000000 407.164114 562.348989 694.275883 0.944117 527.568876 1
3 4500.000000 279.989558 355.198360 452.283127 0.903253 331.384797 1
4 6000.000000 704.287540 -159.338082 722.086950 -0.222494 -215.788520 0
5 7500.000000 740.779432 377.890638 831.598161 0.471715 316.727570 1
6 9000.000000 534.369729 621.151976 819.378292 0.860360 575.888977 1
7 10500.000000 365.630635 382.018860 528.795017 0.807314 351.189549 1
8 12000.000000 602.788105 377.432858 711.202546 0.559422 327.433961 1
9 13500.000000 659.242016 925.849009 1136.572225 0.952035 869.486011 1
10 15000.000000 479.435218 776.489135 912.575205 1.017652 735.160923 1
11 16500.000000 658.945339 648.411487 924.470884 0.777341 592.981731 1
12 18000.000000 760.942701 587.306788 961.229971 0.657317 523.826316 1
13 19500.000000 821.875102 600.061964 1017.621268 0.630652 531.610624 1
14 21000.000000 676.032681 176.751774 698.757022 0.255730 121.485521 1
15 22500.000000 398.117227 70.649208 404.337281 0.175630 38.212376 1
16 24000.000000 75.785427 -135.447493 155.207778 -1.060674 -141.134179 0
17 25500.000000 45.618548 -62.657537 77.504960 -0.941484 -66.142457 0
18 27000.000000 118.405449 70.392967 137.749847 0.536371 60.583979 1
19 28500.000000 30.020469 51.715676 59.797490 1.044845 49.117713 1
20 30000.000000 246.386279 310.658987 396.503726 0.900272 289.709697 1
21 31500.000000 329.374347 -74.259249 337.641669 -0.221748 -100.660288 0
22 33000.000000 400.815694 -202.995408 449.288722 -0.468799 -234.753717 0
23 34500.000000 629.810318 -43.497294 631.310583 -0.068955 -94.302616 0
24 36000.000000 347.842813 -407.051099 535.429939 -0.863671 -433.855470 0
25 37500.000000 116.084265 -448.717687 463.490150 -1.317644 -456.637629 0
26 39000.000000 216.269913 -462.633652 510.688331 -1.133505 -478.612405 0
27 40500.000000 331.044989 -375.912306 500.900037 -0.848779 -401.459885 0
28 42000.000000 287.497341 -277.085087 399.287949 -0.766958 -299.433808 0
29 43500.000000 648.527009 -205.226994 680.224523 -0.306480 -257.016349 0
30 45000.000000 316.139116 -229.049064 390.393922 -0.626993 -253.872161 0
0 0.000000 487.339930 -128.949222 504.111208 -0.258670 -131.886236 0
1 1500.000000 677.466616 -41.621910 678.743987 -0.061360 -45.707249 0
2 3000.000000 570.307641 496.256933 755.990575 0.716080 492.808133 1
3 4500.000000 435.800908 354.639997 561.864716 0.683079 352.005042 1
4 6000.000000 841.951269 -111.620755 849.318039 -0.131805 -116.696899 0
5 7500.000000 806.140479 309.122261 863.376537 0.366167 304.254454 1
6 9000.000000 720.976523 512.807634 884.747883 0.618249 508.449783 1
7 10500.000000 581.998753 300.255913 654.886373 0.476290 296.740164 1
8 12000.000000 771.981053 247.692291 810.744237 0.310476 243.031632 1
9 13500.000000 676.973482 632.967931 926.790967 0.751817 628.873296 1
10 15000.000000 621.826935 434.486011 758.582119 0.609870 430.727599 1
11 16500.000000 672.417612 291.469571 732.871036 0.409019 287.408626 1
12 18000.000000 726.684429 246.736751 767.430312 0.327324 242.349313 1
13 19500.000000 712.094760 524.029286 884.129877 0.634415 519.724800 1
14 21000.000000 547.500648 52.283375 549.991373 0.095206 48.980209 1
15 22500.000000 195.239366 9.244758 195.458117 0.047316 8.067016 1
16 24000.000000 -113.654979 -176.240365 209.709610 -2.143568 -175.551657 0
17 25500.000000 -162.935675 -212.847223 268.052186 -2.224147 -211.860616 0
18 27000.000000 -74.983701 60.164295 96.136870 2.465411 60.615460 1
19 28500.000000 -132.683912 57.557969 144.630358 2.732294 58.357196 1
20 30000.000000 42.709321 268.222691 271.601727 1.412891 267.960214 1
21 31500.000000 179.712594 -187.684674 259.850252 -0.807094 -188.765185 0
22 33000.000000 363.896176 -339.018502 497.346933 -0.750021 -341.207152 0
23 34500.000000 606.998652 -35.303728 608.024437 -0.058096 -38.964159 0
24 36000.000000 259.268843 -432.103320 503.918259 -1.030365 -433.659224 0
25 37500.000000 83.286612 -600.528159 606.276117 -1.432986 -601.019574 0
26 39000.000000 272.965761 -553.706025 617.333515 -1.112781 -555.342329 0
27 40500.000000 297.571240 -457.901789 546.097694 -0.994521 -459.688242 0
28 42000.000000 287.077162 -328.958565 436.608560 -0.853279 -330.684069 0
29 43500.000000 568.471140 -83.975829 574.640215 -0.146662 -87.402999 0
30 45000.000000 336.892208 -168.414378 376.642752 -0.463572 -170.443258 0
0 0.000000 443.740441 -105.909071 456.204241 -0.234290 -96.930143 0
1 1500.000000 640.768939 -234.513177 682.335154 -0.350846 -221.530826 0
2 3000.000000 578.957228 332.267055 667.527429 0.521012 343.886189 1
3 4500.000000 364.224444 168.616726 401.361490 0.433569 175.934606 1
4 6000.000000 710.363876 -292.429938 768.200563 -0.390519 -278.030942 0
5 7500.000000 794.994644 196.993244 819.037742 0.242899 213.000873 1
6 9000.000000 795.108812 293.891249 847.685136 0.354049 309.881440 1
7 10500.000000 483.655331 132.461753 501.466444 0.267321 142.197834 1
8 12000.000000 669.945394 161.018481 689.023789 0.235872 174.509196 1
9 13500.000000 517.425269 730.680950 895.334328 0.954627 740.976818 1
10 15000.000000 470.848423 494.832537 683.050128 0.810230 504.236261 1
11 16500.000000 516.857445 434.298934 675.097906 0.698817 444.643730 1
12 18000.000000 783.385277 437.767466 897.403391 0.509586 453.491689 1
13 19500.000000 738.642649 591.664827 946.393275 0.675360 606.454517 1
14 21000.000000 591.048973 135.944906 606.481579 0.226074 147.848125 1
15 22500.000000 355.321508 -7.857111 355.408368 -0.022109 -0.682987 0
16 24000.000000 148.864400 -220.838418 266.327273 -0.977674 -217.788442 0
17 25500.000000 53.727996 -136.106617 146.327403 -1.194825 -134.994331 0
18 27000.000000 89.716041 78.183854 119.002869 0.716821 79.978932 1
19 28500.000000 118.282752 16.889677 119.482511 0.141832 19.273893 1
20 30000.000000 236.709169 383.342657 450.536151 1.017618 388.042761 1
21 31500.000000 341.358669 -17.013721 341.782398 -0.049800 -10.119585 0
22 33000.000000 628.509837 -252.493205 677.331111 -0.382000 -239.754652 0
23 34500.000000 822.176842 -22.196146 822.476399 -0.026990 -5.595155 0
24 36000.000000 437.726274 -433.465172 616.032748 -0.780507 -424.540904 0
25 37500.000000 291.825786 -651.720507 714.074162 -1.149792 -645.696916 0
26 39000.000000 366.449715 -513.626741 630.949936 -0.951097 -506.124928 0
27 40500.000000 351.598025 -358.004333 501.785087 -0.794426 -350.834026 0
28 42000.000000 318.311497 -277.808588 422.492391 -0.717558 -271.326544 0
29 43500.000000 727.326298 -102.750587 734.548315 -0.140343 -88.047836 0
30 45000.000000 349.882302 -96.350736 362.906448 -0.268720 -89.268376 0
0 0.000000 526.374147 -114.717664 538.729881 -0.214584 -111.029111 0
1 1500.000000 725.066685 25.214249 725.504967 0.034761 30.290643 1
2 3000.000000 485.969727 508.902456 703.667738 0.808445 512.292804 1
3 4500.000000 325.490944 372.390572 494.589823 0.852500 374.660573 1
4 6000.000000 761.306260 -91.513987 766.786822 -0.119633 -86.180978 0
5 7500.000000 821.718035 371.463356 901.779105 0.424563 377.208027 1
6 9000.000000 616.273227 505.787563 797.253880 0.687248 510.090389 1
7 10500.000000 498.041357 299.754137 581.289718 0.541790 303.234139 1
8 12000.000000 772.774788 333.900850 841.825784 0.407853 339.303734 1
9 13500.000000 629.396883 816.578937 1030.990590 0.914133 820.966037 1
10 15000.000000 542.696448 601.080434 809.825366 0.836399 604.865730 1
11 16500.000000 632.795583 496.144468 804.107942 0.664940 500.563222 1
12 18000.000000 836.886891 438.715680 944.907993 0.482838 444.564916 1
13 19500.000000 729.005883 509.387346 889.339668 0.609881 514.479452 1
14 21000.000000 574.517325 97.884037 582.796226 0.168756 101.904483 1
15 22500.000000 276.468148 -32.049673 278.319633 -0.115410 -30.113021 0
16 24000.000000 152.925268 -207.307517 257.609286 -0.935231 -206.231632 0
17 25500.000000 186.742513 -91.721795 208.052046 -0.456556 -90.411951 0
18 27000.000000 143.630534 -11.278421 144.072666 -0.078363 -10.272425 0
19 28500.000000 50.504120 -127.230476 136.887764 -1.192922 -126.873720 0
20 30000.000000 272.881116 205.140592 341.389464 0.644625 207.046312 1
21 31500.000000 351.069710 -72.144841 358.405942 -0.202678 -69.684836 0
22 33000.000000 451.867049 -302.455996 543.749445 -0.589856 -299.284550 0
23 34500.000000 669.981458 42.136337 671.305166 0.062809 46.826602 1
24 36000.000000 297.907761 -379.182762 482.212195 -0.904862 -377.087477 0
25 37500.000000 116.500338 -519.179536 532.089954 -1.350060 -518.351057 0
26 39000.000000 332.210943 -470.486633 575.952934 -0.955988 -468.148914 0
27 40500.000000 290.142149 -198.378802 351.477760 -0.599723 -196.342326 0
28 42000.000000 140.969887 -129.520373 191.436767 -0.743095 -128.530108 0
29 43500.000000 565.844485 47.814542 567.861085 0.084301 51.775487 1
30 45000.000000 286.566468 4.599871 286.603384 0.016050 6.606334 1
0 0.000000 447.507294 25.666924 448.242757 0.057293 -204.510136 0
1 1500.000000 524.239988 132.731879 540.782134 0.247978 -151.053146 0
2 3000.000000 424.705061 649.090428 775.688580 0.991399 344.595635 1
3 4500.000000 266.035555 417.401573 494.973726 1.003357 225.176803 1
4 6000.000000 830.274834 64.673322 832.789853 0.077737 -364.730375 0
5 7500.000000 748.120985 446.560146 871.264008 0.538144 6.165164 1
6 9000.000000 556.770828 681.845828 880.288298 0.886037 305.954292 1
7 10500.000000 324.468819 421.883132 532.226823 0.915185 199.447341 1
8 12000.000000 664.976886 448.392460 802.028713 0.593267 49.853772 1
9 13500.000000 415.497175 875.980308 969.525349 1.127901 544.898652 1
10 15000.000000 411.652196 674.619598 790.296863 1.022911 373.219270 1
11 16500.000000 443.485637 582.375180 732.011175 0.919968 277.557783 1
12 18000.000000 657.348061 587.386070 881.549130 0.729251 173.567018 1
13 19500.000000 548.329036 717.360620 902.923580 0.918162 340.852904 1
14 21000.000000 412.085007 215.858560 465.197776 0.482522 -22.574413 0
15 22500.000000 127.219403 95.239458 158.919259 0.642620 17.691057 1
16 24000.000000 -23.745092 -97.684457 100.529014 -1.809251 -72.204282 0
17 25500.000000 25.283741 15.633863 29.726844 0.553793 0.675511 1
18 27000.000000 -57.596533 120.417536 133.483121 2.016939 133.002059 1
19 28500.000000 -129.848231 125.818864 180.806387 2.371953 174.251610 1
20 30000.000000 24.774556 394.424165 395.201468 1.508067 327.551750 1
21 31500.000000 152.091204 142.348468 208.314235 0.752321 45.715176 1
22 33000.000000 291.102787 33.374050 293.009658 0.114149 -118.652842 0
23 34500.000000 625.778533 337.207513 710.849969 0.494251 -26.165169 0
24 36000.000000 333.737334 -27.958428 334.906378 -0.083579 -193.130250 0
25 37500.000000 115.247659 -204.320840 234.582669 -1.057228 -234.546752 0
26 39000.000000 322.089133 -223.266217 391.904597 -0.606135 -355.638424 0
27 40500.000000 396.487691 4.827987 396.517085 0.012176 -196.639780 0
28 42000.000000 282.605799 151.763928 320.777691 0.492820 -12.265828 0
29 43500.000000 679.664436 267.126732 730.274220 0.374481 -113.884245 0
30 45000.000000 359.099319 63.344529 364.643456 0.174602 -127.247407 0
0 0.000000 512.920843 219.399217 557.874365 0.404193 -187.137336 0
1 1500.000000 595.096239 230.497110 638.175878 0.369534 -234.778448 0
2 3000.000000 486.240560 620.782288 788.543297 0.906340 125.681281 1
3 4500.000000 196.881780 457.212442 497.800816 1.164181 202.032041 1
4 6000.000000 779.745154 175.671816 799.289117 0.221594 -400.391953 0
5 7500.000000 743.558452 507.927104 900.482712 0.599296 -131.874656 0
6 9000.000000 560.289032 605.810746 825.185107 0.824416 64.416784 1
7 10500.000000 273.104513 429.044679 508.591596 1.003941 129.602438 1
8 12000.000000 565.055558 479.221071 740.905270 0.703387 -31.764453 0
9 13500.000000 289.854199 863.420887 910.774991 1.246913 437.160505 1
10 15000.000000 288.647321 670.149559 729.669588 1.164090 296.075366 1
11 16500.000000 379.568952 656.728153 758.527822 1.046733 224.493711 1
12 18000.000000 587.208765 595.726314 836.483099 0.792598 38.736554 1
13 19500.000000 487.228494 724.411268 873.019640 0.978707 201.097476 1
14 21000.000000 421.057427 335.307942 538.257163 0.672510 -39.667621 0
15 22500.000000 163.480130 161.651181 229.906192 0.779773 7.700409 1
16 24000.000000 -20.331800 60.196427 63.537327 1.896523 58.001078 1
17 25500.000000 -68.564041 132.098812 148.832536 2.049557 143.538760 1
18 27000.000000 -99.235094 211.010819 233.180551 2.010390 222.300663 1
19 28500.000000 -149.148036 116.882771 189.490683 2.476889 187.075815 1
20 30000.000000 16.605309 419.209088 419.537836 1.531206 296.520019 1
21 31500.000000 137.445937 106.147028 173.662250 0.657610 -15.377290 0
22 33000.000000 325.001362 -8.193828 325.104636 -0.025206 -226.661814 0
23 34500.000000 574.330562 288.647181 642.785182 0.465710 -177.985291 0
24 36000.000000 232.114653 -83.108014 246.544426 -0.343826 -218.604187 0
25 37500.000000 76.029509 -251.286780 262.536725 -1.276992 -236.117816 0
26 39000.000000 245.050896 -200.212321 316.441014 -0.685035 -313.367516 0
27 40500.000000 308.370134 15.438681 308.756365 0.050024 -198.019196 0
28 42000.000000 160.419871 88.758039 183.337188 0.505362 -43.741872 0
29 43500.000000 550.369676 324.954072 639.141556 0.533352 -135.060677 0
30 45000.000000 255.233905 111.142888 278.382987 0.410693 -91.676286 0
0 0.000000 411.712726 252.635026 483.044330 0.550374 -120.386016 0
1 1500.000000 489.398732 281.747397 564.705866 0.522361 -156.000607 0
2 3000.000000 359.302031 651.990853 744.439401 1.067121 194.881220 1
3 4500.000000 118.852905 443.357320 459.011684 1.308880 222.726790 1
4 6000.000000 724.732919 210.181922 754.595418 0.282269 -374.932259 0
5 7500.000000 591.260804 531.391613 794.963134 0.732120 -55.706613 0
6 9000.000000 438.725345 677.737110 807.345972 0.996294 155.677888 1
7 10500.000000 205.629706 476.284045 518.777474 1.163233 183.227931 1
8 12000.000000 513.469472 556.551327 757.231984 0.825639 17.707645 1
9 13500.000000 198.895307 908.475312 929.992869 1.355264 488.480971 1
10 15000.000000 183.488304 759.549127 781.398000 1.333762 396.040429 1
11 16500.000000 276.809580 712.795833 764.657729 1.200379 296.451865 1
12 18000.000000 500.016383 621.892594 797.976680 0.893607 72.797400 1
13 19500.000000 420.204149 762.968332 871.029393 1.067378 228.236519 1
14 21000.000000 366.499673 396.525318 539.957719 0.824729 12.135308 1
15 22500.000000 158.583817 195.785462 251.953913 0.889995 22.078760 1
16 24000.000000 5.109767 64.229625 64.432557 1.491409 40.971793 1
17 25500.000000 22.464346 221.678743 222.814075 1.469804 137.936377 1
18 27000.000000 -22.127910 285.198363 286.055503 1.648229 214.146602 1
19 28500.000000 -126.643084 154.516251 199.784240 2.257381 198.449270 1
20 30000.000000 32.770363 486.557257 487.659575 1.503546 314.641359 1
21 31500.000000 217.211524 192.308272 290.109148 0.724662 -22.487029 0
22 33000.000000 367.074274 66.538741 373.056198 0.179321 -217.647924 0
23 34500.000000 603.732691 321.434339 683.968710 0.489240 -210.611999 0
24 36000.000000 348.987282 -53.552330 353.072195 -0.152263 -288.118779 0
25 37500.000000 247.027393 -246.806486 349.193319 -0.784951 -349.146322 0
26 39000.000000 407.070440 -160.549527 437.587127 -0.375671 -404.248727 0
27 40500.000000 455.059594 98.731932 465.647107 0.213653 -258.525487 0
28 42000.000000 262.650825 98.023244 280.346236 0.357198 -120.690920 0
29 43500.000000 677.505005 324.345445 751.141132 0.446491 -261.625163 0
30 45000.000000 351.119422 143.658826 379.371463 0.388365 -152.572261 0
0 0.000000 565.762820 271.301719 627.448955 0.447140 -108.744404 0
1 1500.000000 601.529194 322.824060 682.680558 0.492553 -87.671643 0
2 3000.000000 449.953852 726.785748 854.795878 1.016450 329.026034 1
3 4500.000000 209.766685 529.251608 569.306004 1.193444 308.227587 1
4 6000.000000 885.018610 285.872176 930.043462 0.312433 -282.741767 0
5 7500.000000 684.447446 659.623446 950.563726 0.766931 137.913065 1
6 9000.000000 558.801833 766.619697 948.664982 0.940926 298.052770 1
7 10500.000000 298.910943 528.930514 607.548550 1.056416 256.073994 1
8 12000.000000 662.722596 634.540616 917.520045 0.763677 130.164549 1
9 13500.000000 300.845973 1034.009022 1076.885768 1.287662 665.628959 1
10 15000.000000 307.390253 838.050804 892.646580 1.219241 502.484992 1
11 16500.000000 401.176255 820.142205 913.003628 1.115863 433.328883 1
12 18000.000000 634.896381 762.822353 992.467308 0.876669 250.669100 1
13 19500.000000 517.152695 844.733340 990.465207 1.021449 385.812018 1
14 21000.000000 455.753950 382.238173 594.825759 0.697894 45.496661 1
15 22500.000000 211.898030 166.401214 269.425573 0.665706 11.951765 1
16 24000.000000 78.408349 13.700303 79.596278 0.172984 -34.503169 0
17 25500.000000 77.616159 139.139036 159.323380 1.061960 67.952722 1
18 27000.000000 54.059232 215.245329 221.930061 1.324734 143.547977 1
19 28500.000000 -103.594602 107.671807 149.415728 2.336898 147.852704 1
20 30000.000000 34.389686 445.262165 446.588228 1.493715 342.025603 1
21 31500.000000 212.645334 113.118070 240.860407 0.488885 -31.807994 0
22 33000.000000 431.382663 -38.663382 433.111832 -0.089388 -282.553126 0
23 34500.000000 600.574105 262.358940 655.378874 0.411862 -136.280102 0
24 36000.000000 319.650659 -184.997714 369.324651 -0.524648 -336.496912 0
25 37500.000000 222.290613 -415.592147 471.306641 -1.079638 -467.319110 0
26 39000.000000 423.815937 -285.719758 511.131811 -0.593172 -479.030936 0
27 40500.000000 535.114920 -5.973667 535.148262 -0.011163 -316.357439 0
28 42000.000000 282.822412 -35.884411 285.089824 -0.126205 -193.813882 0
29 43500.000000 651.999154 223.206340 689.147276 0.329836 -198.050706 0
30 45000.000000 351.632511 67.685973 358.087718 0.190165 -149.656006 0
0 0.000000 626.832937 154.463296 645.583798 0.241605 -200.628443 0
1 1500.000000 592.771137 216.096371 630.932058 0.349580 -130.307271 0
2 3000.000000 471.926834 682.134922 829.471512 0.965569 329.082920 1
3 4500.000000 252.942968 439.820790 507.368183 1.048883 239.351043 1
4 6000.000000 918.866992 194.993409 939.329004 0.209109 -320.770067 0
5 7500.000000 696.421142 590.219457 912.886310 0.703043 132.297433 1
6 9000.000000 581.873440 700.828579 910.899225 0.877872 286.765715 1
7 10500.000000 281.856165 457.640944 537.473843 1.018775 239.172183 1
8 12000.000000 676.128407 569.565519 884.055713 0.700061 125.510170 1
9 13500.000000 310.713818 960.091557 1009.117869 1.257805 650.242752 1
10 15000.000000 320.895156 760.183088 825.137582 1.171360 475.228297 1
11 16500.000000 379.311300 766.670471 855.371658 1.111356 449.821580 1
12 18000.000000 634.497361 716.351639 956.946483 0.845919 272.090982 1
13 19500.000000 506.045189 809.951516 955.040937 1.012352 419.484202 1
14 21000.000000 447.637695 355.923225 571.892340 0.671755 65.137636 1
15 22500.000000 185.229345 161.424799 245.698750 0.716836 38.956923 1
16 24000.000000 86.712026 -20.655762 89.138297 -0.233853 -63.411308 0
17 25500.000000 82.941656 118.921524 144.988438 0.961785 57.018339 1
18 27000.000000 43.225209 185.341269 190.315014 1.341672 134.393315 1
19 28500.000000 -61.916977 85.579997 105.629768 2.197119 105.380492 1
20 30000.000000 70.152805 438.071628 443.653206 1.412005 334.591839 1
21 31500.000000 208.710487 72.677848 221.002572 0.335091 -48.772147 0
22 33000.000000 440.816697 -67.415446 445.941927 -0.151757 -290.465528 0
23 34500.000000 596.666645 247.562025 645.986100 0.393292 -105.669285 0
24 36000.000000 314.372997 -173.585943 359.113437 -0.504504 -313.644845 0
25 37500.000000 228.820343 -381.386702 444.763494 -1.030399 -444.697617 0
26 39000.000000 454.128392 -286.956728 537.193410 -0.563535 -483.795330 0
27 40500.000000 532.984428 -37.088606 534.273306 -0.069475 -313.503864 0
28 42000.000000 307.897807 -44.329443 311.072595 -0.142992 -200.541342 0
29 43500.000000 666.252252 234.082695 706.177578 0.337870 -153.928632 0
30 45000.000000 369.039401 37.650346 370.955022 0.101671 -163.333220 0
0 0.000000 615.110169 120.073118 626.720092 0.192782 -215.682075 0
1 1500.000000 596.163536 205.726527 630.661847 0.332289 -132.590127 0
2 3000.000000 450.969936 652.782732 793.409843 0.966243 325.066543 1
3 4500.000000 250.465529 431.750581 499.140808 1.045126 239.746126 1
4 6000.000000 916.024347 201.940341 938.019459 0.216982 -301.407333 0
5 7500.000000 690.282241 587.218392 906.264317 0.704896 145.089026 1
6 9000.000000 558.152460 695.363058 891.663586 0.894425 306.014152 1
7 10500.000000 268.076783 501.511251 568.663957 1.079902 290.316020 1
8 12000.000000 656.404108 595.885878 886.536143 0.737110 170.042041 1
9 13500.000000 293.596720 963.922159 1007.643271 1.275138 672.739162 1
10 15000.000000 321.869165 781.234917 844.942457 1.179988 501.798575 1
11 16500.000000 387.629795 797.271698 886.509458 1.118253 481.478101 1
12 18000.000000 623.477878 731.389486 961.069844 0.864878 303.021889 1
13 19500.000000 501.170255 845.697227 983.043959 1.035827 464.135578 1
14 21000.000000 480.054596 397.333597 623.158409 0.691395 91.451233 1
15 22500.000000 229.242059 201.787282 305.401422 0.721788 53.978509 1
16 24000.000000 139.905870 -6.714335 140.066894 -0.047955 -78.167789 0
17 25500.000000 142.197884 129.887332 192.590127 0.740184 37.520620 1
18 27000.000000 72.280516 189.760512 203.060397 1.206860 124.940581 1
19 28500.000000 -12.340129 81.572897 82.501008 1.720935 76.180812 1
20 30000.000000 114.455414 435.200263 449.999234 1.313625 313.104053 1
21 31500.000000 235.562174 74.521410 247.068772 0.306394 -58.180415 0
22 33000.000000 473.932079 -62.045887 477.976263 -0.130177 -298.419442 0
23 34500.000000 605.743737 284.063250 669.042155 0.438500 -70.525336 0
24 36000.000000 343.305150 -148.726392 374.136293 -0.408812 -304.962548 0
25 37500.000000 279.449898 -385.088834 475.800017 -0.943045 -474.136615 0
26 39000.000000 517.507769 -288.857132 592.665786 -0.509094 -515.033853 0
27 40500.000000 555.257899 -41.057328 556.773777 -0.073808 -322.560640 0
28 42000.000000 347.354864 -58.974473 352.325687 -0.168178 -230.268151 0
29 43500.000000 702.693937 237.734337 741.819644 0.326230 -160.350671 0
30 45000.000000 404.893462 15.673653 405.196716 0.038691 -196.185222 0
0 0.000000 632.180599 98.465268 639.802875 0.154513 -223.663071 0
1 1500.000000 613.963134 209.557107 648.741020 0.328920 -117.877842 0
2 3000.000000 438.414748 651.882162 785.593943 0.978741 353.754301 1
3 4500.000000 252.818476 408.933749 480.774368 1.017074 232.785913 1
4 6000.000000 931.910809 187.297688 950.546253 0.198340 -292.955821 0
5 7500.000000 700.691733 588.517971 915.053172 0.698607 170.091957 1
6 9000.000000 549.193660 692.316020 883.694035 0.900172 334.772365 1
7 10500.000000 268.341370 505.120568 571.973671 1.082468 309.055328 1
8 12000.000000 669.021263 588.931203 891.307698 0.721817 185.958318 1
9 13500.000000 272.341419 962.445305 1000.235379 1.295037 705.858404 1
10 15000.000000 311.407350 768.962150 829.624810 1.186012 518.025039 1
11 16500.000000 388.565367 790.214742 880.580708 1.113794 498.779097 1
12 18000.000000 629.815060 725.191954 960.505273 0.855671 323.965634 1
13 19500.000000 496.359512 843.812557 978.975177 1.039073 492.736752 1
14 21000.000000 490.914852 377.317969 619.165763 0.655300 88.645369 1
15 22500.000000 244.654164 177.077386 302.013345 0.626512 34.617461 1
16 24000.000000 166.864248 -50.175834 174.244918 -0.292098 -125.448210 0
17 25500.000000 165.939091 92.015646 189.743672 0.506303 -1.012252 0
18 27000.000000 73.406502 162.089262 177.936627 1.145552 105.392500 1
19 28500.000000 -15.007240 36.980510 39.909590 1.956305 39.592562 1
20 30000.000000 114.375426 408.551214 424.259157 1.297831 300.234879 1
21 31500.000000 239.361378 39.811192 242.649542 0.164814 -82.479583 0
22 33000.000000 491.675211 -88.772399 499.624912 -0.178626 -318.131570 0
23 34500.000000 587.359339 277.181279 649.477062 0.440925 -45.887985 0
24 36000.000000 351.673246 -173.746005 392.252146 -0.458880 -323.678020 0
25 37500.000000 284.094066 -416.507668 504.170681 -0.972195 -502.265420 0
26 39000.000000 536.330869 -320.005896 624.543493 -0.537958 -541.617878 0
27 40500.000000 554.877631 -64.186911 558.577788 -0.115166 -327.638671 0
28 42000.000000 350.534915 -89.275216 361.724745 -0.249381 -249.466895 0
29 43500.000000 678.097250 216.550077 711.835526 0.309113 -143.180797 0
30 45000.000000 402.319142 -3.148987 402.331465 -0.007827 -199.723510 0
0 0.000000 620.377355 103.799944 629.001185 0.165782 -219.525410 0
1 1500.000000 608.370105 194.870928 638.818333 0.309990 -134.606168 0
2 3000.000000 404.934575 650.931598 766.605476 1.014296 362.139037 1
3 4500.000000 239.034759 410.406968 474.943676 1.043394 236.443802 1
4 6000.000000 924.101569 180.394516 941.544418 0.192786 -304.660936 0
5 7500.000000 687.269949 582.474809 900.897822 0.703052 161.960917 1
6 9000.000000 539.234398 707.623843 889.665802 0.919637 344.275043 1
7 10500.000000 268.972563 518.834499 584.410367 1.092524 315.480526 1
8 12000.000000 653.773672 580.391193 874.227631 0.726009 176.865321 1
9 13500.000000 250.088240 969.410413 1001.149677 1.318322 715.405489 1
10 15000.000000 286.058596 772.653461 823.907089 1.216215 526.936126 1
11 16500.000000 376.046399 798.686775 882.786191 1.130755 504.606571 1
12 18000.000000 622.463770 733.309861 961.875510 0.866975 325.016060 1
13 19500.000000 470.070695 861.817130 981.679797 1.071460 512.414523 1
14 21000.000000 486.378820 376.497421 615.072894 0.658737 83.663066 1
15 22500.000000 249.888381 175.639246 305.439597 0.612650 27.561286 1
16 24000.000000 172.044989 -80.986004 190.153125 -0.439955 -156.016549 0
17 25500.000000 172.907424 65.616282 184.939108 0.362699 -29.389833 0
18 27000.000000 71.452132 148.707642 164.982939 1.122880 93.236427 1
19 28500.000000 -12.246629 11.293608 16.659097 2.396657 15.897374 1
20 30000.000000 112.828309 391.243147 407.187214 1.290030 282.795325 1
21 31500.000000 241.789651 37.874257 244.738012 0.155379 -87.796384 0
22 33000.000000 501.459052 -98.994503 511.137058 -0.194907 -335.958312 0
23 34500.000000 584.911819 278.761197 647.942622 0.444742 -50.197736 0
24 36000.000000 370.262417 -166.393874 405.932481 -0.422350 -328.922028 0
25 37500.000000 294.499968 -413.318853 507.506360 -0.951714 -505.130968 0
26 39000.000000 555.358842 -328.471846 645.226470 -0.534115 -561.730138 0
27 40500.000000 558.614735 -63.357369 562.196210 -0.112936 -333.585548 0
28 42000.000000 352.788949 -87.897918 363.574045 -0.244180 -252.174363 0
29 43500.000000 670.372614 222.788535 706.423508 0.320852 -141.341675 0
30 45000.000000 416.096019 -18.571432 416.510258 -0.044603 -223.672515 0
0 0.000000 605.845495 103.143389 614.562708 0.168630 -208.267235 0
1 1500.000000 603.922720 210.596509 639.588572 0.335529 -113.771942 0
2 3000.000000 386.116135 660.382047 764.977201 1.041713 384.970718 1
3 4500.000000 221.074192 419.827606 474.477626 1.086109 256.740098 1
4 6000.000000 909.891554 201.304195 931.893781 0.217733 -272.392743 0
5 7500.000000 678.396661 598.532918 904.689827 0.722936 187.328030 1
6 9000.000000 507.708668 730.084957 889.264942 0.963157 385.833267 1
7 10500.000000 246.772893 539.118130 592.912488 1.141529 347.951862 1
8 12000.000000 628.254340 605.602022 872.615222 0.767041 218.151504 1
9 13500.000000 213.199831 980.617186 1003.525900 1.356714 748.840866 1
10 15000.000000 254.613426 782.572495 822.950610 1.256244 556.047282 1
11 16500.000000 359.224323 810.828834 886.840184 1.153751 529.180843 1
12 18000.000000 595.587315 749.933965 957.666540 0.899610 359.879305 1
13 19500.000000 439.129708 865.948595 970.928355 1.101478 537.856502 1
14 21000.000000 476.791386 393.946459 618.485116 0.690540 108.399813 1
15 22500.000000 248.158220 190.806184 313.032749 0.655481 44.027863 1
16 24000.000000 166.713002 -95.726551 192.241508 -0.521233 -165.359734 0
17 25500.000000 187.040951 57.337605 195.632099 0.297456 -42.102137 0
18 27000.000000 84.003649 140.708747 163.876674 1.032583 81.173669 1
19 28500.000000 -0.849598 7.085373 7.136128 1.690135 6.586553 1
20 30000.000000 107.264480 373.445502 388.544993 1.291097 272.351781 1
21 31500.000000 245.031111 35.037261 247.523444 0.142028 -90.047007 0
22 33000.000000 500.139759 -93.868274 508.872313 -0.185526 -327.781542 0
23 34500.000000 583.737586 299.221890 655.959838 0.473674 -26.683457 0
24 36000.000000 397.262242 -150.567527 424.838639 -0.362284 -326.530462 0
25 37500.000000 318.955099 -404.558191 515.169570 -0.903167 -509.130613 0
26 39000.000000 580.702407 -320.875130 663.457711 -0.504809 -565.050349 0
27 40500.000000 561.592616 -56.812363 564.458954 -0.100820 -325.754084 0
28 42000.000000 356.641259 -87.885652 367.310326 -0.241612 -251.974498 0
29 43500.000000 678.837387 226.717316 715.696122 0.322331 -136.593666 0
30 45000.000000 416.254132 -17.815916 416.635224 -0.042774 -220.299772 0
0 0.000000 595.203012 98.291682 603.264353 0.163663 -171.111087 0
1 1500.000000 590.669939 214.357392 628.363006 0.348125 -64.686533 0
2 3000.000000 356.495177 668.113649 757.274494 1.080643 445.771427 1
3 4500.000000 207.251792 416.181886 464.930820 1.108763 284.141651 1
4 6000.000000 881.801932 212.571102 907.061807 0.236551 -193.254670 0
5 7500.000000 641.242316 613.748673 887.625564 0.763494 272.672038 1
6 9000.000000 478.907286 745.415863 886.000563 0.999733 461.952734 1
7 10500.000000 251.033409 551.852683 606.266572 1.143882 387.139151 1
8 12000.000000 605.468243 611.292973 860.389965 0.790185 286.062976 1
9 13500.000000 176.908369 991.370806 1007.031601 1.394207 814.987612 1
10 15000.000000 230.414407 783.111422 816.305273 1.284642 604.241055 1
11 16500.000000 322.681388 829.399311 889.958704 1.199761 605.658604 1
12 18000.000000 557.756607 766.307087 947.796911 0.941623 446.367134 1
13 19500.000000 416.571553 876.755895 970.686746 1.127243 607.330015 1
14 21000.000000 475.716818 413.002820 629.982397 0.714948 164.205060 1
15 22500.000000 254.209239 200.313567 323.647744 0.667373 69.403596 1
16 24000.000000 182.648870 -100.972765 208.701004 -0.505009 -170.517460 0
17 25500.000000 199.400211 52.114663 206.097991 0.255639 -40.058989 0
18 27000.000000 85.389533 120.993958 148.090885 0.956232 71.644865 1
19 28500.000000 16.385304 -14.004502 21.554681 -0.707216 -19.748191 0
20 30000.000000 115.803747 357.450283 375.740885 1.257495 271.168851 1
21 31500.000000 253.362409 26.785750 254.774384 0.105330 -86.385060 0
22 33000.000000 511.311152 -81.011275 517.689019 -0.157132 -295.881436 0
23 34500.000000 583.627564 309.728618 660.721538 0.487902 24.209313 1
24 36000.000000 417.195137 -138.647183 439.630326 -0.320849 -306.704735 0
25 37500.000000 355.540065 -386.548074 525.193441 -0.827159 -502.903781 0
26 39000.000000 603.318687 -304.372204 675.748383 -0.467238 -537.008135 0
27 40500.000000 559.420570 -59.484064 562.574198 -0.105934 -297.489251 0
28 42000.000000 369.019960 -80.834202 377.769638 -0.215645 -233.669881 0
29 43500.000000 680.009140 237.147734 720.174616 0.335554 -83.137677 0
30 45000.000000 438.929333 -29.882642 439.945373 -0.067976 -218.305488 0
0 0.000000 588.776972 101.494584 597.460855 0.170704 -177.120870 0
1 1500.000000 590.713877 228.504181 633.369596 0.369099 -64.860277 0
2 3000.000000 336.156082 671.562586 750.997482 1.106702 445.485850 1
3 4500.000000 195.521696 433.199478 475.279414 1.146826 297.053420 1
4 6000.000000 874.486480 251.206799 909.852438 0.279730 -173.579309 0
5 7500.000000 625.509958 643.577005 897.470929 0.799633 289.077494 1
6 9000.000000 466.109761 767.070315 897.582964 1.024771 471.515267 1
7 10500.000000 238.939075 571.905346 619.812558 1.175044 400.884908 1
8 12000.000000 581.638172 647.218783 870.169590 0.838715 312.256381 1
9 13500.000000 149.977355 1007.352054 1018.455383 1.422999 829.205776 1
10 15000.000000 201.086924 799.096841 824.009534 1.324272 620.467602 1
11 16500.000000 305.348025 856.634119 909.428078 1.228386 624.347154 1
12 18000.000000 541.632032 802.255518 967.976846 0.976953 468.542048 1
13 19500.000000 388.188466 889.732081 970.728315 1.159395 616.189331 1
14 21000.000000 460.942233 429.378874 629.947585 0.749961 173.046332 1
15 22500.000000 264.302252 214.069082 340.119468 0.680773 70.598118 1
16 24000.000000 191.029748 -98.517965 214.937558 -0.476145 -174.561689 0
17 25500.000000 216.534907 35.340485 219.399899 0.161783 -66.909221 0
18 27000.000000 76.539668 125.625779 147.105939 1.023591 77.129345 1
19 28500.000000 19.229709 -19.567652 27.434917 -0.794108 -26.168681 0
20 30000.000000 104.582544 353.130536 368.291574 1.282868 267.049242 1
21 31500.000000 257.504373 24.929543 258.708299 0.096511 -94.799331 0
22 33000.000000 508.132941 -53.061510 510.895889 -0.104047 -278.156495 0
23 34500.000000 574.477858 324.588472 659.835196 0.514298 28.109462 1
24 36000.000000 442.736305 -132.143947 462.036209 -0.290053 -318.888081 0
25 37500.000000 369.393218 -376.798918 527.663505 -0.795322 -503.501630 0
26 39000.000000 631.204238 -289.572169 694.457220 -0.430116 -544.763225 0
27 40500.000000 557.246430 -53.806273 559.838101 -0.096259 -301.136471 0
28 42000.000000 372.167031 -73.623105 379.379309 -0.195301 -234.691692 0
29 43500.000000 685.248796 252.054896 730.135319 0.352470 -86.836651 0
30 45000.000000 444.373650 -36.487029 445.869089 -0.081925 -234.420474 0
0 0.000000 576.749576 105.570058 586.331911 0.181039 -171.824364 0
1 1500.000000 592.721444 249.715266 643.176822 0.398735 -51.219107 0
2 3000.000000 308.892973 680.291097 747.135092 1.144571 461.683113 1
3 4500.000000 195.311467 439.300971 480.761804 1.152445 300.048060 1
4 6000.000000 858.378823 275.130636 901.393960 0.310178 -150.968287 0
5 7500.000000 618.270387 663.128451 906.640840 0.820391 304.008073 1
6 9000.000000 450.566180 768.727030 891.039353 1.040645 474.960997 1
7 10500.000000 245.789563 584.460130 634.039551 1.172708 405.666490 1
8 12000.000000 555.972317 663.548052 865.679637 0.873382 333.063043 1
9 13500.000000 128.403678 1015.195485 1023.283626 1.444983 842.078936 1
10 15000.000000 190.660575 810.232635 832.363129 1.339685 631.468289 1
11 16500.000000 286.805513 865.902659 912.164907 1.250948 636.621169 1
12 18000.000000 523.080954 820.071871 972.692941 1.003012 487.153880 1
13 19500.000000 372.574369 896.143149 970.507189 1.176784 623.977278 1
14 21000.000000 452.720718 438.407146 630.203835 0.769337 180.741502 1
15 22500.000000 262.244418 222.302339 343.788401 0.703152 76.600266 1
16 24000.000000 202.142559 -117.191241 233.656588 -0.525393 -197.099490 0
17 25500.000000 231.342985 22.555054 232.439900 0.097189 -86.489706 0
18 27000.000000 76.925725 108.478612 132.985625 0.953967 60.880141 1
19 28500.000000 32.957073 -33.240315 46.809051 -0.789677 -44.681364 0
20 30000.000000 101.950093 351.509725 365.995776 1.288507 265.099349 1
21 31500.000000 265.278509 26.050441 266.554521 0.097886 -99.010988 0
22 33000.000000 518.238936 -63.515766 522.116699 -0.121953 -294.984439 0
23 34500.000000 573.161810 331.459577 662.102644 0.524311 30.351353 1
24 36000.000000 462.913633 -132.521752 481.509134 -0.278820 -330.769414 0
25 37500.000000 390.248168 -373.631114 540.272007 -0.763648 -511.348359 0
26 39000.000000 651.207587 -281.950295 709.624753 -0.408598 -550.110209 0
27 40500.000000 558.249555 -44.253963 560.000874 -0.079107 -296.306768 0
28 42000.000000 391.070010 -82.297887 399.635702 -0.207416 -253.107969 0
29 43500.000000 682.301795 250.012290 726.664905 0.351232 -92.198886 0
30 45000.000000 453.019808 -40.152086 454.795708 -0.088401 -244.216954 0
0 0.000000 576.962353 107.468120 586.885810 0.184155 -172.698675 0
1 1500.000000 589.384376 259.816868 644.110819 0.415200 -43.533879 0
2 3000.000000 286.224019 682.721846 740.292718 1.173815 471.780748 1
3 4500.000000 200.586126 447.718096 490.597887 1.149591 303.403849 1
4 6000.000000 842.993083 315.481537 900.092183 0.358104 -111.982180 0
5 7500.000000 600.191226 665.629919 896.265975 0.837049 310.869177 1
6 9000.000000 417.197327 787.897894 891.536146 1.083823 504.122774 1
7 10500.000000 248.295154 588.641335 638.865482 1.171630 406.065696 1
8 12000.000000 532.713680 689.790053 871.547005 0.913185 363.596858 1
9 13500.000000 115.329271 1034.814535 1041.221380 1.459805 862.967986 1
10 15000.000000 177.144289 828.714105 847.435642 1.360208 651.728454 1
11 16500.000000 278.424316 876.595544 919.749883 1.263254 647.112232 1
12 18000.000000 497.710046 843.698429 979.562315 1.037826 516.162509 1
13 19500.000000 354.514621 913.109602 979.515065 1.200460 644.123622 1
14 21000.000000 443.977424 453.063770 634.336451 0.795527 195.132903 1
15 22500.000000 281.205243 222.278783 358.446992 0.668891 66.305589 1
16 24000.000000 218.265956 -128.558475 253.312671 -0.532291 -215.201629 0
17 25500.000000 237.364045 2.074286 237.373108 0.008739 -108.369924 0
18 27000.000000 88.182089 105.973739 137.864115 0.876779 52.916300 1
19 28500.000000 38.990204 -40.502246 56.219818 -0.804417 -53.975021 0
20 30000.000000 108.739499 332.053952 349.405360 1.254327 243.606378 1
21 31500.000000 278.030684 25.043613 279.156307 0.089833 -106.907784 0
22 33000.000000 531.616547 -51.746406 534.129051 -0.097032 -292.657988 0
23 34500.000000 578.012101 328.058935 664.620684 0.516228 22.186873 1
24 36000.000000 481.162096 -130.097444 498.439874 -0.264068 -338.626181 0
25 37500.000000 417.359809 -372.760502 559.588779 -0.729012 -523.924953 0
26 39000.000000 680.567446 -270.330456 732.291338 -0.378102 -555.410822 0
27 40500.000000 553.517532 -30.141656 554.337603 -0.054401 -283.691617 0
28 42000.000000 380.724057 -88.895474 390.964465 -0.229381 -255.501469 0
29 43500.000000 690.660365 242.773484 732.086541 0.338019 -105.650863 0
30 45000.000000 454.992311 -45.527623 457.264439 -0.099730 -251.573840 0
0 0.000000 552.643008 117.785517 565.055504 0.209989 -155.529856 0
1 1500.000000 595.486842 277.390030 656.924507 0.435932 -34.737614 0
2 3000.000000 279.357196 675.078570 730.596687 1.178438 464.827690 1
3 4500.000000 201.155528 463.177036 504.971794 1.161079 314.467436 1
4 6000.000000 816.362698 341.409731 884.877765 0.396104 -81.938872 0
5 7500.000000 575.886180 684.433815 894.480038 0.871313 333.837675 1
6 9000.000000 405.301247 790.250762 888.124635 1.096900 507.367782 1
7 10500.000000 249.881185 603.545348 653.228592 1.178261 415.514325 1
8 12000.000000 514.488587 715.035342 880.893891 0.947084 389.687373 1
9 13500.000000 108.603253 1043.945370 1049.579250 1.467138 870.678637 1
10 15000.000000 163.263132 836.390845 852.176329 1.378021 661.764684 1
11 16500.000000 264.047738 889.312286 927.683971 1.282175 661.159668 1
12 18000.000000 476.764375 870.792873 992.766084 1.069870 544.917827 1
13 19500.000000 330.807499 927.876403 985.082849 1.228324 663.856872 1
14 21000.000000 439.184249 460.933377 636.665048 0.809556 200.708617 1
15 22500.000000 292.948847 218.927113 365.715884 0.641785 55.718039 1
16 24000.000000 233.195791 -140.631114 272.318540 -0.542667 -233.668808 0
17 25500.000000 240.760274 -10.734177 240.999444 -0.044555 -122.537660 0
18 27000.000000 107.455643 106.167686 151.057250 0.779369 43.272323 1
19 28500.000000 56.336312 -48.455547 74.308277 -0.710335 -69.235886 0
20 30000.000000 120.044969 310.848983 333.223476 1.202257 218.069432 1
21 31500.000000 310.035500 34.090031 311.904058 0.109515 -115.494805 0
22 33000.000000 525.459005 -35.776283 526.675525 -0.067981 -278.340942 0
23 34500.000000 585.314722 314.578625 664.494571 0.493158 2.872268 1
24 36000.000000 527.406422 -135.677976 544.578779 -0.251795 -367.456660 0
25 37500.000000 431.353057 -361.985084 563.115140 -0.698182 -522.152178 0
26 39000.000000 699.045279 -273.507835 750.646946 -0.372948 -569.745250 0
27 40500.000000 555.769763 -20.952205 556.164566 -0.037682 -279.486946 0
28 42000.000000 383.455062 -103.515446 397.181612 -0.263669 -271.461657 0
29 43500.000000 678.064548 222.833093 713.740933 0.317513 -121.683215 0
30 45000.000000 453.292278 -50.087225 456.051115 -0.110050 -257.086398 0
0 0.000000 542.078099 122.165481 555.673528 0.221662 -142.578268 0
1 1500.000000 594.103711 270.808444 652.913802 0.427689 -34.889204 0
2 3000.000000 263.775205 669.614183 719.694736 1.195541 471.513182 1
3 4500.000000 218.901009 457.012972 506.733173 1.124104 303.817827 1
4 6000.000000 788.916413 379.055493 875.255490 0.447907 -29.091412 0
5 7500.000000 547.296398 681.839412 874.321640 0.894426 351.136943 1
6 9000.000000 380.213976 781.928458 869.468102 1.118208 517.187834 1
7 10500.000000 262.102971 604.538996 658.912259 1.161699 414.600346 1
8 12000.000000 495.168223 739.225059 889.744490 0.980595 426.132088 1
9 13500.000000 109.176795 1037.278828 1043.008600 1.465929 868.982350 1
10 15000.000000 160.512964 836.215018 851.481044 1.381151 666.988369 1
11 16500.000000 266.716918 892.982121 931.962973 1.280550 668.159174 1
12 18000.000000 467.295334 880.576390 996.885002 1.082915 564.334371 1
13 19500.000000 335.799498 926.632520 985.600897 1.223129 666.017628 1
14 21000.000000 427.816983 469.065265 634.861870 0.831357 217.815541 1
15 22500.000000 324.231149 211.317852 387.015597 0.577605 37.271460 1
16 24000.000000 239.110076 -151.570126 283.102687 -0.564969 -245.021323 0
17 25500.000000 247.292709 -31.887150 249.340078 -0.128237 -142.713710 0
18 27000.000000 127.363420 104.141535 164.520211 0.685424 33.373897 1
19 28500.000000 72.469301 -69.642483 100.508084 -0.765509 -95.274238 0
20 30000.000000 129.529510 294.541146 321.764480 1.156485 201.153644 1
21 31500.000000 335.681947 28.707762 336.907265 0.085313 -129.905053 0
22 33000.000000 531.953274 -19.444058 532.308517 -0.036536 -263.424122 0
23 34500.000000 575.549558 303.750412 650.785377 0.485606 2.899483 1
24 36000.000000 567.134263 -140.144334 584.193210 -0.242256 -386.702195 0
25 37500.000000 458.214832 -343.565212 572.710998 -0.643367 -516.619425 0
26 39000.000000 715.053596 -279.398993 767.701402 -0.372497 -578.603285 0
27 40500.000000 562.399315 -11.340701 562.513645 -0.020162 -270.331207 0
28 42000.000000 368.366762 -108.795854 384.097135 -0.287182 -266.923436 0
29 43500.000000 675.963468 202.141226 705.540704 0.290577 -133.644803 0
30 45000.000000 447.580055 -63.752682 452.097677 -0.141487 -263.654199 0
0 0.000000 526.811044 113.153781 538.826182 0.211575 -130.457041 0
1 1500.000000 585.764319 279.527933 649.042143 0.445243 -7.058513 0
2 3000.000000 250.241806 633.342278 680.987079 1.194510 458.371589 1
3 4500.000000 224.888148 431.549773 486.631159 1.090398 288.376043 1
4 6000.000000 774.061831 404.106569 873.197479 0.481139 21.845418 1
5 7500.000000 520.825839 694.033914 867.722668 0.927018 393.675260 1
6 9000.000000 358.922088 750.123198 831.570729 1.124509 515.343751 1
7 10500.000000 277.451479 580.008842 642.953793 1.124612 398.505530 1
8 12000.000000 480.150320 749.620977 890.211176 1.001111 461.495816 1
9 13500.000000 103.131017 1014.361429 1019.590661 1.469474 865.236137 1
10 15000.000000 158.053114 815.451251 830.627191 1.379347 662.469421 1
11 16500.000000 266.316737 875.099049 914.725614 1.275374 668.332776 1
12 18000.000000 437.075854 876.341519 979.290437 1.108149 594.234443 1
13 19500.000000 315.866221 901.621620 955.349682 1.233826 670.318991 1
14 21000.000000 426.609791 461.965109 628.814500 0.825166 226.830220 1
15 22500.000000 326.431176 181.353939 373.425446 0.507106 19.031679 1
16 24000.000000 224.723292 -178.109904 286.746745 -0.670197 -258.884732 0
17 25500.000000 245.403569 -57.214587 251.984961 -0.229053 -159.457680 0
18 27000.000000 141.661882 61.094128 154.274370 0.407167 -7.549011 0
19 28500.000000 75.697002 -81.963527 111.570856 -0.825124 -106.926335 0
20 30000.000000 128.823290 244.503774 276.364860 1.085879 162.765412 1
21 31500.000000 347.534712 -0.491829 347.535060 -0.001415 -153.519178 0
22 33000.000000 514.234822 -11.608706 514.365837 -0.022571 -236.925487 0
23 34500.000000 550.696565 302.135597 628.134241 0.501800 28.684135 1
24 36000.000000 571.755829 -158.110453 593.214668 -0.269793 -393.786288 0
25 37500.000000 475.633241 -346.022135 588.182198 -0.628943 -520.148675 0
26 39000.000000 698.073338 -281.916434 752.850092 -0.383820 -560.574140 0
27 40500.000000 553.878566 -15.467068 554.094483 -0.027918 -257.851171 0
28 42000.000000 363.125205 -115.716361 381.117030 -0.308494 -263.831259 0
29 43500.000000 637.532516 176.243942 661.445112 0.269711 -122.585841 0
30 45000.000000 438.766494 -69.053543 444.167118 -0.156101 -255.256345 0
0 0.000000 501.781540 114.850284 514.757518 0.225009 -118.967775 0
1 1500.000000 570.493039 289.519360 639.752895 0.469621 7.286312 1
2 3000.000000 220.424570 607.837283 646.570301 1.222908 447.622677 1
3 4500.000000 225.362204 405.651450 464.048728 1.063697 264.110909 1
4 6000.000000 745.425173 435.881993 863.511320 0.529125 61.166071 1
5 7500.000000 474.425329 695.722302 842.086050 0.972310 414.080559 1
6 9000.000000 309.900295 727.276391 790.549899 1.167985 515.159211 1
7 10500.000000 262.928604 558.438639 617.239956 1.130757 384.517975 1
8 12000.000000 443.721154 745.363835 867.442050 1.033834 472.183269 1
9 13500.000000 81.773029 985.271182 988.658753 1.487991 847.453325 1
10 15000.000000 135.532543 781.844690 793.505003 1.399152 641.231891 1
11 16500.000000 238.516749 855.410308 888.041122 1.298870 661.651773 1
12 18000.000000 404.938829 865.203021 955.275731 1.133052 596.815240 1
13 19500.000000 281.568827 896.464130 939.642986 1.266465 679.425668 1
14 21000.000000 400.458906 461.467504 610.998848 0.856062 236.712433 1
15 22500.000000 315.244092 169.930226 358.127239 0.494392 12.947189 1
16 24000.000000 198.950983 -178.851267 267.524334 -0.732247 -248.408838 0
17 25500.000000 229.812411 -62.131635 238.063194 -0.264046 -157.382424 0
18 27000.000000 129.364451 30.915532 133.007261 0.234580 -29.499900 0
19 28500.000000 80.399166 -96.039697 125.250346 -0.873813 -121.697487 0
20 30000.000000 119.249644 199.909493 232.775177 1.032941 126.534392 1
21 31500.000000 348.289405 -17.360876 348.721822 -0.049805 -169.640248 0
22 33000.000000 503.491741 14.312869 503.695138 0.028420 -209.889882 0
23 34500.000000 525.937771 306.673618 608.817909 0.527899 42.380476 1
24 36000.000000 558.624291 -157.976198 580.532150 -0.275599 -388.793532 0
25 37500.000000 482.469434 -322.212681 580.170463 -0.588815 -502.398627 0
26 39000.000000 687.806290 -277.695910 741.749628 -0.383728 -553.307836 0
27 40500.000000 527.803827 -19.540092 528.165405 -0.037005 -251.005207 0
28 42000.000000 362.063062 -106.952108 377.529356 -0.287228 -256.081851 0
29 43500.000000 594.725423 178.204081 620.850242 0.291127 -103.264754 0
30 45000.000000 420.835874 -71.687767 426.898077 -0.168727 -250.454443 0
0 0.000000 473.384142 128.133565 490.418960 0.264341 -106.570339 0
1 1500.000000 540.879415 308.248097 622.549139 0.517994 21.536233 1
2 3000.000000 181.555046 595.490025 622.551688 1.274865 442.875958 1
3 4500.000000 198.554749 386.250168 434.296190 1.095966 249.709016 1
4 6000.000000 710.196399 456.789122 844.414132 0.571571 74.361520 1
5 7500.000000 444.163714 701.141903 829.988779 1.006118 414.365482 1
6 9000.000000 253.920344 708.453057 752.583069 1.226644 509.261549 1
7 10500.000000 229.490586 542.739523 589.264049 1.170759 373.889664 1
8 12000.000000 409.370184 749.535715 854.041998 1.070902 473.386031 1
9 13500.000000 36.427567 956.045816 956.739552 1.532712 829.573551 1
10 15000.000000 99.842670 752.143729 758.741555 1.438824 619.559526 1
11 16500.000000 218.379403 843.853064 871.652199 1.317563 645.666739 1
12 18000.000000 360.353043 866.313055 938.271083 1.176606 599.565851 1
13 19500.000000 245.293843 888.274198 921.520548 1.301365 672.488740 1
14 21000.000000 385.334981 471.561377 608.977159 0.885687 238.432507 1
15 22500.000000 310.037339 172.266842 354.681571 0.507157 8.427701 1
16 24000.000000 194.797111 -180.147662 265.328277 -0.746347 -250.045941 0
17 25500.000000 213.656978 -65.001745 223.326065 -0.295337 -156.858958 0
18 27000.000000 122.581579 16.597122 123.700073 0.134578 -42.278831 0
19 28500.000000 91.576768 -108.039807 141.629462 -0.867685 -138.224563 0
20 30000.000000 105.601076 174.763296 204.190589 1.027256 105.657392 1
21 31500.000000 347.370045 -22.074628 348.070736 -0.063463 -180.998384 0
22 33000.000000 495.217154 42.160608 497.008598 0.084931 -192.840436 0
23 34500.000000 507.821704 315.508908 597.853455 0.555933 43.329907 1
24 36000.000000 557.366877 -141.700671 575.097309 -0.248958 -384.521744 0
25 37500.000000 487.375281 -293.123579 568.732008 -0.541473 -486.063844 0
26 39000.000000 690.348077 -245.934853 732.846791 -0.342230 -538.620953 0
27 40500.000000 515.962367 -4.084714 515.978535 -0.007917 -243.429192 0
28 42000.000000 352.543443 -93.737174 364.792458 -0.259876 -246.854552 0
29 43500.000000 576.681278 192.852887 608.073624 0.322727 -97.277530 0
30 45000.000000 415.716699 -52.663292 419.039135 -0.126010 -239.848902 0
0 0.000000 449.126991 147.369769 472.686897 0.317056 -97.908967 0
1 1500.000000 519.903707 328.004669 614.725082 0.562827 22.818401 1
2 3000.000000 151.353617 593.346670 612.346461 1.321038 437.277145 1
3 4500.000000 178.259970 375.562616 415.720935 1.127635 235.397650 1
4 6000.000000 679.282202 488.904003 836.929767 0.623849 82.013085 1
5 7500.000000 416.483803 715.604196 827.978335 1.043715 409.979618 1
6 9000.000000 201.554889 701.034699 729.434043 1.290837 505.232534 1
7 10500.000000 187.920012 541.600312 573.275527 1.236822 374.168257 1
8 12000.000000 370.971161 769.479509 854.235516 1.121566 479.419381 1
9 13500.000000 -5.696274 937.535296 937.552601 1.576872 813.801567 1
10 15000.000000 61.473329 741.302690 743.847194 1.488060 610.358687 1
11 16500.000000 169.532225 838.236149 855.208171 1.371239 639.977677 1
12 18000.000000 323.140666 877.046312 934.681830 1.217788 596.463993 1
13 19500.000000 201.722170 892.762233 915.268397 1.348575 670.987803 1
14 21000.000000 367.096884 482.279303 606.096897 0.920184 232.943029 1
15 22500.000000 302.699786 185.866695 355.209218 0.550672 8.869620 1
16 24000.000000 190.496941 -156.827761 246.746897 -0.688761 -231.246584 0
17 25500.000000 205.325337 -43.430213 209.868238 -0.208447 -140.601876 0
18 27000.000000 113.079937 12.699553 113.790820 0.111837 -45.760744 0
19 28500.000000 101.495034 -109.892285 149.591297 -0.825102 -145.985910 0
20 30000.000000 103.217099 167.153724 196.453906 1.017610 92.787350 1
21 31500.000000 343.587795 -8.744984 343.699065 -0.025446 -179.982631 0
22 33000.000000 506.929234 64.296744 510.990527 0.126162 -198.771113 0
23 34500.000000 481.868444 338.201818 588.708473 0.611970 50.725434 1
24 36000.000000 568.959486 -122.139083 581.921690 -0.211462 -391.161023 0
25 37500.000000 492.059878 -268.256899 560.432589 -0.499128 -478.959455 0
26 39000.000000 681.416941 -220.873794 716.319957 -0.313453 -532.997066 0
27 40500.000000 505.139446 6.210208 505.177618 0.012293 -248.116273 0
28 42000.000000 352.385268 -76.164990 360.522514 -0.212867 -242.713870 0
29 43500.000000 562.838791 212.675679 601.679690 0.361278 -98.483692 0
30 45000.000000 412.267468 -32.450297 413.542606 -0.078550 -234.951775 0
0 0.000000 422.893459 168.111737 455.082887 0.378373 -81.358702 0
1 1500.000000 499.985770 356.630815 614.142743 0.619585 37.726010 1
2 3000.000000 117.415073 590.877572 602.430581 1.374639 439.032301 1
3 4500.000000 135.247626 368.662894 392.688489 1.219181 241.093917 1
4 6000.000000 654.996140 517.418339 834.710537 0.668587 92.022704 1
5 7500.000000 398.963444 741.489608 842.008710 1.077169 417.684348 1
6 9000.000000 147.969563 703.760719 719.148205 1.363559 518.604508 1
7 10500.000000 157.273900 544.625097 566.878801 1.289670 378.689630 1
8 12000.000000 335.047311 784.320792 852.886749 1.167079 487.865403 1
9 13500.000000 -48.513384 932.361203 933.622494 1.622782 816.571127 1
10 15000.000000 25.894734 729.213038 729.672661 1.535301 604.844136 1
11 16500.000000 139.891307 846.927061 858.402601 1.407099 644.324065 1
12 18000.000000 289.427201 890.353130 936.214078 1.256501 601.967687 1
13 19500.000000 162.486327 878.376307 893.278648 1.387879 659.034911 1
14 21000.000000 362.466527 496.863275 615.024469 0.940539 229.507533 1
15 22500.000000 289.378174 197.141100 350.149027 0.598036 13.973917 1
16 24000.000000 164.958599 -149.576856 222.675943 -0.736534 -214.239550 0
17 25500.000000 186.675265 -31.223941 189.268564 -0.165729 -125.347169 0
18 27000.000000 92.316573 6.707773 92.559948 0.072533 -43.200034 0
19 28500.000000 103.292421 -101.087974 144.527169 -0.774613 -140.450884 0
20 30000.000000 98.990017 143.718943 174.511197 0.967644 69.486022 1
21 31500.000000 324.879317 -3.052644 324.893658 -0.009396 -174.642234 0
22 33000.000000 494.569797 82.760834 501.446548 0.165803 -191.716996 0
23 34500.000000 464.141448 373.128611 595.526863 0.677121 70.703120 1
24 36000.000000 552.719938 -118.580345 565.296938 -0.211336 -393.301145 0
25 37500.000000 490.496058 -269.241222 559.533036 -0.502011 -488.146664 0
26 39000.000000 657.800663 -200.725276 687.744392 -0.296171 -518.630588 0
27 40500.000000 476.468188 31.232817 477.490757 0.065457 -225.839402 0
28 42000.000000 352.103063 -74.211198 359.838670 -0.207725 -249.420169 0
29 43500.000000 536.554244 231.659246 584.428322 0.407577 -87.647894 0
30 45000.000000 385.964564 -22.011866 386.591732 -0.056969 -223.074598 0
0 0.000000 382.419604 169.837657 418.437072 0.417948 -59.296747 0
1 1500.000000 476.199638 388.758936 614.735394 0.684648 76.344038 1
2 3000.000000 65.281844 556.069400 559.888289 1.453933 436.407942 1
3 4500.000000 99.197143 312.279374 327.656041 1.263222 211.854017 1
4 6000.000000 635.187132 512.280597 816.023347 0.678694 96.519084 1
5 7500.000000 346.195340 744.632124 821.174898 1.135603 446.905130 1
6 9000.000000 89.489081 653.722442 659.819162 1.434750 506.276547 1
7 10500.000000 139.899238 486.856276 506.557825 1.290983 338.127428 1
8 12000.000000 301.984077 762.753482 820.358006 1.193818 485.746756 1
9 13500.000000 -108.273677 872.470401 879.163119 1.694265 796.667731 1
10 15000.000000 -10.552883 651.748722 651.834150 1.586987 557.756929 1
11 16500.000000 120.451352 801.658626 810.657190 1.421659 615.155192 1
12 18000.000000 239.614795 859.021438 891.814488 1.298772 600.440206 1
13 19500.000000 118.868545 855.243507 863.464642 1.432693 661.392318 1
14 21000.000000 345.706006 476.799581 588.940136 0.943452 220.262050 1
15 22500.000000 274.705886 176.681742 326.618680 0.571557 3.729942 1
16 24000.000000 126.889954 -177.460014 218.158468 -0.950051 -217.757902 0
17 25500.000000 164.789582 -55.142563 173.770851 -0.322912 -134.268832 0
18 27000.000000 58.545628 7.593260 59.035990 0.128978 -24.672524 0
19 28500.000000 81.330621 -104.595160 132.494594 -0.909879 -131.822308 0
20 30000.000000 65.053537 97.534655 117.238951 0.982578 48.066594 1
21 31500.000000 298.673264 -23.452890 299.592652 -0.078363 -178.554545 0
22 33000.000000 467.618022 92.839631 476.745018 0.195989 -169.794213 0
23 34500.000000 426.559911 380.028363 571.292320 0.727773 95.321329 1
24 36000.000000 510.898461 -118.368239 524.431385 -0.227669 -371.720819 0
25 37500.000000 479.013833 -269.677369 549.709137 -0.512757 -482.966915 0
26 39000.000000 643.146646 -187.604613 669.950072 -0.283823 -500.640377 0
27 40500.000000 450.978244 30.045523 451.977998 0.066525 -214.151543 0
28 42000.000000 333.437747 -62.419632 339.229924 -0.185058 -230.036924 0
29 43500.000000 490.137074 246.322833 548.551993 0.465693 -51.730332 0
30 45000.000000 355.473387 -85.398923 365.587616 -0.235772 -261.212156 0
0 0.000000 366.355535 134.944938 390.418383 0.352923 -93.029882 0
1 1500.000000 442.509103 363.133887 572.433862 0.687191 53.542227 1
2 3000.000000 32.899665 515.778680 516.826891 1.507096 409.168599 1
3 4500.000000 81.970236 249.779087 262.885359 1.253699 161.216682 1
4 6000.000000 588.871019 518.562730 784.650484 0.721996 100.531575 1
5 7500.000000 304.375710 726.181411 787.390637 1.173895 431.755933 1
6 9000.000000 81.362635 630.780388 636.006114 1.442517 477.397919 1
7 10500.000000 116.540285 473.212701 487.351924 1.329327 327.103652 1
8 12000.000000 285.829475 768.949260 820.354468 1.214909 477.582087 1
9 13500.000000 -132.387610 843.406706 853.733770 1.726494 773.207032 1
10 15000.000000 -53.374396 639.376757 641.600704 1.654082 559.880150 1
11 16500.000000 73.616438 792.004364 795.418313 1.478113 615.381241 1
12 18000.000000 216.451818 858.944796 885.797693 1.323939 590.988037 1
13 19500.000000 79.013248 862.889618 866.499617 1.479483 671.125165 1
14 21000.000000 294.887150 497.078397 577.966577 1.035362 247.141526 1
15 22500.000000 282.477857 199.501237 345.824353 0.614911 7.397124 1
16 24000.000000 136.253864 -169.054110 217.127629 -0.892421 -216.346388 0
17 25500.000000 157.768119 -55.875571 167.370423 -0.340378 -134.556494 0
18 27000.000000 63.354012 -4.660061 63.525168 -0.073424 -39.295862 0
19 28500.000000 66.277085 -130.441916 146.313859 -1.100692 -145.200983 0
20 30000.000000 33.315567 93.970494 99.701458 1.230090 59.266596 1
21 31500.000000 283.962563 -0.777655 283.963628 -0.002739 -159.459894 0
22 33000.000000 437.753813 91.965924 447.309883 0.207075 -168.590300 0
23 34500.000000 385.439432 386.300065 545.702571 0.786513 104.664519 1
24 36000.000000 500.611395 -102.270234 510.951044 -0.201518 -364.762792 0
25 37500.000000 461.893035 -263.726162 531.880310 -0.518799 -476.951592 0
26 39000.000000 604.481027 -164.093512 626.357719 -0.265074 -474.105331 0
27 40500.000000 420.580081 61.404991 425.039031 0.144976 -184.319654 0
28 42000.000000 286.334279 -40.741090 289.218180 -0.141336 -193.915132 0
29 43500.000000 455.199964 297.985439 544.060961 0.579620 -7.562129 0
30 45000.000000 346.713296 -3.022032 346.726466 -0.008716 -196.415806 0
0 0.000000 324.907381 187.749777 375.252961 0.523978 -38.972188 0
1 1500.000000 360.169840 410.426600 546.051562 0.850524 120.497720 1
2 3000.000000 -18.432170 542.624299 542.937266 1.604752 449.916694 1
3 4500.000000 32.390134 296.132630 297.898733 1.461852 220.597342 1
4 6000.000000 542.368091 569.825096 786.678960 0.810080 142.431953 1
5 7500.000000 245.366963 772.231272 810.275313 1.263147 480.718838 1
6 9000.000000 20.698532 657.215686 657.541548 1.539312 519.652020 1
7 10500.000000 42.945824 499.281124 501.124720 1.484992 378.781432 1
8 12000.000000 208.090416 780.564967 807.826274 1.310266 509.364042 1
9 13500.000000 -197.793651 831.782096 854.975896 1.804255 789.283664 1
10 15000.000000 -112.224746 602.729731 613.088511 1.754882 553.660857 1
11 16500.000000 8.192167 784.976669 785.019415 1.560361 630.383172 1
12 18000.000000 146.575058 864.110775 876.454037 1.402770 613.111640 1
13 19500.000000 24.532537 828.120549 828.483850 1.541181 655.694130 1
14 21000.000000 268.266219 473.965684 544.619348 1.055749 225.910520 1
15 22500.000000 266.405854 180.381765 321.729172 0.595187 -10.562041 0
16 24000.000000 165.934734 -182.783482 246.868664 -0.833677 -245.400962 0
17 25500.000000 174.788119 -69.837089 188.223552 -0.380121 -159.207465 0
18 27000.000000 52.882204 -49.467729 72.412593 -0.752050 -71.099540 0
19 28500.000000 99.263343 -174.372121 200.646076 -1.053285 -199.422118 0
20 30000.000000 33.641523 76.142109 83.242855 1.154761 41.847638 1
21 31500.000000 266.189401 -2.372440 266.199973 -0.008912 -158.318012 0
22 33000.000000 445.959169 99.491304 456.922422 0.219501 -181.513567 0
23 34500.000000 352.715959 399.818787 533.163774 0.847909 116.293458 1
24 36000.000000 485.101420 -93.596688 494.048305 -0.190600 -360.756561 0
25 37500.000000 483.834234 -240.462226 540.294039 -0.461239 -478.854375 0
26 39000.000000 619.992132 -115.808751 630.715396 -0.184663 -457.984738 0
27 40500.000000 418.245475 53.952841 421.711022 0.128290 -202.079861 0
28 42000.000000 317.676140 -57.697332 322.873214 -0.179665 -233.337220 0
29 43500.000000 423.514088 299.854306 518.918864 0.616085 -6.194036 0
30 45000.000000 341.281314 -5.786344 341.330363 -0.016953 -205.200392 0
0 0.000000 318.889112 158.175667 355.963211 0.460459 -80.792770 0
1 1500.000000 371.679244 419.034032 560.120505 0.845215 86.909380 1
2 3000.000000 -58.864608 504.587305 508.009242 1.686930 426.789231 1
3 4500.000000 2.905637 248.152750 248.169760 1.559088 189.629509 1
4 6000.000000 530.164185 540.618203 757.193572 0.795161 79.914105 1
5 7500.000000 231.767909 752.170213 787.068226 1.271896 432.958025 1
6 9000.000000 7.634913 605.751599 605.799712 1.558193 462.548994 1
7 10500.000000 35.750122 469.393210 470.752650 1.494781 339.449272 1
8 12000.000000 204.907198 771.901775 798.635906 1.311323 465.269052 1
9 13500.000000 -223.114392 777.464840 808.845850 1.850263 741.823066 1
10 15000.000000 -105.436992 549.821784 559.840114 1.760262 491.317083 1
11 16500.000000 -0.119126 754.593060 754.593070 1.570954 582.329215 1
12 18000.000000 153.766987 831.804681 845.897934 1.388000 544.020807 1
13 19500.000000 13.914550 804.176645 804.297017 1.553495 611.661808 1
14 21000.000000 284.892941 475.762115 554.539068 1.031249 185.885627 1
15 22500.000000 275.318070 190.509296 334.804169 0.605310 -28.128508 0
16 24000.000000 201.741626 -170.456796 264.112103 -0.701541 -259.853006 0
17 25500.000000 213.633150 -30.017382 215.731699 -0.139595 -159.052312 0
18 27000.000000 76.201444 -0.389000 76.202437 -0.005105 -48.771353 0
19 28500.000000 123.470111 -157.921667 200.459775 -0.907225 -200.392791 0
20 30000.000000 36.472846 75.779756 84.100178 1.122220 35.272490 1
21 31500.000000 289.141366 -16.665521 289.621251 -0.057574 -196.780087 0
22 33000.000000 473.693934 112.500312 486.869862 0.233176 -214.506688 0
23 34500.000000 361.182212 434.842762 565.279416 0.877671 105.784681 1
24 36000.000000 486.968771 -52.268592 489.765852 -0.106925 -350.088465 0
25 37500.000000 488.408341 -202.950281 528.896515 -0.393826 -467.272040 0
26 39000.000000 646.031478 -62.949854 649.091176 -0.097134 -459.508914 0
27 40500.000000 415.979382 94.470793 426.571890 0.223317 -191.706676 0
28 42000.000000 319.792811 -28.160219 321.030279 -0.087831 -225.146705 0
29 43500.000000 424.818892 318.049051 530.684737 0.642649 -24.813646 0
30 45000.000000 354.210873 9.668540 354.342804 0.027289 -217.850646 0
0 0.000000 319.652016 176.206704 365.001663 0.503799 -96.344179 0
1 1500.000000 359.056663 446.766014 573.168002 0.893816 70.262969 1
2 3000.000000 -74.169679 542.024471 547.075560 1.706790 440.459047 1
3 4500.000000 -1.886826 267.897992 267.904636 1.577839 193.469963 1
4 6000.000000 488.740739 572.191762 752.509749 0.863895 69.863873 1
5 7500.000000 215.704509 776.965066 806.351753 1.299992 406.991983 1
6 9000.000000 -18.699353 610.816805 611.102966 1.601400 451.150279 1
7 10500.000000 10.294597 491.204395 491.312259 1.549842 345.153022 1
8 12000.000000 157.687875 797.170526 812.616954 1.375508 461.910467 1
9 13500.000000 -264.694240 783.469787 826.975179 1.896605 746.397162 1
10 15000.000000 -138.383433 563.681604 580.419611 1.811535 500.736897 1
11 16500.000000 -52.424810 759.100566 760.908687 1.639749 581.009529 1
12 18000.000000 105.097137 843.159756 849.684520 1.446789 531.542143 1
13 19500.000000 -46.000067 806.111779 807.423189 1.627799 610.252540 1
14 21000.000000 220.249964 499.144567 545.577992 1.155239 204.552382 1
15 22500.000000 225.879660 213.544268 310.842043 0.757334 -4.222932 0
16 24000.000000 180.922324 -160.864070 242.095304 -0.726779 -241.448800 0
17 25500.000000 196.381054 7.215050 196.513550 0.036724 -131.662234 0
18 27000.000000 62.806236 22.507613 66.717434 0.344108 -27.619044 0
19 28500.000000 109.592996 -138.481960 176.600900 -0.901329 -175.692848 0
20 30000.000000 15.658929 104.571948 105.737856 1.422158 64.095270 1
21 31500.000000 282.622648 14.748137 283.007189 0.052136 -186.351703 0
22 33000.000000 455.791916 141.292891 477.189639 0.300600 -216.248442 0
23 34500.000000 333.650274 477.361436 582.405740 0.960778 109.911201 1
24 36000.000000 471.141813 -13.183167 471.326219 -0.027974 -337.745242 0
25 37500.000000 474.109829 -170.156546 503.719545 -0.344579 -452.405659 0
26 39000.000000 642.059441 -8.527241 642.116064 -0.013280 -453.500266 0
27 40500.000000 406.682180 128.019114 426.355824 0.304969 -191.549898 0
28 42000.000000 312.095881 -2.758176 312.108069 -0.008837 -219.445266 0
29 43500.000000 407.533195 351.512949 538.186453 0.711728 -31.837425 0
30 45000.000000 355.824613 28.583594 356.970835 0.080158 -227.434720 0
0 0.000000 312.935635 194.929971 368.681984 0.557093 -93.766241 0
1 1500.000000 334.605159 480.828474 585.795727 0.962832 86.721009 1
2 3000.000000 -101.525715 547.632844 556.964274 1.754105 449.734692 1
3 4500.000000 -15.698408 266.334323 266.796573 1.629671 194.232345 1
4 6000.000000 448.407623 581.223958 734.091742 0.913684 72.876036 1
5 7500.000000 176.291729 791.234752 810.636298 1.351571 414.915927 1
6 9000.000000 -55.655073 609.359717 611.896031 1.661877 458.747532 1
7 10500.000000 -21.720599 484.073075 484.560137 1.615637 348.071251 1
8 12000.000000 122.283478 789.740258 799.151377 1.417176 453.165336 1
9 13500.000000 -299.224988 755.582520 812.674928 1.947866 736.243403 1
10 15000.000000 -173.683433 542.149149 569.290466 1.880827 498.444292 1
11 16500.000000 -87.806219 749.727181 754.851494 1.687383 578.478690 1
12 18000.000000 75.203137 835.023849 838.403447 1.480978 518.485970 1
13 19500.000000 -91.401971 781.436103 786.763435 1.687234 602.859084 1
14 21000.000000 183.633930 488.647632 522.013341 1.211324 201.875760 1
15 22500.000000 200.229204 204.863782 286.462743 0.796838 -4.986441 0
16 24000.000000 166.737338 -167.812042 236.563355 -0.788611 -236.441787 0
17 25500.000000 190.800223 15.336233 191.415582 0.080206 -128.224484 0
18 27000.000000 56.340437 27.279680 62.597331 0.450923 -22.246012 0
19 28500.000000 106.101960 -142.792205 177.896711 -0.931757 -175.173196 0
20 30000.000000 -1.243782 92.081661 92.090060 1.584303 64.110879 1
21 31500.000000 279.573138 21.631650 280.408751 0.077220 -188.459616 0
22 33000.000000 445.443988 162.456790 474.144023 0.349717 -212.417566 0
23 34500.000000 296.966443 481.855418 566.015647 1.018479 114.797113 1
24 36000.000000 461.259670 3.347143 461.271814 0.007256 -333.134384 0
25 37500.000000 476.153335 -152.777017 500.062811 -0.310480 -451.131416 0
26 39000.000000 653.964331 14.872490 654.133424 0.022738 -465.359647 0
27 40500.000000 400.171107 146.333719 426.087399 0.350573 -190.561891 0
28 42000.000000 314.796332 -4.685181 314.831195 -0.014882 -232.138532 0
29 43500.000000 389.063190 344.251388 519.498974 0.724365 -46.630125 0
30 45000.000000 363.981459 23.870197 364.763332 0.065487 -248.305482 0
0 0.000000 301.074083 188.915627 355.435954 0.560375 -88.146535 0
1 1500.000000 328.863884 481.762970 583.306963 0.971826 93.415395 1
2 3000.000000 -119.695577 525.082246 538.552129 1.794922 448.443604 1
3 4500.000000 -15.599855 252.896987 253.377665 1.632403 185.500805 1
4 6000.000000 438.828935 588.015031 733.711463 0.929675 86.879152 1
5 7500.000000 161.037502 780.950045 797.380743 1.367440 421.159210 1
6 9000.000000 -65.820178 594.737395 598.368503 1.681019 457.363107 1
7 10500.000000 -28.103688 481.528375 482.347793 1.629094 352.043338 1
8 12000.000000 113.954190 793.535902 801.676235 1.428168 463.961972 1
9 13500.000000 -312.003364 748.170347 810.620113 1.965890 741.519851 1
10 15000.000000 -170.413378 523.625463 550.658101 1.885434 484.208901 1
11 16500.000000 -102.766509 748.539243 755.560688 1.707233 590.084232 1
12 18000.000000 60.741705 840.671562 842.863115 1.498668 535.005535 1
13 19500.000000 -109.927867 789.807784 797.421138 1.709091 623.701093 1
14 21000.000000 196.017512 490.076908 527.824062 1.190313 195.451072 1
15 22500.000000 212.536364 198.118220 290.555563 0.750302 -17.621055 0
16 24000.000000 221.504498 -162.229718 274.559145 -0.632141 -272.324595 0
17 25500.000000 227.542554 26.716264 229.105593 0.116877 -146.558989 0
18 27000.000000 97.310887 44.235710 106.893436 0.426657 -40.078277 0
19 28500.000000 140.487862 -147.253384 203.520020 -0.808906 -203.274787 0
20 30000.000000 41.022706 62.495307 74.756443 0.989926 13.305689 1
21 31500.000000 308.046151 20.042193 308.697458 0.064971 -209.518393 0
22 33000.000000 453.345309 162.037756 481.433488 0.343276 -217.051122 0
23 34500.000000 311.498996 477.655746 570.251380 0.992917 103.175367 1
24 36000.000000 513.178081 9.177259 513.260134 0.017881 -365.715762 0
25 37500.000000 519.168966 -145.778074 539.247310 -0.273742 -476.789728 0
26 39000.000000 706.978771 38.581700 708.030741 0.054519 -485.961456 0
27 40500.000000 430.791299 174.293378 464.714241 0.384456 -192.258743 0
28 42000.000000 356.874274 1.873311 356.879191 0.005249 -257.431583 0
29 43500.000000 414.652531 331.646922 530.967421 0.674630 -72.176052 0
30 45000.000000 414.491885 34.120822 415.893921 0.082134 -276.990847 0
0 0.000000 317.507669 207.514139 379.306259 0.578882 -93.247873 0
1 1500.000000 343.813527 490.134944 598.698592 0.959086 78.692154 1
2 3000.000000 -115.284340 532.624583 544.958187 1.783954 445.387451 1
3 4500.000000 -7.161139 271.206207 271.300734 1.597195 188.848106 1
4 6000.000000 416.447361 604.712111 734.237796 0.967715 102.783769 1
5 7500.000000 159.293246 780.900716 796.981973 1.369570 411.331120 1
6 9000.000000 -74.402342 615.824354 620.302622 1.691031 471.612014 1
7 10500.000000 -26.209800 516.454932 517.119571 1.621502 368.876050 1
8 12000.000000 89.401945 824.302772 829.136761 1.462761 492.155409 1
9 13500.000000 -325.191034 763.690661 830.043754 1.973357 756.302786 1
10 15000.000000 -197.043567 548.292952 582.624517 1.915800 516.174857 1
11 16500.000000 -122.362421 758.453090 768.260146 1.730750 603.458685 1
12 18000.000000 24.640857 871.140820 871.489243 1.542518 571.529221 1
13 19500.000000 -132.072544 805.096883 815.857922 1.733394 642.178890 1
14 21000.000000 198.647604 503.231462 541.020125 1.194829 194.411335 1
15 22500.000000 246.399863 214.004735 326.360107 0.715152 -36.513153 0
16 24000.000000 248.970053 -151.261425 291.317878 -0.545952 -285.650225 0
17 25500.000000 269.599230 39.612968 272.493912 0.145889 -171.633961 0
18 27000.000000 114.421271 64.380975 131.290278 0.512516 -40.644763 0
19 28500.000000 167.692265 -151.124700 225.741823 -0.733479 -225.730421 0
20 30000.000000 62.011395 61.079425 87.040848 0.777827 -4.301494 0
21 31500.000000 318.783854 36.535623 320.870686 0.114111 -209.920987 0
22 33000.000000 463.223160 177.038877 495.901663 0.365059 -221.135089 0
23 34500.000000 314.813862 483.749015 577.166247 0.993873 95.715761 1
24 36000.000000 544.646219 34.459954 545.735277 0.063186 -377.579597 0
25 37500.000000 550.136673 -131.044065 565.528872 -0.233845 -493.649130 0
26 39000.000000 729.958295 71.994477 733.500045 0.098310 -488.578035 0
27 40500.000000 444.641504 203.474344 488.986580 0.429168 -189.563517 0
28 42000.000000 375.896961 18.674795 376.360563 0.049640 -264.050840 0
29 43500.000000 429.346066 336.015190 545.201112 0.664054 -88.589154 0
30 45000.000000 439.656120 47.402429 442.204132 0.107402 -291.537456 0
0 0.000000 318.548905 228.870197 392.243511 0.623020 -83.713268 0
1 1500.000000 345.409045 493.127192 602.064644 0.959771 73.075840 1
2 3000.000000 -126.591180 540.267545 554.900303 1.800956 455.478176 1
3 4500.000000 -12.434598 280.195372 280.471150 1.615146 196.660520 1
4 6000.000000 392.676519 618.910910 732.970370 1.005421 122.072768 1
5 7500.000000 135.338716 787.021793 798.573648 1.400499 425.816097 1
6 9000.000000 -89.155059 614.918105 621.347649 1.714780 477.581510 1
7 10500.000000 -29.282351 522.367912 523.188008 1.626795 371.168948 1
8 12000.000000 66.811161 830.348525 833.032055 1.490508 505.737842 1
9 13500.000000 -348.598112 767.285926 842.762325 1.997242 772.359605 1
10 15000.000000 -203.491712 549.444666 585.916648 1.925492 518.782164 1
11 16500.000000 -139.845098 770.277852 782.869479 1.750392 619.179982 1
12 18000.000000 -0.870061 880.935161 880.935590 1.571784 589.886451 1
13 19500.000000 -146.283298 804.211377 817.407330 1.750726 646.663398 1
14 21000.000000 194.038598 496.221988 532.810698 1.198045 187.670233 1
15 22500.000000 254.806864 222.418958 338.225858 0.717635 -40.644409 0
16 24000.000000 264.553219 -151.515128 304.869218 -0.520120 -298.006494 0
17 25500.000000 286.096218 35.325770 288.268895 0.122853 -189.046837 0
18 27000.000000 133.217084 75.111445 152.933059 0.513397 -48.789146 0
19 28500.000000 188.867248 -148.073378 239.992839 -0.664913 -239.441648 0
20 30000.000000 78.094804 56.556658 96.423306 0.626787 -20.223783 0
21 31500.000000 335.776405 44.510398 338.713699 0.131791 -219.834217 0
22 33000.000000 455.866210 176.666294 488.901811 0.369719 -220.709052 0
23 34500.000000 309.588590 470.189855 562.959674 0.988516 84.361395 1
24 36000.000000 542.752408 43.900777 544.524980 0.080710 -374.101864 0
25 37500.000000 553.730004 -131.632424 569.160796 -0.233388 -499.672887 0
26 39000.000000 736.215148 83.658919 740.953143 0.113148 -491.322970 0
27 40500.000000 451.250102 213.375210 499.154921 0.441696 -192.723724 0
28 42000.000000 368.247191 23.210992 368.977972 0.062948 -258.218787 0
29 43500.000000 427.529344 335.061943 543.183069 0.664733 -93.696619 0
30 45000.000000 429.255320 58.250017 433.189559 0.134876 -280.133546 0
