0 0.000000 -166.388410 -205.500700 264.415658 -2.251408 -205.835213 0
1 1500.000000 -177.915628 -323.436058 369.140698 -2.073701 -241.873099 0
2 3000.000000 -144.445142 -199.306456 246.145206 -2.197933 -183.080442 0
3 4500.000000 -118.038078 -227.218933 256.049665 -2.049914 -163.124213 0
4 6000.000000 -171.383059 -231.324743 287.894581 -2.208433 -216.141813 0
5 7500.000000 23.734068 -153.255306 155.082220 -1.417151 -8.980544 0
6 9000.000000 -9.557064 -214.673549 214.886179 -1.615286 -54.427764 0
7 10500.000000 24.614004 -332.783066 333.692101 -1.496967 -45.823056 0
8 12000.000000 -39.019208 -145.818591 150.948865 -1.832258 -68.772566 0
9 13500.000000 -11.735404 -159.557287 159.988273 -1.644214 -44.982497 0
10 15000.000000 -89.786132 -278.765132 292.867800 -1.882390 -146.327588 0
11 16500.000000 -120.238999 -160.288007 200.373806 -2.214389 -151.219813 0
12 18000.000000 -196.107877 -174.143727 262.267683 -2.415447 -228.306594 0
13 19500.000000 -175.910185 -98.842931 201.777893 -2.629663 -192.745326 0
14 21000.000000 -147.020000 44.167334 153.511022 2.849753 -134.465676 0
15 22500.000000 -329.785602 -168.814873 370.482125 -2.668476 -357.884053 0
16 24000.000000 -169.647414 -67.121861 182.443387 -2.764837 -179.960444 0
17 25500.000000 -108.486821 -36.859349 114.577494 -2.814070 -113.808330 0
18 27000.000000 -152.777767 -32.371765 156.169707 -2.932793 -156.169100 0
19 28500.000000 -167.176694 10.332886 167.495718 3.079863 -161.278465 0
20 30000.000000 -139.039695 105.508156 174.539416 2.492461 -113.781084 0
21 31500.000000 -328.043511 66.810382 334.777795 2.940677 -306.696889 0
22 33000.000000 -235.441645 32.097991 237.619547 3.006097 -223.450126 0
23 34500.000000 -225.595990 -68.178312 235.673148 -2.848106 -234.883177 0
24 36000.000000 -371.119421 -57.710141 375.579665 -2.987325 -374.962857 0
25 37500.000000 -446.165852 -49.915048 448.949306 -3.030180 -446.698621 0
26 39000.000000 -183.862482 62.838095 194.303985 2.812271 -166.565466 0
27 40500.000000 -136.024165 -22.462730 137.866413 -2.977932 -137.708113 0
28 42000.000000 -326.614891 -96.014406 340.435094 -2.855679 -339.495144 0
29 43500.000000 -328.315014 -144.105883 358.548817 -2.727986 -351.257098 0
30 45000.000000 -198.280864 -74.973040 211.981740 -2.780094 -209.604174 0
0 0.000000 -158.771180 -217.260918 269.092166 -2.201886 -133.669962 0
1 1500.000000 -161.955067 -326.058372 364.065249 -2.031805 -124.755745 0
2 3000.000000 -129.928939 -196.585970 235.642893 -2.154815 -107.301292 0
3 4500.000000 -89.240519 -121.079186 150.412897 -2.205953 -75.246964 0
4 6000.000000 -169.977391 -293.952852 339.559410 -2.095067 -136.292754 0
5 7500.000000 29.944691 -181.337109 183.792904 -1.407141 49.891180 1
6 9000.000000 2.789614 -246.191141 246.206945 -1.559466 30.103897 1
7 10500.000000 47.945473 -339.965837 343.330073 -1.430690 85.391257 1
8 12000.000000 -26.169031 -160.965650 163.078995 -1.731962 -8.137260 0
9 13500.000000 -17.651078 -159.356488 160.331066 -1.681111 0.149394 1
10 15000.000000 -82.942201 -284.950661 296.776495 -1.854046 -50.794977 0
11 16500.000000 -97.290395 -163.518857 190.273060 -2.107516 -78.535533 0
12 18000.000000 -187.166860 -186.178168 263.995727 -2.358843 -165.340843 0
13 19500.000000 -181.363246 -117.940920 216.339288 -2.565005 -167.148633 0
14 21000.000000 -150.818218 10.224007 151.164365 3.073906 -151.020972 0
15 22500.000000 -321.922653 -206.750042 382.596098 -2.570695 -296.979797 0
16 24000.000000 -168.343810 -84.525337 188.372426 -2.676267 -157.919392 0
17 25500.000000 -100.639772 -51.757799 113.169048 -2.666580 -94.271640 0
18 27000.000000 -168.736543 -48.106347 175.460086 -2.863863 -162.352843 0
19 28500.000000 -185.342385 -16.157693 186.045345 -3.054635 -182.402895 0
20 30000.000000 -148.254437 81.767925 169.308510 2.637570 -156.415666 0
21 31500.000000 -341.878546 16.045652 342.254880 3.094693 -341.546555 0
22 33000.000000 -278.571112 -2.981277 278.587064 -3.130891 -276.518137 0
23 34500.000000 -239.673145 -102.641784 260.726968 -2.736966 -226.796558 0
24 36000.000000 -367.730658 -101.107111 381.377090 -2.873274 -354.232853 0
25 37500.000000 -460.524937 -90.477017 469.328571 -2.947598 -447.633646 0
26 39000.000000 -197.643435 60.915750 206.817930 2.842621 -203.184407 0
27 40500.000000 -129.152284 -57.277436 141.283464 -2.724168 -121.995125 0
28 42000.000000 -320.704185 -143.199370 351.222485 -2.721640 -302.824099 0
29 43500.000000 -385.794052 -155.858848 416.087768 -2.757647 -366.106185 0
30 45000.000000 -189.703866 -93.751604 211.605576 -2.682596 -178.123133 0
0 0.000000 -160.986187 -244.792174 292.984233 -2.152527 -129.109875 0
1 1500.000000 -143.991081 -361.042465 388.696659 -1.950285 -97.710479 0
2 3000.000000 -95.274297 -219.206556 239.016120 -1.980797 -67.113452 0
3 4500.000000 -91.561612 -268.290543 283.484293 -1.899680 -57.291704 0
4 6000.000000 -157.972162 -265.706305 309.119789 -2.107189 -123.504089 0
5 7500.000000 45.445332 -202.408051 207.447096 -1.349936 70.400758 1
6 9000.000000 -12.793680 -268.823549 269.127811 -1.618352 20.924538 1
7 10500.000000 60.291038 -364.638019 369.588818 -1.406934 105.417624 1
8 12000.000000 -26.301959 -185.979647 187.830301 -1.711288 -2.837759 0
9 13500.000000 -45.792700 -162.656246 168.979365 -1.845224 -25.092207 0
10 15000.000000 -90.337584 -285.856888 299.791660 -1.876888 -53.880522 0
11 16500.000000 -86.976130 -165.982239 187.389837 -2.053466 -65.536405 0
12 18000.000000 -199.807393 -181.424018 269.884547 -2.404378 -175.550844 0
13 19500.000000 -195.830489 -100.684807 220.197663 -2.666695 -181.702018 0
14 21000.000000 -142.585526 38.530869 147.699899 2.877667 -146.284685 0
15 22500.000000 -326.687429 -202.455223 384.334221 -2.586798 -298.804782 0
16 24000.000000 -168.918356 -89.619621 191.219998 -2.653805 -156.384910 0
17 25500.000000 -84.999164 -49.994184 98.611745 -2.609915 -78.079869 0
18 27000.000000 -189.836888 -62.766161 199.944080 -2.822275 -180.497392 0
19 28500.000000 -179.900589 -20.767293 181.095285 -3.026664 -175.891273 0
20 30000.000000 -140.777855 118.156019 183.791320 2.443339 -154.448744 0
21 31500.000000 -382.950359 21.250531 383.539519 3.086158 -382.601606 0
22 33000.000000 -322.291347 -1.458977 322.294649 -3.137066 -319.578837 0
23 34500.000000 -229.624111 -58.729997 237.015706 -2.891195 -220.477020 0
24 36000.000000 -375.228608 -91.870749 386.311717 -2.901477 -360.794067 0
25 37500.000000 -448.863935 -105.747621 461.152244 -2.910222 -432.115966 0
26 39000.000000 -198.495685 90.907896 218.322657 2.712119 -208.305957 0
27 40500.000000 -115.214702 -30.089991 119.079113 -2.886134 -110.547331 0
28 42000.000000 -330.151956 -149.093406 362.255653 -2.717417 -308.915285 0
29 43500.000000 -336.296723 -148.643910 367.682605 -2.725410 -315.068026 0
30 45000.000000 -173.022224 -59.797229 183.063920 -2.808839 -164.186008 0
0 0.000000 -94.400447 -255.763098 272.628331 -1.924378 18.660711 1
1 1500.000000 -92.834128 -344.477173 356.767008 -1.834035 56.432323 1
2 3000.000000 -27.173178 -198.960908 200.807929 -1.706532 56.718268 1
3 4500.000000 -84.312203 -241.675513 255.960155 -1.906460 22.092442 1
4 6000.000000 -102.022730 -241.439120 262.109683 -1.970599 5.839393 1
5 7500.000000 83.502266 -145.775706 167.997574 -1.050607 135.892622 1
6 9000.000000 66.850642 -265.183674 273.480144 -1.323850 169.619254 1
7 10500.000000 113.204772 -388.456870 404.615941 -1.287228 262.405537 1
8 12000.000000 19.810985 -245.072152 245.871582 -1.490134 118.468994 1
9 13500.000000 57.030844 -228.749350 235.751526 -1.326462 145.735519 1
10 15000.000000 4.158924 -304.002218 304.030665 -1.557117 128.331987 1
11 16500.000000 -40.648810 -232.482910 236.009808 -1.743893 58.157970 1
12 18000.000000 -131.642390 -255.534767 287.450406 -2.046502 -15.406326 0
13 19500.000000 -176.603952 -141.876855 226.534761 -2.464805 -102.983241 0
14 21000.000000 -91.963001 -26.757575 95.776623 -2.858450 -72.930548 0
15 22500.000000 -281.672508 -265.435891 387.034384 -2.385863 -148.213318 0
16 24000.000000 -118.419542 -164.700652 202.853378 -2.194160 -40.555204 0
17 25500.000000 -43.651349 -159.726622 165.583918 -1.837570 25.613478 1
18 27000.000000 -94.906964 -195.739034 217.534138 -2.022263 -6.390912 0
19 28500.000000 -105.311161 -105.356499 148.964535 -2.355979 -52.908272 0
20 30000.000000 -123.094062 -0.825472 123.096830 -3.134887 -111.952859 0
21 31500.000000 -386.234193 -98.365306 398.563151 -2.892216 -312.040828 0
22 33000.000000 -256.996001 -89.018257 271.976460 -2.808146 -197.974028 0
23 34500.000000 -187.838846 -114.047890 219.750662 -2.595926 -124.632594 0
24 36000.000000 -338.128857 -197.650550 391.659117 -2.612617 -227.483976 0
25 37500.000000 -410.836644 -180.083456 448.571956 -2.728483 -301.007312 0
26 39000.000000 -160.672723 53.213644 169.255475 2.821770 -168.371278 0
27 40500.000000 -133.295418 -70.100967 150.604827 -2.657435 -92.879402 0
28 42000.000000 -307.858621 -175.443205 354.340583 -2.623613 -208.967828 0
29 43500.000000 -313.723660 -165.330111 354.621743 -2.656585 -218.461084 0
30 45000.000000 -138.206611 -82.348662 160.879984 -2.604240 -92.342165 0
0 0.000000 -74.899733 -246.034595 257.182798 -1.866310 -16.513278 0
1 1500.000000 -82.163986 -345.632219 355.264059 -1.804185 -0.755821 0
2 3000.000000 -44.526554 -209.501297 214.180782 -1.780216 4.677676 1
3 4500.000000 -72.198683 -263.639783 273.347005 -1.838096 -9.848930 0
4 6000.000000 -95.658039 -262.152365 279.059712 -1.920678 -33.024676 0
5 7500.000000 74.966731 -190.897174 205.089595 -1.196592 116.725651 1
6 9000.000000 70.952596 -295.564240 303.961331 -1.335196 136.808645 1
7 10500.000000 114.701589 -383.496437 400.282364 -1.280171 199.547497 1
8 12000.000000 19.178849 -266.503116 267.192326 -1.498955 79.752247 1
9 13500.000000 40.653886 -231.791186 235.329327 -1.397172 92.699412 1
10 15000.000000 -26.083110 -350.893895 351.861981 -1.644993 55.038078 1
11 16500.000000 -49.585276 -237.653822 242.771577 -1.776490 6.206340 1
12 18000.000000 -131.496583 -259.239946 290.683162 -2.040218 -68.576671 0
13 19500.000000 -178.819411 -163.959390 242.608869 -2.399519 -136.478499 0
14 21000.000000 -139.495454 -38.745850 144.776457 -2.870665 -126.901053 0
15 22500.000000 -289.314232 -295.284073 413.394979 -2.345983 -213.931396 0
16 24000.000000 -173.568655 -179.362018 249.593292 -2.339781 -127.837162 0
17 25500.000000 -105.146373 -151.497500 184.410553 -2.177516 -67.623114 0
18 27000.000000 -171.941961 -189.945063 256.209221 -2.306488 -123.828082 0
19 28500.000000 -175.644386 -107.572424 205.967902 -2.592073 -146.312202 0
20 30000.000000 -170.673619 10.510549 170.996947 3.080088 -168.539031 0
21 31500.000000 -386.644489 -85.172452 395.914520 -2.924769 -356.829269 0
22 33000.000000 -317.785827 -75.843167 326.710909 -2.907314 -291.942082 0
23 34500.000000 -205.801585 -105.613119 231.318878 -2.667457 -176.115641 0
24 36000.000000 -363.356808 -176.570785 403.986896 -2.689254 -313.212552 0
25 37500.000000 -408.846900 -161.444931 439.568258 -2.765509 -360.958538 0
26 39000.000000 -187.734471 46.239033 193.344976 2.900099 -193.334854 0
27 40500.000000 -91.247923 -72.911578 116.800179 -2.467432 -72.106993 0
28 42000.000000 -248.034297 -194.168757 314.996062 -2.477409 -196.926598 0
29 43500.000000 -253.055029 -214.669239 331.842930 -2.438080 -197.114846 0
30 45000.000000 -81.380397 -140.611728 162.463617 -2.095452 -46.984913 0
0 0.000000 3.412656 -315.553001 315.571454 -1.559982 79.659779 1
1 1500.000000 0.427813 -448.082693 448.082897 -1.569842 108.829376 1
2 3000.000000 11.846739 -305.789308 306.018702 -1.532074 85.480931 1
3 4500.000000 -10.112090 -351.385418 351.530889 -1.599566 75.206582 1
4 6000.000000 -100.196194 -389.486633 402.168018 -1.822589 -2.982329 0
5 7500.000000 34.993042 -272.591690 274.828569 -1.443123 99.907306 1
6 9000.000000 37.963040 -300.598176 302.985901 -1.445170 109.565272 1
7 10500.000000 85.819581 -403.464346 412.490581 -1.361213 180.888539 1
8 12000.000000 3.486053 -192.788636 192.820151 -1.552716 50.027974 1
9 13500.000000 58.530578 -176.034911 185.510427 -1.249801 99.383447 1
10 15000.000000 -76.580135 -353.786464 361.979805 -1.783966 11.294349 1
11 16500.000000 -60.553957 -204.301589 213.086652 -1.858942 -9.323725 0
12 18000.000000 -114.665544 -210.515781 239.718754 -2.069553 -60.324035 0
13 19500.000000 -248.752815 -113.177443 273.289400 -2.714605 -213.978507 0
14 21000.000000 -161.764029 24.320274 163.582019 2.992366 -162.842079 0
15 22500.000000 -253.049902 -281.411471 378.452994 -2.303179 -177.443447 0
16 24000.000000 -132.055129 -121.055911 179.145446 -2.399623 -98.841895 0
17 25500.000000 -54.941857 -97.800633 112.176519 -2.082634 -29.646435 0
18 27000.000000 -121.877395 -143.301428 188.120703 -2.275579 -83.584222 0
19 28500.000000 -170.951762 -64.924782 182.865339 -2.778634 -150.163855 0
20 30000.000000 -173.704758 16.334911 174.471121 3.047830 -172.495958 0
21 31500.000000 -359.289071 -117.787178 378.103763 -2.824800 -320.115216 0
22 33000.000000 -290.721117 -90.380181 304.445964 -2.840182 -260.215693 0
23 34500.000000 -197.975951 -120.686786 231.861548 -2.594142 -162.893411 0
24 36000.000000 -385.094823 -201.650343 434.696312 -2.659214 -324.863419 0
25 37500.000000 -437.331514 -213.125015 486.498844 -2.688132 -372.771757 0
26 39000.000000 -274.334678 -1.256051 274.337553 -3.137014 -265.879838 0
27 40500.000000 -182.062052 -116.042306 215.899068 -2.574142 -148.576079 0
28 42000.000000 -368.249425 -248.263239 444.119663 -2.548412 -297.240466 0
29 43500.000000 -379.538964 -284.470258 474.313349 -2.498402 -299.434232 0
30 45000.000000 -233.581858 -159.208166 282.679544 -2.543326 -188.121103 0
0 0.000000 -143.775122 -311.617855 343.186500 -2.003076 -28.036895 0
1 1500.000000 -152.621283 -437.806756 463.646429 -1.906227 6.983030 1
2 3000.000000 -118.971425 -278.133044 302.509818 -1.974994 -16.238530 0
3 4500.000000 -126.907360 -290.369697 316.891210 -1.982833 -19.490407 0
4 6000.000000 -166.864382 -326.456642 366.630142 -2.043315 -44.627362 0
5 7500.000000 -6.973589 -199.805941 199.927600 -1.605684 62.055829 1
6 9000.000000 49.700073 -275.976353 280.415842 -1.392618 141.437847 1
7 10500.000000 134.186555 -378.436676 401.522539 -1.230046 255.968684 1
8 12000.000000 87.818322 -207.033765 224.888945 -1.169626 153.566494 1
9 13500.000000 119.648404 -183.182659 218.795857 -0.992200 175.271899 1
10 15000.000000 63.346172 -365.190044 370.643367 -1.399044 184.886764 1
11 16500.000000 35.390735 -250.075370 252.567209 -1.430210 119.105092 1
12 18000.000000 -43.750313 -274.264547 277.732122 -1.728982 53.081131 1
13 19500.000000 -124.467010 -196.851143 232.899998 -2.134621 -49.308989 0
14 21000.000000 -120.187637 -53.890987 131.716767 -2.720078 -94.376645 0
15 22500.000000 -228.472513 -321.952239 394.782135 -2.187968 -104.036582 0
16 24000.000000 -119.537096 -179.634742 215.772468 -2.157953 -50.590227 0
17 25500.000000 -62.358334 -127.169259 141.635385 -2.026700 -14.902290 0
18 27000.000000 -140.147562 -182.986013 230.489089 -2.224391 -68.796959 0
19 28500.000000 -147.086891 -125.474792 193.335142 -2.435321 -95.061479 0
20 30000.000000 -158.556158 -8.702730 158.794813 -3.086760 -145.928360 0
21 31500.000000 -301.137002 -120.604375 324.390058 -2.760658 -241.418225 0
22 33000.000000 -257.424408 -88.898068 272.342050 -2.809078 -211.249885 0
23 34500.000000 -165.182016 -120.229711 204.304385 -2.512411 -113.857441 0
24 36000.000000 -303.354830 -182.961560 354.258500 -2.598877 -222.090228 0
25 37500.000000 -358.376443 -194.360561 407.688241 -2.644652 -269.852767 0
26 39000.000000 -197.076925 4.218273 197.122064 3.120192 -186.543769 0
27 40500.000000 -70.987775 -90.219751 114.799250 -2.237456 -35.694092 0
28 42000.000000 -252.227917 -221.606224 335.750266 -2.420730 -160.802594 0
29 43500.000000 -268.378985 -254.733989 370.022546 -2.382273 -164.596974 0
30 45000.000000 -147.734957 -114.712015 187.041343 -2.481364 -99.365657 0
0 0.000000 -38.959462 -292.516168 295.099218 -1.703204 101.623958 1
1 1500.000000 -22.998478 -422.075783 422.701900 -1.625231 176.036451 1
2 3000.000000 75.116033 -292.082588 301.586897 -1.319077 202.396238 1
3 4500.000000 43.669506 -339.580729 342.377127 -1.442900 196.662395 1
4 6000.000000 -25.210264 -409.633519 410.408550 -1.632262 168.289251 1
5 7500.000000 82.775550 -266.943005 279.482307 -1.270111 197.478518 1
6 9000.000000 109.447282 -369.501724 385.370252 -1.282827 268.808014 1
7 10500.000000 176.590647 -491.994840 522.726677 -1.226190 385.236569 1
8 12000.000000 82.473131 -290.570502 302.048066 -1.294238 208.204801 1
9 13500.000000 114.320328 -236.975155 263.109030 -1.121316 211.456244 1
10 15000.000000 34.494283 -442.133333 443.476876 -1.492936 236.259080 1
11 16500.000000 15.701347 -315.980417 316.370283 -1.521146 160.925032 1
12 18000.000000 -51.037497 -358.147675 361.765923 -1.712347 121.471680 1
13 19500.000000 -175.697127 -241.071180 298.303192 -2.200603 -43.347073 0
14 21000.000000 -171.195635 -92.120045 194.406913 -2.647933 -108.670141 0
15 22500.000000 -285.289880 -406.756051 496.830757 -2.182447 -63.259355 0
16 24000.000000 -165.272229 -277.021436 322.576790 -2.108715 -17.391665 0
17 25500.000000 -112.574080 -198.017992 227.780703 -2.087735 -7.506474 0
18 27000.000000 -177.443265 -209.409538 274.478536 -2.273750 -59.624959 0
19 28500.000000 -212.119959 -96.119820 232.881723 -2.716131 -143.033232 0
20 30000.000000 -243.737325 -53.669035 249.576138 -2.924859 -190.771895 0
21 31500.000000 -355.094484 -170.745223 394.012720 -2.693387 -234.863760 0
22 33000.000000 -278.316495 -115.826029 301.456034 -2.747228 -192.457777 0
23 34500.000000 -238.331024 -127.752607 270.411548 -2.649538 -151.515116 0
24 36000.000000 -375.377031 -243.878040 447.643176 -2.565437 -218.787878 0
25 37500.000000 -387.387674 -240.109646 455.765128 -2.586729 -231.172559 0
26 39000.000000 -258.902587 -54.279042 264.531215 -2.934935 -203.911602 0
27 40500.000000 -150.149212 -113.534790 188.241692 -2.494169 -80.076512 0
28 42000.000000 -317.201024 -281.169933 423.878545 -2.416337 -149.941263 0
29 43500.000000 -293.284201 -283.413491 407.846576 -2.373309 -127.727329 0
30 45000.000000 -193.091116 -159.564999 250.489856 -2.450977 -96.668535 0
0 0.000000 -90.425499 -319.484061 332.034390 -1.846618 -7.705860 0
1 1500.000000 -75.685609 -453.227553 459.503565 -1.736262 39.993222 1
2 3000.000000 -32.833696 -270.845955 272.828852 -1.691434 35.901853 1
3 4500.000000 -70.665351 -265.814358 275.047023 -1.830631 -1.986703 0
4 6000.000000 -131.542451 -319.181613 345.225026 -1.961711 -47.593475 0
5 7500.000000 -0.254734 -195.004912 195.005078 -1.572103 48.491630 1
6 9000.000000 16.201234 -335.006586 335.398111 -1.522473 99.416458 1
7 10500.000000 91.090512 -388.904247 399.429586 -1.340720 185.399809 1
8 12000.000000 5.716572 -237.946585 238.015244 -1.546776 65.005992 1
9 13500.000000 67.300712 -199.473810 210.521226 -1.245398 115.019996 1
10 15000.000000 2.780614 -332.624253 332.635876 -1.562437 85.826343 1
11 16500.000000 -36.029982 -233.596084 236.358393 -1.723831 23.497013 1
12 18000.000000 -73.514853 -276.109125 285.728337 -1.831012 -2.172762 0
13 19500.000000 -165.669368 -146.273411 221.002828 -2.418292 -123.852875 0
14 21000.000000 -190.976918 -10.062468 191.241827 -3.088952 -182.400931 0
15 22500.000000 -292.892494 -332.612156 443.189417 -2.292779 -200.466004 0
16 24000.000000 -177.986955 -197.129924 265.592852 -2.305207 -123.068787 0
17 25500.000000 -95.775278 -95.982409 135.593240 -2.355114 -68.746427 0
18 27000.000000 -161.151240 -119.278495 200.492098 -2.504416 -126.225076 0
19 28500.000000 -157.231925 -76.265875 174.752287 -2.689974 -133.180447 0
20 30000.000000 -245.585631 15.650482 246.083806 3.077952 -241.703055 0
21 31500.000000 -368.734444 -149.717540 397.970391 -2.755898 -319.612467 0
22 33000.000000 -308.562965 -105.826161 326.205886 -2.811199 -272.320582 0
23 34500.000000 -229.308664 -111.596172 255.021899 -2.688671 -194.139457 0
24 36000.000000 -347.872519 -187.502393 395.186585 -2.647236 -289.968932 0
25 37500.000000 -386.229687 -223.563808 446.266901 -2.616880 -318.095799 0
26 39000.000000 -274.766123 9.823890 274.941687 3.105854 -268.501185 0
27 40500.000000 -151.098826 -74.174616 168.323287 -2.685250 -127.764670 0
28 42000.000000 -318.291798 -251.660083 405.761588 -2.472574 -245.291853 0
29 43500.000000 -298.846376 -281.639118 410.645527 -2.385829 -218.970803 0
30 45000.000000 -181.996515 -114.563816 215.052550 -2.579776 -147.587140 0
0 0.000000 -47.874335 -282.553345 286.580433 -1.738637 0.407593 1
1 1500.000000 -27.544619 -414.808769 415.722288 -1.637102 42.725982 1
2 3000.000000 1.311546 -246.586165 246.589653 -1.565478 42.831686 1
3 4500.000000 -6.967213 -252.270334 252.366526 -1.598407 35.628769 1
4 6000.000000 -59.939722 -315.733616 321.372815 -1.758406 -5.895959 0
5 7500.000000 39.061744 -172.800558 177.160528 -1.348482 67.612786 1
6 9000.000000 24.491938 -295.480367 296.493680 -1.488097 73.917327 1
7 10500.000000 127.629608 -360.296420 382.233995 -1.230354 186.499720 1
8 12000.000000 20.661076 -224.628313 225.576504 -1.479075 58.205767 1
9 13500.000000 87.122490 -204.723026 222.490102 -1.168449 120.364232 1
10 15000.000000 43.703470 -347.024829 349.765958 -1.445518 101.537277 1
11 16500.000000 -3.104100 -244.817255 244.836934 -1.583475 38.181161 1
12 18000.000000 -51.879840 -287.664430 292.305221 -1.749227 -2.679678 0
13 19500.000000 -144.100482 -168.647815 221.826586 -2.277866 -113.631459 0
14 21000.000000 -173.454704 -18.727728 174.462782 -3.034040 -167.821102 0
15 22500.000000 -258.351103 -328.553923 417.962884 -2.237145 -199.312226 0
16 24000.000000 -176.082337 -199.176527 265.850105 -2.294730 -140.013527 0
17 25500.000000 -81.818691 -102.760267 131.354371 -2.243222 -63.338868 0
18 27000.000000 -143.648695 -123.422814 189.388856 -2.431782 -120.804545 0
19 28500.000000 -158.862815 -106.884144 191.472228 -2.549351 -138.587278 0
20 30000.000000 -236.565168 8.674965 236.724172 3.104939 -234.645811 0
21 31500.000000 -381.958534 -156.766933 412.877939 -2.752128 -350.091732 0
22 33000.000000 -323.524247 -102.286082 339.308681 -2.835375 -301.670137 0
23 34500.000000 -235.027559 -127.885013 267.567805 -2.643269 -210.125848 0
24 36000.000000 -324.523772 -212.633179 387.980087 -2.561559 -284.066764 0
25 37500.000000 -381.942769 -263.127905 463.806612 -2.538342 -332.159065 0
26 39000.000000 -284.631182 5.655724 284.687367 3.121725 -281.516314 0
27 40500.000000 -159.087435 -86.895684 181.272369 -2.641661 -142.175861 0
28 42000.000000 -314.087194 -270.362632 414.423356 -2.430869 -264.054468 0
29 43500.000000 -312.868154 -313.395646 442.835536 -2.355352 -255.603685 0
30 45000.000000 -194.069516 -130.078283 233.630770 -2.551102 -169.383659 0
0 0.000000 -34.877506 -309.455733 311.414982 -1.683029 13.922946 1
1 1500.000000 -4.630210 -424.301251 424.326514 -1.581708 61.750196 1
2 3000.000000 6.417073 -283.092498 283.165219 -1.548132 50.589022 1
3 4500.000000 7.050989 -302.888976 302.971035 -1.547521 54.309578 1
4 6000.000000 -31.974861 -358.757652 360.179739 -1.659688 24.496405 1
5 7500.000000 52.653270 -183.193381 190.610025 -1.290921 80.641412 1
6 9000.000000 36.623389 -284.740115 287.085712 -1.442878 80.681576 1
7 10500.000000 151.150272 -361.113484 391.470756 -1.174387 205.738752 1
8 12000.000000 19.349089 -220.663061 221.509760 -1.483334 53.603587 1
9 13500.000000 81.126259 -203.549485 219.120658 -1.191534 111.946311 1
10 15000.000000 51.603206 -358.038978 361.738580 -1.427655 106.934767 1
11 16500.000000 -2.110965 -254.187760 254.196526 -1.579101 37.647649 1
12 18000.000000 -51.561891 -314.870111 319.063968 -1.733112 -1.710016 0
13 19500.000000 -145.760653 -189.750965 239.273059 -2.225824 -114.308514 0
14 21000.000000 -177.054537 -32.298689 179.976428 -2.961154 -169.829446 0
15 22500.000000 -235.667941 -338.517319 412.472245 -2.178952 -179.856628 0
16 24000.000000 -178.469547 -192.290833 262.349278 -2.318934 -146.218328 0
17 25500.000000 -87.607656 -113.112321 143.071655 -2.229806 -68.849912 0
18 27000.000000 -147.928971 -126.500750 194.641774 -2.434119 -126.336963 0
19 28500.000000 -173.753192 -114.074015 207.853440 -2.560641 -153.786196 0
20 30000.000000 -249.326491 25.030404 250.579768 3.041536 -250.174251 0
21 31500.000000 -399.418898 -153.002967 427.721129 -2.775771 -370.592875 0
22 33000.000000 -336.138949 -85.309881 346.795572 -2.893047 -318.672043 0
23 34500.000000 -248.731825 -129.582033 280.462162 -2.661309 -225.419075 0
24 36000.000000 -323.640393 -225.243363 394.306577 -2.533578 -284.453804 0
25 37500.000000 -400.281076 -283.247798 490.361351 -2.525769 -351.085591 0
26 39000.000000 -302.205869 21.636554 302.979418 3.070119 -301.873119 0
27 40500.000000 -178.509899 -87.424241 198.768162 -2.686183 -162.650119 0
28 42000.000000 -307.090834 -276.053786 412.929138 -2.409368 -260.165385 0
29 43500.000000 -319.283722 -318.047952 450.662395 -2.358133 -265.644190 0
30 45000.000000 -197.336865 -125.156604 233.679297 -2.576385 -175.347627 0
0 0.000000 -27.345642 -316.317601 317.497416 -1.657032 17.444580 1
1 1500.000000 15.453963 -426.772248 427.051960 -1.534601 75.363407 1
2 3000.000000 6.633690 -299.097820 299.171375 -1.548621 48.662224 1
3 4500.000000 7.109272 -331.209201 331.285491 -1.549335 53.652378 1
4 6000.000000 -21.039892 -385.945792 386.518863 -1.625258 33.486931 1
5 7500.000000 61.873833 -189.742241 199.575774 -1.255575 87.962018 1
6 9000.000000 51.551657 -266.630310 271.568215 -1.379808 88.563688 1
7 10500.000000 176.115914 -358.807612 399.699534 -1.114506 224.861022 1
8 12000.000000 30.286203 -218.199766 220.291607 -1.432877 60.693854 1
9 13500.000000 91.714055 -200.904162 220.848252 -1.142545 119.076146 1
10 15000.000000 57.046283 -360.856072 365.337355 -1.414008 107.264811 1
11 16500.000000 3.363699 -261.229017 261.250672 -1.557921 40.095184 1
12 18000.000000 -57.698642 -325.035912 330.117369 -1.746481 -11.379310 0
13 19500.000000 -146.304240 -204.705513 251.613350 -2.191324 -116.038112 0
14 21000.000000 -186.885067 -37.873624 190.684136 -2.941643 -179.694691 0
15 22500.000000 -216.772182 -347.175647 409.293427 -2.128955 -165.753649 0
16 24000.000000 -176.240741 -185.566260 255.921151 -2.330425 -148.370278 0
17 25500.000000 -93.263404 -110.089860 144.283886 -2.273638 -76.841261 0
18 27000.000000 -143.012751 -125.572621 190.318497 -2.421037 -123.916424 0
19 28500.000000 -176.741604 -116.875607 211.890307 -2.557329 -158.533571 0
20 30000.000000 -246.785182 28.481020 248.423216 3.026693 -248.337257 0
21 31500.000000 -395.656938 -148.805335 422.714372 -2.781861 -370.776260 0
22 33000.000000 -319.517461 -73.473087 327.856222 -2.915572 -305.996756 0
23 34500.000000 -250.474113 -131.254621 282.780935 -2.658911 -229.508527 0
24 36000.000000 -314.678613 -247.075914 400.086412 -2.475961 -276.773479 0
25 37500.000000 -395.289408 -297.527564 494.748792 -2.496377 -349.481453 0
26 39000.000000 -296.856030 28.559659 298.226687 3.045681 -297.920808 0
27 40500.000000 -182.424657 -83.471309 200.614593 -2.712465 -168.861328 0
28 42000.000000 -295.044124 -283.974017 409.502476 -2.375311 -252.141434 0
29 43500.000000 -313.063551 -316.306477 445.037722 -2.351042 -265.431091 0
30 45000.000000 -191.181148 -121.874369 226.723605 -2.574068 -172.125877 0
0 0.000000 -18.893938 -316.664244 317.227401 -1.630391 18.339824 1
1 1500.000000 32.690080 -427.876264 429.123221 -1.494544 82.599259 1
2 3000.000000 3.053252 -308.600326 308.615430 -1.560903 39.190987 1
3 4500.000000 3.415668 -348.166484 348.183239 -1.560986 44.186883 1
4 6000.000000 -12.083214 -402.628352 402.809625 -1.600798 35.176067 1
5 7500.000000 71.182170 -187.054967 200.141105 -1.207176 92.609127 1
6 9000.000000 73.000662 -252.683565 263.017263 -1.289552 102.104810 1
7 10500.000000 191.150628 -352.586116 401.067989 -1.074009 231.146544 1
8 12000.000000 40.230015 -208.710392 212.552304 -1.380377 64.407546 1
9 13500.000000 97.777661 -191.585951 215.094508 -1.098896 119.552320 1
10 15000.000000 63.293920 -357.278870 362.841992 -1.395460 104.720384 1
11 16500.000000 8.114917 -259.330315 259.457250 -1.539515 38.444809 1
12 18000.000000 -59.119368 -327.548219 332.840706 -1.749364 -20.333250 0
13 19500.000000 -147.578676 -211.815535 258.157484 -2.179326 -121.743660 0
14 21000.000000 -186.002999 -41.551970 190.587728 -2.921807 -179.853129 0
15 22500.000000 -195.143362 -351.680967 402.194523 -2.077384 -152.592651 0
16 24000.000000 -168.199494 -182.923162 248.499402 -2.314286 -145.607764 0
17 25500.000000 -86.372643 -103.442469 134.761188 -2.266507 -73.657318 0
18 27000.000000 -134.606198 -125.935687 184.332921 -2.389461 -118.923098 0
19 28500.000000 -173.346675 -119.194404 210.371993 -2.539233 -158.186602 0
20 30000.000000 -239.638240 28.398741 241.315094 3.023636 -241.315062 0
21 31500.000000 -382.805439 -146.645119 409.932671 -2.775757 -362.986176 0
22 33000.000000 -305.273087 -72.648204 313.798373 -2.907961 -294.658113 0
23 34500.000000 -242.667106 -128.974057 274.811994 -2.653075 -225.883660 0
24 36000.000000 -306.010224 -260.037049 401.573809 -2.437235 -273.433782 0
25 37500.000000 -387.039971 -309.052935 495.291485 -2.467765 -348.162181 0
26 39000.000000 -280.705654 31.506286 282.468247 3.029821 -282.463709 0
27 40500.000000 -181.186309 -83.256482 199.399399 -2.710860 -170.183090 0
28 42000.000000 -278.383970 -289.696254 401.773013 -2.336284 -242.522646 0
29 43500.000000 -297.479465 -320.340997 437.164027 -2.319208 -257.895957 0
30 45000.000000 -175.579571 -128.267467 217.441323 -2.510664 -159.341025 0
0 0.000000 -3.500926 -319.161185 319.180386 -1.581765 24.482979 1
1 1500.000000 56.489969 -426.988239 430.708803 -1.439262 93.692732 1
2 3000.000000 5.761577 -307.887717 307.941621 -1.552085 32.721868 1
3 4500.000000 6.007733 -353.716178 353.767193 -1.553813 36.983360 1
4 6000.000000 -7.483499 -413.134063 413.201835 -1.588908 28.751262 1
5 7500.000000 79.067214 -185.825968 201.947802 -1.168510 95.048291 1
6 9000.000000 81.992228 -235.677767 249.533034 -1.235994 102.330930 1
7 10500.000000 206.203302 -340.307033 397.905363 -1.026026 235.233525 1
8 12000.000000 50.904934 -202.517649 208.817410 -1.324538 68.457181 1
9 13500.000000 105.778281 -190.232493 217.663608 -1.063322 122.042762 1
10 15000.000000 77.861250 -354.123543 362.582208 -1.354370 108.596117 1
11 16500.000000 19.366081 -255.900002 256.631752 -1.495262 41.717963 1
12 18000.000000 -56.080659 -319.639255 324.521638 -1.744478 -27.852554 0
13 19500.000000 -140.468735 -219.820960 260.869163 -2.139410 -120.663752 0
14 21000.000000 -184.297250 -48.381347 190.541941 -2.884867 -179.348144 0
15 22500.000000 -175.933182 -352.209085 393.705123 -2.034055 -144.389604 0
16 24000.000000 -159.554662 -170.969726 233.855377 -2.321672 -143.957437 0
17 25500.000000 -82.659781 -93.199942 124.574751 -2.296331 -74.173949 0
18 27000.000000 -126.861324 -125.115937 178.179105 -2.363121 -115.408391 0
19 28500.000000 -165.878654 -121.328382 205.514730 -2.510084 -154.607532 0
20 30000.000000 -229.897333 23.446975 231.089905 3.039955 -231.067621 0
21 31500.000000 -368.285927 -151.778806 398.335700 -2.750680 -353.567437 0
22 33000.000000 -283.704187 -78.521747 294.370057 -2.871579 -275.731183 0
23 34500.000000 -231.237264 -132.186786 266.353184 -2.622280 -218.763069 0
24 36000.000000 -300.962234 -278.471424 410.030000 -2.394990 -275.399773 0
25 37500.000000 -376.612214 -315.653929 491.400206 -2.444024 -347.500110 0
26 39000.000000 -269.925573 22.355268 270.849724 3.058961 -270.846176 0
27 40500.000000 -176.526036 -84.070709 195.523210 -2.697124 -168.479110 0
28 42000.000000 -265.028481 -299.492229 399.919606 -2.295221 -237.762070 0
29 43500.000000 -284.826154 -322.401779 430.196287 -2.294393 -255.475838 0
30 45000.000000 -166.953199 -133.881802 214.003989 -2.465687 -154.577793 0
0 0.000000 11.703215 -317.437781 317.653443 -1.533945 24.835901 1
1 1500.000000 75.296289 -424.578079 431.203057 -1.395277 92.810324 1
2 3000.000000 6.835999 -302.417320 302.494572 -1.548196 19.350974 1
3 4500.000000 10.838111 -354.834775 355.000257 -1.540262 25.519868 1
4 6000.000000 1.055468 -415.326737 415.328078 -1.568255 18.250132 1
5 7500.000000 91.295285 -178.538786 200.526624 -1.098112 98.608957 1
6 9000.000000 105.553831 -220.131526 244.130089 -1.123680 114.577322 1
7 10500.000000 222.986332 -323.760530 393.120573 -0.967668 236.199630 1
8 12000.000000 62.711672 -192.281121 202.249309 -1.255528 70.618820 1
9 13500.000000 120.358816 -181.582010 217.849193 -0.985451 127.773565 1
10 15000.000000 91.790340 -346.510366 358.461853 -1.311845 106.058033 1
11 16500.000000 28.299842 -253.939122 255.511171 -1.459811 38.789293 1
12 18000.000000 -47.241846 -314.028110 317.561720 -1.720115 -34.199787 0
13 19500.000000 -133.102857 -225.902428 262.198927 -2.103241 -123.635800 0
14 21000.000000 -179.251285 -54.419156 187.329836 -2.846844 -176.844496 0
15 22500.000000 -151.092264 -355.720261 386.478688 -1.972455 -136.234999 0
16 24000.000000 -145.186046 -171.549795 224.740562 -2.273150 -137.958964 0
17 25500.000000 -74.106932 -92.415800 118.458927 -2.246686 -70.217143 0
18 27000.000000 -118.776421 -132.951817 178.280744 -2.299942 -113.170037 0
19 28500.000000 -155.077523 -125.334961 199.393808 -2.461867 -149.755370 0
20 30000.000000 -225.539309 20.223423 226.444180 3.052165 -226.183221 0
21 31500.000000 -349.968288 -161.148207 385.287616 -2.710070 -342.996267 0
22 33000.000000 -267.644983 -91.235072 282.767883 -2.813065 -263.638130 0
23 34500.000000 -217.030674 -136.836559 256.566868 -2.579052 -211.179204 0
24 36000.000000 -293.505092 -297.894538 418.194207 -2.348772 -280.919844 0
25 37500.000000 -364.157757 -331.768100 492.626577 -2.402703 -350.109478 0
26 39000.000000 -253.962747 12.111345 254.251375 3.093939 -254.246427 0
27 40500.000000 -169.738533 -87.558509 190.991262 -2.665351 -165.967848 0
28 42000.000000 -248.154174 -314.595723 400.688112 -2.238673 -234.916342 0
29 43500.000000 -267.937158 -330.841207 425.730226 -2.251524 -254.009759 0
30 45000.000000 -157.322166 -143.216747 212.747034 -2.403094 -151.257737 0
0 0.000000 23.336396 -313.854252 314.720637 -1.496579 83.284430 1
1 1500.000000 91.843500 -422.345495 432.216318 -1.356669 171.384834 1
2 3000.000000 10.643683 -296.030675 296.221958 -1.534857 67.399679 1
3 4500.000000 10.689369 -351.680828 351.843243 -1.540411 78.151327 1
4 6000.000000 11.069551 -415.231427 415.378951 -1.544144 90.751229 1
5 7500.000000 99.333876 -174.321436 200.636941 -1.052855 131.016663 1
6 9000.000000 122.335040 -206.319088 239.861269 -1.035583 159.744299 1
7 10500.000000 241.134922 -306.884608 390.287347 -0.904804 295.673020 1
8 12000.000000 77.498918 -188.886349 204.166929 -1.181448 112.391853 1
9 13500.000000 130.071123 -181.774455 223.518343 -0.949701 162.613587 1
10 15000.000000 108.219886 -342.363955 359.060749 -1.264639 172.067214 1
11 16500.000000 36.689457 -252.133524 254.788991 -1.426295 84.513258 1
12 18000.000000 -40.317701 -307.985474 310.613214 -1.700964 19.690423 1
13 19500.000000 -121.852089 -229.543152 259.880723 -2.058815 -75.412620 0
14 21000.000000 -171.213401 -59.619095 181.296622 -2.806509 -156.544294 0
15 22500.000000 -131.504956 -361.128481 384.327117 -1.920021 -59.568777 0
16 24000.000000 -135.383699 -173.841020 220.339389 -2.232463 -99.408243 0
17 25500.000000 -65.297611 -91.672817 112.550804 -2.189723 -46.440293 0
18 27000.000000 -105.235854 -143.174645 177.689516 -2.204639 -75.723693 0
19 28500.000000 -142.510647 -135.809334 196.858984 -2.380268 -113.719151 0
20 30000.000000 -219.097158 4.077197 219.135091 3.122986 -215.788319 0
21 31500.000000 -333.399112 -178.785377 378.310955 -2.649367 -292.772972 0
22 33000.000000 -246.815800 -106.656026 268.874593 -2.733700 -221.684581 0
23 34500.000000 -201.926011 -142.921878 247.387909 -2.525655 -170.656072 0
24 36000.000000 -283.412863 -316.247926 424.659395 -2.301493 -217.273471 0
25 37500.000000 -343.739949 -343.205551 485.743968 -2.356972 -271.286985 0
26 39000.000000 -243.436849 -0.522499 243.437410 -3.139446 -238.788326 0
27 40500.000000 -160.630523 -93.233007 185.727108 -2.615695 -139.691979 0
28 42000.000000 -227.947219 -326.995887 398.605375 -2.179570 -160.776206 0
29 43500.000000 -242.551872 -338.903375 416.757613 -2.191979 -172.817066 0
30 45000.000000 -145.898663 -149.478318 208.878403 -2.344076 -114.414025 0
0 0.000000 40.062980 -312.548064 315.105276 -1.443310 140.355741 1
1 1500.000000 112.662385 -416.769293 431.728453 -1.306783 243.121591 1
2 3000.000000 20.127145 -290.887053 291.582543 -1.501714 114.418317 1
3 4500.000000 25.742408 -347.233239 348.186149 -1.496796 138.203273 1
4 6000.000000 29.801892 -409.790717 410.872954 -1.498199 162.555672 1
5 7500.000000 113.356697 -169.561175 203.962578 -0.981505 162.698722 1
6 9000.000000 143.278642 -197.006398 243.598625 -0.941996 199.966971 1
7 10500.000000 262.609282 -297.449895 396.787191 -0.847527 345.640125 1
8 12000.000000 93.750412 -185.811350 208.122554 -1.103518 149.506646 1
9 13500.000000 150.020437 -177.766840 232.609503 -0.869844 200.025698 1
10 15000.000000 130.892561 -333.350670 358.127815 -1.196636 232.983916 1
11 16500.000000 48.271922 -250.543009 255.150892 -1.380459 127.774327 1
12 18000.000000 -22.815010 -313.070169 313.900391 -1.643543 81.127058 1
13 19500.000000 -111.098146 -238.535034 263.138292 -2.006672 -26.718603 0
14 21000.000000 -164.370425 -69.431787 178.433207 -2.741917 -132.506260 0
15 22500.000000 -107.815740 -371.095315 386.440121 -1.853546 19.859068 1
16 24000.000000 -121.871371 -181.140581 218.322104 -2.163033 -55.720018 0
17 25500.000000 -58.208519 -96.753978 112.913967 -2.112402 -23.255583 0
18 27000.000000 -92.152270 -152.549772 178.223101 -2.114210 -37.021967 0
19 28500.000000 -134.078129 -146.936562 198.915304 -2.310469 -78.469724 0
20 30000.000000 -214.116126 -9.984231 214.348782 -3.094996 -198.997778 0
21 31500.000000 -319.555904 -195.476641 374.602580 -2.592605 -237.767807 0
22 33000.000000 -233.885574 -122.016384 263.800037 -2.660742 -180.929628 0
23 34500.000000 -189.709964 -155.335123 245.191498 -2.455491 -128.269766 0
24 36000.000000 -268.570768 -332.389725 427.332641 -2.250396 -144.698440 0
25 37500.000000 -327.617860 -357.005089 484.547310 -2.313296 -192.406074 0
26 39000.000000 -236.140706 -9.856648 236.346328 -3.099876 -219.845923 0
27 40500.000000 -152.509155 -100.726201 182.769828 -2.557899 -111.037219 0
28 42000.000000 -208.379177 -340.626925 399.310135 -2.119812 -85.134702 0
29 43500.000000 -219.882703 -349.539723 412.948448 -2.132312 -93.078715 0
30 45000.000000 -131.648958 -159.052282 206.468100 -2.262206 -72.201234 0
0 0.000000 61.232939 -309.003921 315.012533 -1.375168 141.456012 1
1 1500.000000 131.907042 -412.893427 433.451785 -1.261574 237.286151 1
2 3000.000000 31.600022 -285.317374 287.061953 -1.460492 106.577638 1
3 4500.000000 40.490371 -340.200342 342.601434 -1.452334 129.788578 1
4 6000.000000 47.375020 -410.180518 412.907314 -1.455808 155.094477 1
5 7500.000000 125.623753 -159.818378 203.281188 -0.904625 163.709849 1
6 9000.000000 158.527790 -186.552058 244.811623 -0.866431 202.553748 1
7 10500.000000 277.910081 -279.943020 394.464330 -0.789042 342.525451 1
8 12000.000000 112.412779 -180.174349 212.366262 -1.012980 156.408754 1
9 13500.000000 170.036217 -177.772655 245.998846 -0.807638 211.302655 1
10 15000.000000 151.623466 -327.385143 360.791778 -1.137073 233.474156 1
11 16500.000000 61.242223 -244.507011 252.060089 -1.325373 124.257094 1
12 18000.000000 -16.726667 -307.634916 308.089310 -1.625115 65.957069 1
13 19500.000000 -96.125441 -244.366175 262.592704 -1.945571 -27.443809 0
14 21000.000000 -156.121612 -80.380516 175.598932 -2.666129 -129.016811 0
15 22500.000000 -89.123472 -383.738783 393.952341 -1.799001 16.489154 1
16 24000.000000 -111.227693 -184.600599 215.520256 -2.113075 -57.944165 0
17 25500.000000 -45.548784 -98.083577 108.143792 -2.005550 -17.728877 0
18 27000.000000 -81.653014 -160.247960 179.851670 -2.042048 -35.938840 0
19 28500.000000 -119.618482 -158.155311 198.296958 -2.218340 -73.086440 0
20 30000.000000 -207.184347 -25.261687 208.718725 -3.020263 -192.934379 0
21 31500.000000 -303.196881 -213.790885 370.991767 -2.527437 -235.166757 0
22 33000.000000 -222.412667 -140.343798 262.990068 -2.578686 -176.906630 0
23 34500.000000 -175.161804 -169.174458 243.519312 -2.373581 -123.676479 0
24 36000.000000 -255.276445 -347.117122 430.878591 -2.204900 -153.411739 0
25 37500.000000 -307.614061 -377.421195 486.901601 -2.254642 -195.767028 0
26 39000.000000 -227.993766 -26.548732 229.534295 -3.025670 -212.646104 0
27 40500.000000 -141.393543 -106.489474 177.008876 -2.496083 -107.856706 0
28 42000.000000 -191.393612 -353.335998 401.843056 -2.067226 -90.185355 0
29 43500.000000 -198.010164 -360.638408 411.422029 -2.072913 -94.613775 0
30 45000.000000 -117.074937 -167.021502 203.967456 -2.182164 -68.269583 0
0 0.000000 81.169703 -306.970652 317.520869 -1.312291 143.865104 1
1 1500.000000 152.821515 -409.841318 437.406358 -1.213886 235.534569 1
2 3000.000000 44.002525 -283.068394 286.468040 -1.416582 102.504945 1
3 4500.000000 54.679724 -332.055659 336.527611 -1.407591 123.238082 1
4 6000.000000 68.022494 -401.315395 407.039440 -1.402893 150.837395 1
5 7500.000000 134.640756 -157.459728 207.175527 -0.863360 164.723435 1
6 9000.000000 175.114847 -179.267061 250.603050 -0.797114 208.876431 1
7 10500.000000 290.743573 -266.777431 394.590957 -0.742438 340.312965 1
8 12000.000000 121.874004 -178.193620 215.884782 -0.970929 156.598850 1
9 13500.000000 180.808318 -172.075960 249.603253 -0.760658 212.931607 1
10 15000.000000 163.942053 -326.105133 364.995281 -1.104969 228.810180 1
11 16500.000000 75.746318 -248.434696 259.725437 -1.274855 126.261872 1
12 18000.000000 -2.147664 -308.049579 308.057066 -1.577768 62.634896 1
13 19500.000000 -89.516281 -251.486695 266.943294 -1.912761 -34.669149 0
14 21000.000000 -154.607653 -92.225875 180.025383 -2.603739 -131.774686 0
15 22500.000000 -74.635715 -395.639515 402.617829 -1.757251 10.171914 1
16 24000.000000 -103.846679 -197.093750 222.778094 -2.055724 -60.109878 0
17 25500.000000 -38.817924 -107.071349 113.890759 -1.918601 -15.450798 0
18 27000.000000 -78.005422 -168.844949 185.993179 -2.003580 -40.781943 0
19 28500.000000 -109.862012 -167.570632 200.373597 -2.151110 -72.194983 0
20 30000.000000 -207.083652 -36.706040 210.311607 -2.966163 -194.746056 0
21 31500.000000 -290.210340 -233.350522 372.390263 -2.464373 -234.693021 0
22 33000.000000 -211.124431 -156.273272 262.668728 -2.504396 -173.570335 0
23 34500.000000 -165.180118 -186.326945 249.002413 -2.296106 -122.336350 0
24 36000.000000 -235.597454 -368.697768 437.543374 -2.139399 -152.857271 0
25 37500.000000 -284.335364 -390.794491 483.287630 -2.199795 -195.863410 0
26 39000.000000 -217.749615 -42.684013 221.893713 -2.948024 -203.917622 0
27 40500.000000 -127.253487 -118.830738 174.109719 -2.390408 -99.440486 0
28 42000.000000 -169.246297 -368.228369 405.260954 -2.001624 -88.086339 0
29 43500.000000 -175.702069 -375.696906 414.752193 -2.008247 -92.828493 0
30 45000.000000 -104.712112 -182.617381 210.508276 -2.091424 -63.998102 0
0 0.000000 99.457904 -305.995799 321.753483 -1.256537 146.094925 1
1 1500.000000 175.356842 -407.922437 444.016595 -1.164801 237.002161 1
2 3000.000000 62.910109 -282.722141 289.636825 -1.351848 106.356700 1
3 4500.000000 74.334374 -334.923831 343.073711 -1.352392 125.805280 1
4 6000.000000 83.778576 -402.251014 410.882864 -1.365457 145.663964 1
5 7500.000000 142.028082 -154.260396 209.686065 -0.826660 164.408047 1
6 9000.000000 187.940398 -173.364000 255.688619 -0.745076 212.743292 1
7 10500.000000 308.826521 -256.068059 401.179101 -0.692273 345.077387 1
8 12000.000000 130.420704 -174.638934 217.964027 -0.929345 156.130962 1
9 13500.000000 193.555172 -166.545127 255.344638 -0.710531 217.222412 1
10 15000.000000 182.842194 -319.083488 367.757447 -1.050449 230.499985 1
11 16500.000000 86.345808 -243.202285 258.075474 -1.229641 123.322609 1
12 18000.000000 15.325017 -312.241059 312.616914 -1.521755 63.974371 1
13 19500.000000 -80.098184 -262.837323 274.771136 -1.866600 -38.001659 0
14 21000.000000 -153.963670 -106.119153 186.992210 -2.538119 -135.470476 0
15 22500.000000 -61.877552 -405.859544 410.549389 -1.722092 2.364980 1
16 24000.000000 -95.691132 -208.828963 229.709226 -2.000471 -61.850197 0
17 25500.000000 -33.435958 -111.578176 116.480267 -1.861945 -15.572362 0
18 27000.000000 -73.235200 -177.121480 191.664846 -1.962864 -44.630055 0
19 28500.000000 -105.526647 -180.081686 208.722991 -2.100853 -76.061051 0
20 30000.000000 -206.458489 -51.243108 212.722740 -2.898308 -195.902414 0
21 31500.000000 -280.954829 -248.882030 375.337023 -2.416654 -238.568931 0
22 33000.000000 -206.527636 -171.639746 268.540252 -2.448189 -177.139337 0
23 34500.000000 -158.724797 -201.115078 256.204675 -2.238932 -125.314584 0
24 36000.000000 -215.073494 -381.739958 438.157510 -2.083872 -152.718004 0
25 37500.000000 -265.377673 -411.447364 489.606212 -2.143638 -197.756472 0
26 39000.000000 -217.500735 -57.179370 224.891196 -2.884517 -205.880255 0
27 40500.000000 -118.060961 -132.052663 177.133555 -2.300311 -95.953367 0
28 42000.000000 -151.615428 -381.044717 410.100371 -1.949486 -90.149721 0
29 43500.000000 -154.691081 -390.280477 419.819224 -1.948160 -91.742943 0
30 45000.000000 -88.517418 -192.577051 211.946347 -2.001643 -57.306757 0
0 0.000000 119.993278 -306.849895 329.477230 -1.198030 151.145706 1
1 1500.000000 198.680186 -402.525898 448.888533 -1.112295 239.323751 1
2 3000.000000 79.012874 -280.393852 291.313829 -1.296126 107.644333 1
3 4500.000000 92.171080 -333.105473 345.622285 -1.300848 126.194134 1
4 6000.000000 104.523286 -402.529052 415.878294 -1.316741 145.674114 1
5 7500.000000 151.933762 -155.654081 217.513358 -0.797493 167.245993 1
6 9000.000000 200.440341 -172.998485 264.773122 -0.712046 217.288794 1
7 10500.000000 318.490028 -245.848565 402.339925 -0.657382 342.252269 1
8 12000.000000 143.194280 -173.777053 225.173413 -0.881585 160.431625 1
9 13500.000000 202.253282 -163.041188 259.786103 -0.678464 218.060112 1
10 15000.000000 200.954535 -313.050057 371.998741 -1.000119 232.313587 1
11 16500.000000 104.619180 -246.388416 267.679704 -1.169255 129.588835 1
12 18000.000000 31.184233 -315.794685 317.330647 -1.472367 63.741742 1
13 19500.000000 -70.153350 -268.897641 277.898244 -1.826000 -41.910126 0
14 21000.000000 -148.336436 -119.746723 190.638338 -2.462438 -135.128599 0
15 22500.000000 -39.122608 -412.576657 414.427408 -1.665339 3.842823 1
16 24000.000000 -83.317312 -218.501684 233.847729 -1.935089 -60.225683 0
17 25500.000000 -26.609858 -118.439347 121.391777 -1.791797 -14.192873 0
18 27000.000000 -62.749312 -185.071083 195.419503 -1.897688 -43.232791 0
19 28500.000000 -98.668972 -186.371040 210.878474 -2.057704 -78.824348 0
20 30000.000000 -201.084864 -67.042539 211.966565 -2.819778 -193.054699 0
21 31500.000000 -269.589388 -264.807621 377.890876 -2.365142 -240.696253 0
22 33000.000000 -197.314995 -186.646051 271.606252 -2.383974 -176.910767 0
23 34500.000000 -149.102455 -211.423794 258.711351 -2.185024 -126.390115 0
24 36000.000000 -191.904022 -395.036778 439.182433 -2.023010 -149.933659 0
25 37500.000000 -244.725910 -424.531103 490.017784 -2.093728 -199.414697 0
26 39000.000000 -212.423627 -69.318784 223.447737 -2.826164 -204.096531 0
27 40500.000000 -109.639398 -136.844293 175.348676 -2.246267 -94.868104 0
28 42000.000000 -128.807502 -393.993805 414.514766 -1.886771 -87.284930 0
29 43500.000000 -136.877065 -400.164821 422.926961 -1.900373 -94.671552 0
30 45000.000000 -79.426026 -197.069467 212.473218 -1.953917 -58.576341 0
0 0.000000 134.374379 -297.821877 326.732833 -1.146953 149.031535 1
1 1500.000000 221.162066 -393.657650 451.529628 -1.058929 240.481755 1
2 3000.000000 98.051997 -282.881532 299.392978 -1.237137 112.010537 1
3 4500.000000 113.501999 -333.969949 352.730252 -1.243186 129.984251 1
4 6000.000000 128.116024 -400.830866 420.807675 -1.261433 147.908080 1
5 7500.000000 161.764732 -151.583283 221.687438 -0.752917 169.109095 1
6 9000.000000 212.087322 -173.448968 273.980979 -0.685512 220.457649 1
7 10500.000000 334.752457 -231.528197 407.019058 -0.605093 345.861563 1
8 12000.000000 154.682371 -173.538636 232.469986 -0.842785 163.128313 1
9 13500.000000 215.195190 -155.113462 265.271853 -0.624552 222.649037 1
10 15000.000000 216.494583 -306.597395 375.329012 -0.955975 231.486743 1
11 16500.000000 119.427659 -243.356308 271.081645 -1.114574 131.392386 1
12 18000.000000 44.929499 -315.490760 318.673939 -1.429336 60.576967 1
13 19500.000000 -57.943666 -276.455113 282.462206 -1.777401 -44.111639 0
14 21000.000000 -143.509984 -131.026641 194.327291 -2.401634 -136.810419 0
15 22500.000000 -22.691327 -421.368302 421.978841 -1.624596 -1.690123 0
16 24000.000000 -68.705301 -225.858638 236.077408 -1.866098 -57.378312 0
17 25500.000000 -18.713849 -124.434112 125.833447 -1.720069 -12.497102 0
18 27000.000000 -55.120989 -190.258593 198.082446 -1.852792 -45.582784 0
19 28500.000000 -93.413051 -198.008184 218.936610 -2.011601 -83.441659 0
20 30000.000000 -196.021436 -80.286278 211.826084 -2.752856 -191.782322 0
21 31500.000000 -255.030364 -284.243744 381.883480 -2.302076 -240.566382 0
22 33000.000000 -187.721192 -196.766810 271.949303 -2.332672 -177.694694 0
23 34500.000000 -140.940859 -223.246936 264.014242 -2.133929 -129.654329 0
24 36000.000000 -170.990185 -407.385977 441.815547 -1.968191 -150.501120 0
25 37500.000000 -224.721618 -439.616761 493.723305 -2.043345 -202.561708 0
26 39000.000000 -211.903167 -88.259917 229.549047 -2.746935 -207.247490 0
27 40500.000000 -104.910212 -144.941423 178.925037 -2.197325 -97.565900 0
28 42000.000000 -112.079239 -408.473236 423.570703 -1.838591 -91.609076 0
29 43500.000000 -113.257841 -416.348546 431.478216 -1.836396 -92.394233 0
30 45000.000000 -64.689007 -207.193340 217.057015 -1.873422 -54.296038 0
0 0.000000 149.302001 -294.945621 330.581316 -1.102200 149.308286 1
1 1500.000000 242.288829 -385.760512 455.538197 -1.009985 242.297049 1
2 3000.000000 113.663497 -281.902944 303.955030 -1.187534 113.669504 1
3 4500.000000 133.867610 -331.053551 357.095213 -1.186530 133.874664 1
4 6000.000000 149.310210 -397.614313 424.724241 -1.211574 149.318682 1
5 7500.000000 163.804458 -147.529074 220.446656 -0.733169 163.807602 1
6 9000.000000 216.529077 -165.163022 272.330067 -0.651627 216.532597 1
7 10500.000000 343.291830 -217.280483 406.275877 -0.564283 343.296459 1
8 12000.000000 160.719663 -167.000887 231.775983 -0.804562 160.723222 1
9 13500.000000 222.849583 -149.079815 268.117004 -0.589596 222.852760 1
10 15000.000000 231.128547 -298.218287 377.299022 -0.911467 231.134902 1
11 16500.000000 130.916756 -238.192035 271.798901 -1.068240 130.921831 1
12 18000.000000 58.857541 -313.170251 318.653128 -1.385022 58.864214 1
13 19500.000000 -45.864799 -282.257220 285.959295 -1.731881 -45.858784 0
14 21000.000000 -139.215691 -142.056065 198.899307 -2.346097 -139.212664 0
15 22500.000000 -3.028136 -423.672403 423.683225 -1.577944 -3.019108 0
16 24000.000000 -61.768642 -234.674064 242.667018 -1.828169 -61.763641 0
17 25500.000000 -11.302654 -126.650090 127.153432 -1.659804 -11.299955 0
18 27000.000000 -45.901149 -195.131705 200.457721 -1.801828 -45.896991 0
19 28500.000000 -85.317401 -204.436774 221.525289 -1.966152 -85.313044 0
20 30000.000000 -195.390372 -94.919713 217.226033 -2.689373 -195.388349 0
21 31500.000000 -242.175765 -296.214159 382.611983 -2.256159 -242.169453 0
22 33000.000000 -178.004488 -211.920614 276.759723 -2.269432 -177.999972 0
23 34500.000000 -126.464540 -234.151055 266.120267 -2.066006 -126.459550 0
24 36000.000000 -147.727575 -419.753879 444.990737 -1.909197 -147.718631 0
25 37500.000000 -201.915862 -447.513082 490.956183 -1.994644 -201.906326 0
26 39000.000000 -204.142452 -100.945904 227.737165 -2.682365 -204.140301 0
27 40500.000000 -94.507637 -153.676569 180.411145 -2.122156 -94.504362 0
28 42000.000000 -90.059464 -412.245613 421.968189 -1.785878 -90.050679 0
29 43500.000000 -94.027106 -424.307531 434.600941 -1.788874 -94.018064 0
30 45000.000000 -54.301764 -219.230485 225.855456 -1.813602 -54.297092 0
0 0.000000 164.182754 -288.955190 332.341810 -1.054092 149.036168 1
1 1500.000000 261.500129 -375.895876 457.908317 -0.962981 241.732263 1
2 3000.000000 129.438977 -278.881514 307.456254 -1.136249 114.859187 1
3 4500.000000 147.856036 -324.551663 356.644346 -1.143320 130.892344 1
4 6000.000000 166.111651 -392.701858 426.389294 -1.170624 145.602960 1
5 7500.000000 172.477430 -147.357014 226.853595 -0.707017 164.634698 1
6 9000.000000 229.205466 -159.755435 279.386729 -0.608707 220.646488 1
7 10500.000000 356.973924 -204.337356 411.319994 -0.519890 345.941250 1
8 12000.000000 168.941940 -162.080129 234.118234 -0.764672 160.343336 1
9 13500.000000 230.678488 -138.536455 269.081612 -0.540832 223.213710 1
10 15000.000000 243.248757 -283.097725 373.248282 -0.860963 228.299193 1
11 16500.000000 140.762967 -232.420015 271.722792 -1.026240 128.568247 1
12 18000.000000 70.239044 -310.482873 318.328663 -1.348316 54.105782 1
13 19500.000000 -33.680575 -287.769636 289.733920 -1.687306 -48.501717 0
14 21000.000000 -131.494921 -152.960081 201.711925 -2.280877 -139.221225 0
15 22500.000000 18.645104 -426.851979 427.258998 -1.527144 -3.430868 0
16 24000.000000 -44.448141 -239.622870 243.710396 -1.754204 -56.767655 0
17 25500.000000 -4.506747 -129.547054 129.625421 -1.605571 -11.193101 0
18 27000.000000 -33.470062 -197.513251 200.329052 -1.738659 -43.628861 0
19 28500.000000 -73.236462 -207.930192 220.450774 -1.909444 -83.880299 0
20 30000.000000 -186.550677 -106.941217 215.029251 -2.621070 -191.826143 0
21 31500.000000 -227.984023 -311.100565 385.694538 -2.203218 -243.750990 0
22 33000.000000 -168.514174 -220.577042 277.581085 -2.223178 -179.684125 0
23 34500.000000 -113.915683 -241.782273 267.274111 -2.011099 -126.253994 0
24 36000.000000 -124.797033 -428.824865 446.615119 -1.853995 -146.783393 0
25 37500.000000 -181.575334 -460.906069 495.382687 -1.946079 -205.143188 0
26 39000.000000 -195.400615 -110.664480 224.561856 -2.626286 -200.856606 0
27 40500.000000 -82.065534 -156.889182 177.056396 -2.052737 -90.060815 0
28 42000.000000 -71.618342 -424.610713 430.608226 -1.737892 -93.458006 0
29 43500.000000 -68.517776 -435.768136 441.121926 -1.726754 -90.937970 0
30 45000.000000 -39.357696 -226.148137 229.547398 -1.743106 -50.987905 0
0 0.000000 178.068804 -281.182507 332.824429 -1.006261 147.790494 1
1 1500.000000 281.654137 -363.200626 459.612606 -0.911188 242.262638 1
2 3000.000000 141.199915 -273.621821 307.906345 -1.094399 111.910501 1
3 4500.000000 163.537020 -320.862460 360.134801 -1.099435 129.201925 1
4 6000.000000 184.491855 -386.037353 427.857549 -1.124975 143.249274 1
5 7500.000000 183.363353 -139.761080 230.554286 -0.651269 167.796915 1
6 9000.000000 244.089647 -150.724786 286.875786 -0.553186 227.049656 1
7 10500.000000 366.095872 -189.812599 412.377267 -0.478320 344.317087 1
8 12000.000000 177.325329 -160.887044 239.434570 -0.736833 159.589768 1
9 13500.000000 237.539455 -132.899967 272.189996 -0.510097 222.393069 1
10 15000.000000 258.144150 -268.099836 372.177275 -0.804314 228.793306 1
11 16500.000000 151.386609 -225.282934 271.422743 -0.979121 127.080192 1
12 18000.000000 82.713331 -304.675027 315.702973 -1.305705 50.505743 1
13 19500.000000 -22.302581 -289.115733 289.974675 -1.647785 -52.316359 0
14 21000.000000 -121.815479 -160.847942 201.769848 -2.218974 -137.917531 0
15 22500.000000 40.707382 -426.310922 428.250036 -1.475597 -3.949815 0
16 24000.000000 -32.949798 -239.037964 241.298233 -1.707776 -57.685848 0
17 25500.000000 4.003683 -133.500039 133.560061 -1.540815 -9.933170 0
18 27000.000000 -24.200968 -204.331188 205.759377 -1.688687 -45.367098 0
19 28500.000000 -61.194629 -210.542028 219.254938 -1.853656 -82.806625 0
20 30000.000000 -176.658575 -118.816162 212.897939 -2.549511 -188.080816 0
21 31500.000000 -209.179567 -318.471884 381.025501 -2.151953 -241.235284 0
22 33000.000000 -152.411964 -228.190381 274.408923 -2.159663 -175.366627 0
23 34500.000000 -102.018182 -247.540218 267.738434 -1.961714 -127.264225 0
24 36000.000000 -104.799656 -440.058076 452.364983 -1.804591 -150.097169 0
25 37500.000000 -156.057384 -464.166678 489.698491 -1.895133 -203.588595 0
26 39000.000000 -184.585076 -124.608710 222.708286 -2.547792 -196.567913 0
27 40500.000000 -67.809234 -160.778006 174.492577 -1.969917 -84.198170 0
28 42000.000000 -47.307889 -429.216428 431.815677 -1.680572 -91.788511 0
29 43500.000000 -47.394258 -438.866861 441.418551 -1.678372 -92.880297 0
30 45000.000000 -23.253531 -233.663692 234.817903 -1.669987 -47.482223 0
0 0.000000 193.750623 -270.390092 332.641107 -0.949043 151.000074 1
1 1500.000000 295.702978 -353.615438 460.960008 -0.874352 239.315159 1
2 3000.000000 151.996740 -268.403065 308.452937 -1.055525 110.016648 1
3 4500.000000 172.350883 -307.198816 352.244147 -1.059516 124.321150 1
4 6000.000000 197.299540 -376.675933 425.219787 -1.088297 138.565985 1
5 7500.000000 187.216960 -133.430946 229.899995 -0.619204 165.084178 1
6 9000.000000 257.435724 -143.497757 294.728279 -0.508516 232.998469 1
7 10500.000000 375.334680 -171.948871 412.846868 -0.429587 345.295858 1
8 12000.000000 180.423249 -159.451759 240.784992 -0.723773 154.464214 1
9 13500.000000 241.713836 -123.254061 271.324791 -0.471550 220.491008 1
10 15000.000000 269.624268 -253.464907 370.056353 -0.754516 228.554062 1
11 16500.000000 158.194563 -216.584423 268.205764 -0.939954 123.917134 1
12 18000.000000 88.164835 -295.757530 308.618786 -1.281085 42.803771 1
13 19500.000000 -13.552426 -283.103389 283.427587 -1.618631 -55.864545 0
14 21000.000000 -111.871120 -167.292036 201.250523 -2.160217 -135.699185 0
15 22500.000000 61.555273 -423.094336 427.548674 -1.426322 -2.605226 0
16 24000.000000 -17.372824 -240.516015 241.142631 -1.642903 -53.253621 0
17 25500.000000 10.986832 -125.070946 125.552586 -1.483176 -7.898089 0
18 27000.000000 -11.646194 -200.151930 200.490471 -1.628918 -41.537178 0
19 28500.000000 -46.789206 -211.189064 216.310080 -1.788826 -77.938151 0
20 30000.000000 -168.386901 -122.908296 208.472055 -2.511070 -184.917996 0
21 31500.000000 -190.787029 -326.400239 378.069843 -2.099755 -237.588439 0
22 33000.000000 -137.433952 -235.534662 272.698860 -2.098993 -171.209179 0
23 34500.000000 -84.116097 -249.609167 263.401318 -1.895835 -120.605734 0
24 36000.000000 -85.068734 -443.514566 451.599225 -1.760301 -150.633364 0
25 37500.000000 -135.106112 -467.978174 487.090580 -1.851856 -203.774156 0
26 39000.000000 -171.436532 -134.764669 218.064212 -2.475391 -189.711576 0
27 40500.000000 -61.095927 -158.176964 169.566106 -1.939394 -84.131202 0
28 42000.000000 -31.313173 -435.958172 437.081276 -1.642499 -96.352534 0
29 43500.000000 -25.634784 -437.306914 438.057621 -1.629349 -90.940700 0
30 45000.000000 -11.304714 -235.692469 235.963422 -1.618723 -46.530635 0
0 0.000000 205.757843 -263.296482 334.157639 -0.907458 152.875993 1
1 1500.000000 304.518190 -344.071847 459.474443 -0.846307 234.783997 1
2 3000.000000 151.998651 -255.087648 296.939889 -1.033420 101.601135 1
3 4500.000000 172.632311 -293.385542 340.407096 -1.038939 114.706900 1
4 6000.000000 199.706708 -363.358712 414.623110 -1.068250 128.214790 1
5 7500.000000 190.154801 -129.746210 230.201928 -0.598761 162.529233 1
6 9000.000000 267.185249 -131.764316 297.909033 -0.458158 237.822598 1
7 10500.000000 378.824619 -154.731008 409.206276 -0.387770 343.195555 1
8 12000.000000 184.217723 -152.531503 239.169457 -0.691580 152.434902 1
9 13500.000000 247.874950 -116.298322 273.801553 -0.438690 221.746076 1
10 15000.000000 276.899009 -243.552219 368.769230 -0.721413 226.454725 1
11 16500.000000 162.090749 -213.001151 267.661916 -0.920302 119.387483 1
12 18000.000000 96.652841 -285.068098 301.007628 -1.243908 41.624269 1
13 19500.000000 -3.823669 -280.518923 280.544981 -1.584426 -56.227893 0
14 21000.000000 -104.204690 -165.868889 195.885441 -2.131719 -133.391631 0
15 22500.000000 73.518812 -415.161443 421.620729 -1.395528 -5.435705 0
16 24000.000000 -4.503126 -235.072699 235.115826 -1.589950 -48.394536 0
17 25500.000000 21.856667 -124.040685 125.951600 -1.396381 -1.731201 0
18 27000.000000 -3.941842 -199.601690 199.640609 -1.590542 -41.208225 0
19 28500.000000 -36.342217 -208.505281 211.648787 -1.743362 -74.702169 0
20 30000.000000 -156.960525 -127.002180 201.906315 -2.461307 -177.946215 0
21 31500.000000 -173.113958 -323.251254 366.687627 -2.062470 -230.523382 0
22 33000.000000 -124.852723 -241.392496 271.769277 -2.048124 -167.802090 0
23 34500.000000 -69.708568 -246.681447 256.341609 -1.846201 -114.620542 0
24 36000.000000 -76.126069 -447.386864 453.817347 -1.739339 -158.467186 0
25 37500.000000 -116.333863 -470.538301 484.705953 -1.813172 -202.295840 0
26 39000.000000 -161.308036 -140.661606 214.023293 -2.424461 -184.772020 0
27 40500.000000 -50.709429 -156.363058 164.380206 -1.884400 -79.062476 0
28 42000.000000 -16.908964 -433.387620 433.717353 -1.609792 -97.676675 0
29 43500.000000 -7.099793 -432.363593 432.421881 -1.587216 -87.849089 0
30 45000.000000 -6.439274 -233.545590 233.634344 -1.598361 -50.010862 0
0 0.000000 211.559935 -253.871001 330.466476 -0.876056 145.783513 1
1 1500.000000 313.695250 -335.341120 459.193180 -0.818737 225.846228 1
2 3000.000000 155.748230 -243.911234 289.396270 -1.002516 93.890117 1
3 4500.000000 180.447380 -282.569340 335.271068 -1.002480 108.784819 1
4 6000.000000 206.144611 -352.145727 408.046828 -1.041184 117.364237 1
5 7500.000000 187.962467 -120.473466 223.257128 -0.569983 154.282885 1
6 9000.000000 275.435283 -117.237582 299.348034 -0.402417 240.055193 1
7 10500.000000 382.674613 -134.206514 405.525890 -0.337304 340.276597 1
8 12000.000000 186.163780 -146.693037 237.014346 -0.667368 146.356737 1
9 13500.000000 249.937503 -107.123149 271.926690 -0.404916 217.658616 1
10 15000.000000 282.029848 -224.581281 360.524045 -0.672483 221.170724 1
11 16500.000000 166.543128 -203.114704 262.663656 -0.884011 113.993931 1
12 18000.000000 103.212871 -266.935510 286.194799 -1.201844 37.408798 1
13 19500.000000 6.923131 -269.746666 269.835494 -1.545137 -56.832097 0
14 21000.000000 -97.092893 -169.050330 194.948823 -2.092137 -134.192300 0
15 22500.000000 90.814444 -408.150754 418.131918 -1.351861 -7.915014 0
16 24000.000000 11.653799 -226.959387 227.258387 -1.519494 -42.152683 0
17 25500.000000 31.974026 -114.621975 118.998049 -1.298760 4.065404 1
18 27000.000000 2.117197 -198.484884 198.496176 -1.560130 -44.711327 0
19 28500.000000 -21.337713 -209.493288 210.577149 -1.672300 -70.099721 0
20 30000.000000 -146.341377 -132.051777 197.112837 -2.407478 -173.336139 0
21 31500.000000 -152.304022 -327.858777 361.507804 -2.005677 -225.268814 0
22 33000.000000 -109.089625 -254.200973 276.620102 -1.976174 -165.915250 0
23 34500.000000 -52.934300 -250.396466 255.930519 -1.779131 -110.444639 0
24 36000.000000 -59.519607 -447.403048 451.344736 -1.703053 -163.265101 0
25 37500.000000 -94.184880 -469.446397 478.801328 -1.768797 -202.148367 0
26 39000.000000 -147.680952 -154.124276 213.457153 -2.334848 -179.838929 0
27 40500.000000 -35.243038 -157.177267 161.079996 -1.791373 -71.286311 0
28 42000.000000 0.795636 -437.265034 437.265758 -1.568977 -102.259342 0
29 43500.000000 16.212045 -428.904454 429.210742 -1.533016 -85.307014 0
30 45000.000000 9.415188 -237.587772 237.774252 -1.531189 -46.832622 0
0 0.000000 224.460782 -247.273953 333.956660 -0.833721 146.123889 1
1 1500.000000 321.051563 -326.989623 458.253554 -0.794561 216.488648 1
2 3000.000000 161.498232 -223.608674 275.830597 -0.945302 92.322485 1
3 4500.000000 176.809518 -260.959139 315.216240 -0.975306 96.546911 1
4 6000.000000 208.420847 -339.036818 397.976398 -1.019606 104.998054 1
5 7500.000000 185.442250 -113.129681 217.226040 -0.547779 146.283144 1
6 9000.000000 282.487668 -105.228257 301.450276 -0.356582 241.651194 1
7 10500.000000 388.760087 -115.290951 405.495263 -0.288298 340.839170 1
8 12000.000000 191.053398 -138.296640 235.854535 -0.626563 144.612664 1
9 13500.000000 247.094630 -96.679981 265.335212 -0.372955 210.074743 1
10 15000.000000 287.196709 -207.282263 354.186231 -0.625170 217.556491 1
11 16500.000000 173.149832 -197.573499 262.709253 -0.851184 110.806681 1
12 18000.000000 112.200845 -256.120806 279.619200 -1.157901 35.886542 1
13 19500.000000 17.023907 -264.393430 264.940935 -1.506497 -57.792060 0
14 21000.000000 -90.750626 -170.126161 192.817496 -2.060830 -134.811837 0
15 22500.000000 107.085438 -401.072803 415.122493 -1.309885 -9.666650 0
16 24000.000000 24.035664 -222.782843 224.075675 -1.463324 -39.394408 0
17 25500.000000 42.504448 -103.659144 112.035022 -1.181664 11.734531 1
18 27000.000000 8.796324 -197.305979 197.501961 -1.526244 -46.879004 0
19 28500.000000 -14.929561 -209.921221 210.451446 -1.641797 -73.190337 0
20 30000.000000 -136.270600 -139.341960 194.899610 -2.345051 -169.874281 0
21 31500.000000 -128.906487 -331.547920 355.725885 -1.941612 -216.698054 0
22 33000.000000 -91.829770 -266.825789 282.185592 -1.902256 -162.961229 0
23 34500.000000 -37.730036 -248.377840 251.227202 -1.721550 -105.859025 0
24 36000.000000 -47.369403 -445.292687 447.805134 -1.676776 -170.324528 0
25 37500.000000 -76.053462 -474.251182 480.310642 -1.729808 -205.977617 0
26 39000.000000 -135.282762 -171.529903 218.458081 -2.238599 -177.951222 0
27 40500.000000 -25.825546 -161.087477 163.144519 -1.729764 -69.956787 0
28 42000.000000 20.801770 -439.889722 440.381291 -1.523543 -103.373014 0
29 43500.000000 37.062527 -425.339861 426.951553 -1.483880 -83.684910 0
30 45000.000000 15.658601 -243.173318 243.676947 -1.506492 -53.152707 0
0 0.000000 231.696831 -240.243290 333.766775 -0.803505 141.610337 1
1 1500.000000 330.030760 -316.247260 457.091492 -0.764074 210.100602 1
2 3000.000000 167.793986 -212.827049 271.016927 -0.903165 89.998790 1
3 4500.000000 182.634485 -242.934825 303.928748 -0.926155 94.311442 1
4 6000.000000 212.937155 -323.438745 387.240046 -0.988571 96.967541 1
5 7500.000000 185.531273 -107.582660 214.466506 -0.525481 140.800623 1
6 9000.000000 295.333900 -85.182737 307.373081 -0.280807 251.949643 1
7 10500.000000 392.428805 -97.484619 404.355806 -0.243485 339.856872 1
8 12000.000000 191.675249 -128.886557 230.978669 -0.591976 139.729081 1
9 13500.000000 246.110623 -87.944380 261.351588 -0.343196 204.475797 1
10 15000.000000 295.715992 -192.813678 353.022750 -0.577796 217.523272 1
11 16500.000000 175.662898 -187.457880 256.900585 -0.817869 105.645044 1
12 18000.000000 120.208355 -232.115780 261.395838 -1.092946 38.732884 1
13 19500.000000 25.279143 -251.185578 252.454411 -1.470495 -57.264697 0
14 21000.000000 -87.095051 -170.442386 191.405734 -2.043200 -137.509836 0
15 22500.000000 118.038226 -390.707403 408.148622 -1.277401 -14.579986 0
16 24000.000000 34.336486 -213.236605 215.983434 -1.411142 -36.427819 0
17 25500.000000 50.258641 -99.594414 111.557063 -1.103449 15.370605 1
18 27000.000000 14.963114 -194.522885 195.097534 -1.494025 -48.712776 0
19 28500.000000 -3.631033 -215.381910 215.412515 -1.587653 -73.050845 0
20 30000.000000 -127.332748 -147.986059 195.226797 -2.281319 -168.329568 0
21 31500.000000 -108.846651 -338.641581 355.704531 -1.881788 -212.458464 0
22 33000.000000 -80.316136 -273.998263 285.527108 -1.855935 -164.565608 0
23 34500.000000 -23.134536 -251.866943 252.927191 -1.662392 -103.300024 0
24 36000.000000 -39.704242 -447.814489 449.571177 -1.659227 -182.313583 0
25 37500.000000 -52.441833 -475.308791 478.193050 -1.680684 -203.254066 0
26 39000.000000 -127.976431 -186.492806 226.180312 -2.172219 -181.384668 0
27 40500.000000 -13.089000 -160.041115 160.575467 -1.652400 -64.114174 0
28 42000.000000 36.607825 -439.479800 441.001845 -1.487690 -107.403630 0
29 43500.000000 56.700744 -423.337456 427.117755 -1.437651 -83.171738 0
30 45000.000000 24.544946 -253.072617 254.260110 -1.474111 -58.569406 0
0 0.000000 239.188742 -233.883982 334.533962 -0.774185 137.434857 1
1 1500.000000 332.631741 -305.978923 451.959043 -0.743687 198.154828 1
2 3000.000000 173.053984 -198.351748 263.232022 -0.853407 88.810410 1
3 4500.000000 193.370368 -223.905146 295.847281 -0.858445 98.409992 1
4 6000.000000 221.730819 -305.107594 377.167337 -0.942355 95.207576 1
5 7500.000000 186.483312 -106.040386 214.524099 -0.517035 134.976041 1
6 9000.000000 303.810371 -84.543879 315.354418 -0.271412 252.063306 1
7 10500.000000 400.268944 -77.054328 407.618200 -0.190180 344.611379 1
8 12000.000000 199.198578 -124.141751 234.715248 -0.557308 140.215224 1
9 13500.000000 241.877284 -81.071811 255.102448 -0.323409 195.660620 1
10 15000.000000 300.179618 -175.109405 347.521376 -0.528086 215.658193 1
11 16500.000000 180.452508 -181.328010 255.818207 -0.787818 101.907154 1
12 18000.000000 136.185601 -224.173802 262.298325 -1.024880 45.064646 1
13 19500.000000 38.522697 -247.801591 250.778043 -1.416573 -54.489579 0
14 21000.000000 -77.255905 -177.807607 193.865985 -1.980679 -136.773368 0
15 22500.000000 132.617943 -384.732657 406.948075 -1.238850 -16.804500 0
16 24000.000000 48.118642 -209.660139 215.111082 -1.345195 -31.646225 0
17 25500.000000 58.460728 -99.450169 115.360274 -1.039366 18.171388 1
18 27000.000000 21.736770 -193.616017 194.832362 -1.458997 -50.361182 0
19 28500.000000 0.772239 -215.718493 215.719876 -1.567216 -77.941804 0
20 30000.000000 -119.072147 -155.123667 195.554413 -2.225463 -167.438798 0
21 31500.000000 -87.494919 -343.645931 354.609485 -1.820107 -206.779659 0
22 33000.000000 -64.858540 -285.842000 293.107965 -1.793922 -164.623910 0
23 34500.000000 -6.350812 -253.929545 254.008950 -1.595801 -98.507911 0
24 36000.000000 -28.132441 -447.188647 448.072673 -1.633623 -189.260940 0
25 37500.000000 -37.283808 -471.268149 472.740680 -1.649746 -206.562693 0
26 39000.000000 -118.497547 -198.696236 231.347926 -2.108546 -182.792322 0
27 40500.000000 -3.978504 -162.905330 162.953905 -1.595214 -63.107336 0
28 42000.000000 50.301893 -437.530051 440.412109 -1.456331 -112.705137 0
29 43500.000000 75.491004 -420.266486 426.992753 -1.393065 -82.955301 0
30 45000.000000 35.097098 -253.005456 255.428203 -1.432955 -59.576880 0
0 0.000000 245.150373 -222.018485 330.742971 -0.735924 136.150475 1
1 1500.000000 338.476534 -288.624316 444.826214 -0.706069 195.132313 1
2 3000.000000 174.347380 -183.339325 253.002603 -0.810532 86.672220 1
3 4500.000000 197.942192 -206.984792 286.398002 -0.807726 98.867287 1
4 6000.000000 230.997167 -290.491336 371.140010 -0.898992 95.841584 1
5 7500.000000 188.229887 -97.540575 212.001542 -0.478101 133.648846 1
6 9000.000000 308.510850 -67.870833 315.888263 -0.216546 255.775017 1
7 10500.000000 402.861127 -56.107161 406.749433 -0.138382 346.978393 1
8 12000.000000 200.895825 -113.390027 230.686868 -0.513848 138.935383 1
9 13500.000000 241.514204 -74.178834 252.649184 -0.297995 191.829312 1
10 15000.000000 304.596887 -160.591388 344.338289 -0.485190 215.175372 1
11 16500.000000 183.007630 -176.102984 253.976482 -0.766173 97.501124 1
12 18000.000000 141.193781 -210.910494 253.808826 -0.980870 45.268901 1
13 19500.000000 49.904535 -237.425531 242.613572 -1.363622 -49.016145 0
14 21000.000000 -70.868497 -175.839038 189.582992 -1.953912 -135.166975 0
15 22500.000000 148.510443 -377.346221 405.518831 -1.195849 -14.458320 0
16 24000.000000 53.217528 -201.609907 208.515371 -1.312720 -31.682107 0
17 25500.000000 59.974248 -91.958078 109.787060 -0.992882 18.282411 1
18 27000.000000 26.929219 -188.596267 190.509147 -1.428967 -50.590662 0
19 28500.000000 10.626134 -213.581285 213.845459 -1.521085 -75.511806 0
20 30000.000000 -112.072916 -157.882472 193.616150 -2.188103 -165.778729 0
21 31500.000000 -72.320388 -349.986282 357.380240 -1.774566 -206.012076 0
22 33000.000000 -56.881617 -293.511325 298.972267 -1.762220 -169.313646 0
23 34500.000000 4.279029 -251.726865 251.763231 -1.553799 -96.557798 0
24 36000.000000 -16.366875 -443.343431 443.645436 -1.607696 -191.974652 0
25 37500.000000 -21.059959 -471.615146 472.085128 -1.615422 -207.562783 0
26 39000.000000 -114.407365 -207.848249 237.255010 -2.073975 -187.863841 0
27 40500.000000 -3.609527 -157.561161 157.602500 -1.593701 -66.202768 0
28 42000.000000 63.600241 -425.592227 430.318178 -1.422455 -111.568855 0
29 43500.000000 90.739153 -412.735802 422.592518 -1.354391 -81.553916 0
30 45000.000000 39.615375 -250.755912 253.865920 -1.414108 -63.771104 0
0 0.000000 248.154468 -211.370533 325.972610 -0.705521 126.656650 1
1 1500.000000 341.781623 -277.057126 439.971964 -0.681187 180.764548 1
2 3000.000000 170.117986 -170.920297 241.151150 -0.787751 75.131478 1
3 4500.000000 202.135610 -190.370769 277.668570 -0.755434 94.988803 1
4 6000.000000 230.504650 -274.958914 358.796318 -0.873120 82.306819 1
5 7500.000000 184.998907 -84.464212 203.368628 -0.428301 127.287214 1
6 9000.000000 312.724144 -54.781555 317.486077 -0.173416 254.723620 1
7 10500.000000 406.090085 -31.686921 407.324463 -0.077872 348.506347 1
8 12000.000000 201.518981 -104.304765 226.912723 -0.477623 133.125625 1
9 13500.000000 236.251878 -61.083081 244.020680 -0.253010 183.580277 1
10 15000.000000 306.047716 -145.178009 338.735677 -0.442929 208.125509 1
11 16500.000000 185.461696 -158.777393 244.144017 -0.708036 94.295998 1
12 18000.000000 151.730668 -195.248892 247.273787 -0.910167 47.770575 1
13 19500.000000 60.778958 -225.594500 233.638525 -1.307628 -47.114976 0
14 21000.000000 -63.587388 -170.368684 181.848411 -1.928018 -133.383650 0
15 22500.000000 164.172276 -362.908255 398.315124 -1.145965 -16.480431 0
16 24000.000000 75.793543 -190.162505 204.710624 -1.191521 -17.775745 0
17 25500.000000 74.744150 -80.852258 110.108018 -0.824634 30.423050 1
18 27000.000000 39.961639 -184.502620 188.780691 -1.357500 -47.239295 0
19 28500.000000 25.039702 -208.852972 210.348641 -1.451474 -71.514441 0
20 30000.000000 -96.454947 -161.212879 187.864709 -2.109971 -158.627770 0
21 31500.000000 -47.214538 -344.933825 348.150192 -1.706831 -197.227203 0
22 33000.000000 -40.358051 -296.228921 298.965460 -1.706202 -169.209072 0
23 34500.000000 20.907960 -251.743986 252.610723 -1.487934 -94.485217 0
24 36000.000000 2.547664 -443.565835 443.573151 -1.565053 -197.112093 0
25 37500.000000 -1.058072 -471.765480 471.766666 -1.573039 -213.009064 0
26 39000.000000 -104.454820 -215.667310 239.631379 -2.021832 -190.251735 0
27 40500.000000 6.064947 -156.221426 156.339111 -1.531993 -64.805633 0
28 42000.000000 83.149620 -421.288537 429.415755 -1.375931 -115.098512 0
29 43500.000000 109.478000 -409.142482 423.536307 -1.309342 -86.120249 0
30 45000.000000 51.219134 -255.151462 260.241558 -1.372689 -68.940713 0
0 0.000000 250.696783 -199.113883 320.148739 -0.671220 119.969365 1
1 1500.000000 344.709838 -261.128361 432.449874 -0.648304 171.196748 1
2 3000.000000 175.971237 -157.082309 235.882869 -0.728744 75.672826 1
3 4500.000000 207.033570 -175.508348 271.414958 -0.703174 93.615932 1
4 6000.000000 238.889555 -254.074335 348.743441 -0.816191 82.603910 1
5 7500.000000 182.961563 -75.618989 197.972637 -0.391924 121.911725 1
6 9000.000000 317.586360 -41.737009 320.317146 -0.130671 255.745416 1
7 10500.000000 410.160689 -17.040517 410.514519 -0.041522 348.464709 1
8 12000.000000 210.356511 -99.633660 232.758948 -0.442340 133.909097 1
9 13500.000000 237.946400 -56.807858 244.633649 -0.234355 179.024719 1
10 15000.000000 310.514000 -128.853922 336.187861 -0.393344 206.648237 1
11 16500.000000 188.987790 -152.565619 242.884031 -0.679163 89.224497 1
12 18000.000000 162.157212 -183.813426 245.116986 -0.847912 50.476830 1
13 19500.000000 75.840154 -217.525063 230.366842 -1.235325 -41.242222 0
14 21000.000000 -53.173798 -170.759242 178.846782 -1.872675 -130.439253 0
15 22500.000000 182.097994 -354.361650 398.411669 -1.096110 -16.244274 0
16 24000.000000 86.335631 -183.126677 202.457949 -1.130246 -15.154026 0
17 25500.000000 75.287460 -80.343008 110.105406 -0.817871 25.900030 1
18 27000.000000 49.324235 -182.346883 188.900148 -1.306622 -46.971796 0
19 28500.000000 33.915433 -208.448395 211.189465 -1.409505 -73.244986 0
20 30000.000000 -83.677999 -163.825782 183.958947 -2.043026 -153.561953 0
21 31500.000000 -23.532069 -351.887442 352.673404 -1.637571 -193.935283 0
22 33000.000000 -25.071045 -302.794708 303.830861 -1.653407 -171.074297 0
23 34500.000000 34.704162 -257.165166 259.496246 -1.436658 -96.573404 0
24 36000.000000 23.779358 -442.848975 443.486948 -1.517152 -197.610446 0
25 37500.000000 22.622097 -469.644875 470.189396 -1.522665 -211.826222 0
26 39000.000000 -89.642076 -225.094360 242.287376 -1.949786 -188.953066 0
27 40500.000000 17.689890 -162.572389 163.531997 -1.462410 -64.747873 0
28 42000.000000 103.786530 -419.748915 432.389634 -1.328399 -116.612296 0
29 43500.000000 132.890240 -406.937748 428.086611 -1.255153 -84.975106 0
30 45000.000000 66.962517 -252.586622 261.312037 -1.311650 -66.249706 0
0 0.000000 263.916737 -188.900650 324.554310 -0.621224 122.367787 1
1 1500.000000 357.498494 -244.248678 432.969502 -0.599372 171.967090 1
2 3000.000000 193.521365 -145.330716 242.015569 -0.644128 86.090382 1
3 4500.000000 221.803113 -163.682680 275.660372 -0.635753 100.212725 1
4 6000.000000 256.848893 -239.796412 351.388208 -0.751076 89.227181 1
5 7500.000000 194.548824 -66.192688 205.501136 -0.327951 129.195999 1
6 9000.000000 323.673922 -23.965588 324.559944 -0.073908 260.929947 1
7 10500.000000 413.399889 6.218759 413.446660 0.015042 352.917984 1
8 12000.000000 214.205999 -86.213414 230.904662 -0.382642 135.134185 1
9 13500.000000 242.804739 -42.258775 246.454753 -0.172318 182.778233 1
10 15000.000000 317.748919 -111.566217 336.766085 -0.337667 209.166063 1
11 16500.000000 199.455294 -137.056484 242.005980 -0.602052 95.524552 1
12 18000.000000 169.644445 -170.053110 240.202619 -0.786601 52.703860 1
13 19500.000000 87.133221 -209.758506 227.136146 -1.177087 -38.264377 0
14 21000.000000 -45.724297 -168.125058 174.231876 -1.836340 -128.397530 0
15 22500.000000 199.986648 -344.527012 398.363554 -1.044863 -14.755120 0
16 24000.000000 94.726476 -181.774269 204.975584 -1.090395 -16.907549 0
17 25500.000000 81.875283 -78.131086 113.172562 -0.762002 27.539976 1
18 27000.000000 55.914472 -182.291830 190.674433 -1.273176 -50.005839 0
19 28500.000000 41.895439 -206.298123 210.509248 -1.370439 -74.673674 0
20 30000.000000 -83.162622 -166.922238 186.491435 -2.033012 -159.415959 0
21 31500.000000 -10.448614 -347.223962 347.381136 -1.600879 -194.152832 0
22 33000.000000 -17.538996 -299.039247 299.553146 -1.629380 -174.432293 0
23 34500.000000 45.917257 -254.128096 258.243071 -1.392039 -96.799869 0
24 36000.000000 37.747843 -436.625379 438.254060 -1.484557 -201.109039 0
25 37500.000000 40.004829 -465.750922 467.465836 -1.485113 -214.744961 0
26 39000.000000 -84.824510 -228.256139 243.507828 -1.926600 -193.555858 0
27 40500.000000 23.775426 -156.699737 158.493149 -1.420219 -63.526048 0
28 42000.000000 113.562174 -409.326160 424.787326 -1.300166 -122.425444 0
29 43500.000000 145.758621 -397.403540 423.290857 -1.219254 -88.834728 0
30 45000.000000 75.034464 -248.091408 259.190119 -1.277096 -68.954546 0
0 0.000000 269.701143 -170.339109 318.989214 -0.563320 123.241011 1
1 1500.000000 364.058629 -223.110081 426.985707 -0.549808 170.271666 1
2 3000.000000 197.978492 -130.658627 237.206998 -0.583348 87.244723 1
3 4500.000000 227.703178 -149.475805 272.381633 -0.580896 100.802575 1
4 6000.000000 265.853878 -222.271504 346.529805 -0.696349 90.304685 1
5 7500.000000 196.925371 -52.347027 203.764111 -0.259813 131.295944 1
6 9000.000000 323.641066 -6.376182 323.703870 -0.019699 261.465214 1
7 10500.000000 414.175059 23.560489 414.844641 0.056824 352.798896 1
8 12000.000000 216.403367 -79.122069 230.414234 -0.350525 131.895794 1
9 13500.000000 244.906300 -32.264916 247.022510 -0.130990 182.118896 1
10 15000.000000 322.265163 -95.591435 336.143656 -0.288356 209.170616 1
11 16500.000000 203.936928 -126.388391 239.925605 -0.554810 94.574890 1
12 18000.000000 178.211614 -160.656557 239.937301 -0.733639 53.847315 1
13 19500.000000 100.112002 -205.893369 228.942115 -1.118223 -36.075365 0
14 21000.000000 -35.035681 -170.874466 174.429304 -1.773031 -126.702081 0
15 22500.000000 210.770924 -331.573425 392.893520 -1.004562 -17.506235 0
16 24000.000000 100.422600 -175.099718 201.852941 -1.050078 -18.159896 0
17 25500.000000 87.391131 -74.066944 114.556195 -0.703061 29.110072 1
18 27000.000000 59.306944 -180.261811 189.767316 -1.252947 -54.801860 0
19 28500.000000 49.485422 -202.208909 208.176007 -1.330789 -75.434793 0
20 30000.000000 -74.454022 -171.947692 187.375052 -1.979427 -159.608548 0
21 31500.000000 3.291564 -344.424478 344.440206 -1.561240 -194.840804 0
22 33000.000000 -3.132919 -299.364335 299.380728 -1.581261 -174.260379 0
23 34500.000000 53.974786 -251.999937 257.715436 -1.359799 -100.313738 0
24 36000.000000 57.066029 -432.360697 436.110426 -1.439568 -201.223446 0
25 37500.000000 62.717367 -462.449398 466.682883 -1.435999 -213.850674 0
26 39000.000000 -71.309286 -230.059241 240.857361 -1.871366 -190.361047 0
27 40500.000000 28.478460 -154.338248 156.943677 -1.388329 -65.188215 0
28 42000.000000 129.765282 -401.162751 421.628487 -1.257946 -123.776350 0
29 43500.000000 165.047695 -387.852800 421.509829 -1.168467 -87.239868 0
30 45000.000000 87.448437 -245.701203 260.799368 -1.228863 -69.280098 0
