557.778515 -1658.789527
-542.190716 -2463.259292
714.658898 -1526.787182
1645.347040 -801.818660
892.882687 -679.277401
1204.024864 -811.684780
2266.586052 -1727.891464
1581.800663 -1317.625807
1468.789942 -1485.151862
937.090008 -835.695354
763.367087 -1177.620399
567.726212 -594.222062
1297.349750 -924.308082
695.346855 -648.049935
310.904306 -901.407902
-88.134188 -429.739396
325.166178 -528.236134
-66.739354 244.688642
-695.169368 -623.463338
-1430.201491 -616.348691
-1117.317695 -829.303217
-975.205371 -780.603331
-1365.302987 -1246.452241
-1433.035856 -1680.563896
-1537.345671 -1708.931831
-1437.189209 -1788.378157
-1474.950814 -1610.244972
-517.496397 -2171.135759
-1073.643961 -2675.186393
-1181.486754 -1808.775552
-72.591095 -1575.225769
814.805282 -1454.300542
-2.041041 -2087.746037
1048.153983 -1340.842603
2052.862565 -689.317895
1595.635593 -498.789899
1712.610910 -675.023530
2837.217866 -1423.084606
2055.333401 -1084.874459
1797.594744 -1084.128026
1240.579385 -388.782563
1133.493176 -724.634748
754.428727 -330.106637
1497.399845 -784.353051
804.608160 -549.831232
343.097973 -628.976649
-259.373318 -313.657570
104.337267 -427.220781
-331.768865 171.689469
-875.871830 -643.046706
-1581.869203 -684.672697
-1423.463211 -1047.998467
-1133.457155 -885.304421
-1389.623854 -1358.101118
-1566.929540 -1671.440266
-1501.037886 -1885.270368
-1574.941390 -1872.175626
-1604.602378 -1682.991992
-396.969478 -1996.957654
-848.085610 -2677.488034
-1199.075468 -1772.326336
248.625143 -1682.540315
990.722622 -1352.285860
340.157740 -2093.731140
1190.229200 -1143.266912
2427.329486 -492.360980
1841.271508 -191.723204
2376.268550 -604.342510
3034.722596 -1446.235866
2347.112092 -1157.201006
1844.705927 -694.592065
1368.000766 72.029104
997.825538 -5.972578
1014.149095 82.007837
1453.890576 -308.143880
860.697820 -196.897934
117.650921 100.068209
-575.580010 270.657470
-568.994784 433.722384
-858.265788 899.271312
-1552.201877 195.783147
-2301.363963 -212.405631
-2209.301994 -659.855976
-1930.103967 -654.466327
-2308.409403 -772.573729
-2401.602416 -1473.321254
-2739.231780 -1257.987656
-2641.136613 -1455.413737
-2089.168777 -866.588739
-916.676678 -1548.750428
-1420.207571 -2222.478039
-1138.770614 -1609.665204
-239.546370 -1289.301690
388.502531 -655.459687
117.727592 -863.023616
865.146532 -312.608538
1981.107090 79.680484
1979.430930 33.725466
2226.868667 -234.429377
2788.025188 -864.618816
2089.715893 -375.051687
1765.912359 -31.280839
1345.463308 689.548616
1134.262569 269.443841
1039.243194 141.459826
1519.185622 -317.510078
1055.081185 32.141421
504.942705 236.142257
-262.361060 557.425190
-124.641668 498.872382
-415.216566 741.298474
-958.113606 -52.410046
-1651.088188 -308.407966
-1702.327396 -626.979868
-1542.845694 -472.264034
-1666.798323 -613.629675
-1652.126619 -1139.119531
-1706.661554 -1347.247990
-1797.790054 -1501.280826
-1400.949646 -1215.094990
-429.517514 -1587.963990
-773.212525 -2255.863191
-823.752341 -1629.419519
282.667831 -1412.738157
926.779881 -1046.400747
712.758618 -1446.665874
1374.179465 -758.534447
2589.587138 -171.278578
2415.341734 105.630130
2603.667045 -196.233001
3158.235294 -721.017330
2441.351595 -437.251133
1872.118855 -80.284223
1261.597930 612.224174
909.230299 400.848613
562.908748 443.222862
1087.788885 -58.698917
423.757129 67.942605
-211.909615 242.043153
-936.195209 341.695159
-761.247174 300.755338
-1189.845093 400.565843
-1655.475468 -133.326102
-2157.741364 -527.893962
-2090.560305 -1089.619839
-1922.629026 -1129.983846
-1948.776677 -1371.683907
-1902.778876 -1689.617564
-2118.806386 -1438.588498
-1926.999127 -1366.328025
-1096.556786 -1049.981134
-183.085564 -1469.513400
-262.298812 -2251.249718
-268.764236 -1410.083582
353.784760 -1200.663486
874.142646 -504.346388
915.097920 -1051.068946
1073.768308 -480.545888
2365.172681 -256.597583
2180.028874 -187.652772
2426.321981 -729.328025
2904.306944 -1139.251196
2432.551907 -903.474275
1815.011774 -497.501772
1472.732246 188.782508
1241.939984 6.728920
1482.593937 -198.113693
1833.583520 -517.963592
1289.275370 -269.157942
763.280376 202.255360
0.069836 573.439908
-12.581933 673.767759
-308.173989 811.141015
-993.061006 398.188156
-1857.244317 -80.161745
-1885.063757 -294.454079
-1946.185755 -539.815607
-2243.015436 -466.155324
-2445.028712 -988.828540
-2649.594312 -948.605584
-2796.919489 -1073.176729
-2041.386213 -1040.469121
-1162.715324 -1463.748922
-1288.903957 -2323.544169
-1451.795051 -1702.631801
-541.743337 -1502.015541
-162.715895 -859.816517
283.634626 -1284.255522
558.297135 -801.018393
1777.980707 -314.669017
2046.589621 195.015665
2659.165250 74.750294
3020.971315 -164.158891
3044.181584 -40.826828
2343.660333 466.253461
1702.225516 1086.688776
1366.264085 1363.116223
1296.416443 922.251647
1182.027169 619.435435
721.102064 555.960974
-26.648296 1094.623468
-868.833812 1085.042878
-1095.384971 1136.501179
-1358.546037 1138.990153
-1906.584177 958.798951
-2619.981979 669.258853
-2652.087094 154.646372
-2463.945323 -463.460545
-2597.483806 -516.257114
-2660.668986 -1207.483310
-2996.376325 -737.561357
-3116.213025 -952.125163
-2136.203697 -813.849637
-975.561336 -1269.364832
-869.370306 -1969.344640
-558.399243 -1443.601219
85.769638 -1251.100108
532.662956 -362.801364
1438.473668 -305.128438
1602.499469 -23.677503
2282.081682 108.645682
2531.897716 240.645168
2851.556576 194.529440
3093.070870 -20.432640
2798.003344 134.454394
2080.837022 504.350402
1665.779333 961.543023
1634.145561 901.845509
1418.443018 405.683552
1445.295081 62.178597
996.234791 147.089569
387.203491 403.107689
-375.985981 539.650315
-350.678772 443.547104
-688.591808 165.019282
-1150.722353 -223.832187
-1778.798892 -360.735800
-1738.194131 -563.245977
-1705.734363 -673.313619
-1603.984140 -738.186774
-1516.462497 -1283.614129
-1648.519874 -1130.529254
-1905.784838 -1199.603242
-1085.819798 -884.855910
-331.798393 -1236.683789
-350.628419 -2073.916603
-406.045145 -1617.401045
255.390847 -1762.110205
336.395718 -958.831852
810.001579 -1385.350929
1007.493403 -745.960847
2079.794044 -462.917582
2148.991640 -268.928928
2684.535354 -527.408096
2915.101314 -851.209098
2716.113353 -557.967225
2184.394388 -116.599228
1472.410373 359.565277
1280.880577 468.088585
1150.826201 51.123213
1290.085199 -98.483635
879.564751 -228.600575
291.141053 170.233605
-540.134988 213.380906
-482.742866 425.141822
-865.456322 382.356186
-1317.493237 -92.601183
-2069.681554 -355.604842
-1977.520197 -699.647279
-1936.248249 -906.139517
-2027.632682 -969.573438
-2102.275297 -1694.686763
-2195.108982 -1449.170138
-2427.186706 -1528.187518
-1700.246256 -1079.373186
-717.238739 -1388.497587
-619.180282 -2324.376856
-483.656937 -1771.388963
314.792135 -1934.646381
513.156418 -1031.915770
818.483417 -1456.305175
966.480205 -715.965769
2154.159957 -359.328959
2339.892390 -211.013926
2781.722178 -616.686704
3056.129708 -1025.314494
2899.311553 -673.596419
2394.825019 -102.109497
1618.415609 447.429091
1386.355644 588.769598
1294.752578 152.345360
1393.588506 -75.317460
953.037398 -212.967008
372.190525 170.347459
-574.406517 298.011451
-581.022443 456.432559
-949.806638 579.509298
-1363.211596 -1.675092
-2192.049904 -268.998756
-2050.105682 -787.034650
-2020.410920 -989.500142
-2152.469167 -1020.403939
-2306.058661 -1792.249935
-2391.259102 -1544.927744
-2660.730076 -1653.864332
-1895.925304 -1194.412594
-826.062987 -1479.707809
-727.943929 -2471.550143
-475.832206 -1875.318932
335.735639 -1982.125433
643.801947 -1009.767687
1009.083681 -1398.527085
1113.966102 -746.010906
2249.071946 -373.424824
2598.846570 -237.378510
2892.004290 -647.376174
3142.325390 -1083.143878
2970.132550 -692.345378
2520.818460 -79.823610
1717.665897 493.647877
1525.386278 631.836378
1411.159488 159.783878
1517.147099 -72.199077
992.700139 -147.960729
426.464189 223.749703
-634.619390 402.441902
-660.323077 463.815341
-1053.251077 637.856347
-1399.022698 -26.857834
-2313.847715 -269.271157
-2165.789918 -908.650198
-2163.940638 -1030.122478
-2259.016227 -1061.750203
-2436.067390 -1779.240000
-2506.574052 -1610.467608
-2740.761529 -1692.795293
-1920.610445 -1300.679243
-828.233850 -1546.062218
-782.761643 -2536.038353
-457.641458 -1898.455564
289.404737 -1952.919861
659.506395 -982.565777
1053.994013 -1334.120307
1197.538263 -734.462377
2228.823610 -353.114058
2724.208105 -191.119271
2933.884757 -631.175103
3150.297610 -1019.991112
2951.719900 -664.137962
2523.526072 7.693168
1709.248460 523.913200
1533.304250 625.851776
1428.622329 119.928267
1504.076096 -144.973748
944.076954 -100.189530
386.537018 204.507820
-666.415412 456.652572
-688.584700 429.127268
-1072.551130 652.785176
-1368.745545 -53.057121
-2314.368927 -259.166703
-2161.233834 -938.243090
-2143.607557 -989.062055
-2232.608511 -1030.382799
-2436.078372 -1694.340408
-2494.373281 -1598.230641
-2700.892012 -1662.686582
-1851.368992 -1337.595548
-805.968319 -1574.579739
-826.467515 -2531.697549
-480.432515 -1872.036245
230.404755 -1868.031119
664.342959 -962.407575
1044.762568 -1272.093484
1236.591329 -723.475427
2205.644734 -312.056600
2769.825661 -151.176929
2905.688886 -590.765158
3141.110568 -988.657436
2836.205304 -622.313202
2452.446525 41.132499
1630.142584 548.730420
1484.658038 603.663926
1382.334531 94.714827
1509.952333 -170.984833
871.433627 -63.742349
372.302347 211.130205
-660.994710 509.630084
-680.495017 411.617197
-1073.324132 696.204202
-1326.145787 -79.800187
-2314.720500 -256.922108
-2137.183918 -973.322642
-2122.431931 -957.497047
-2210.410330 -1009.289102
-2429.116222 -1601.272190
-2462.247833 -1557.910339
-2620.765328 -1570.234632
-1744.053905 -1335.210953
-728.801032 -1554.300740
-827.717486 -2528.490606
-491.428628 -1793.350610
213.475799 -1773.500329
636.009969 -923.386685
988.301943 -1246.187125
1226.687043 -733.843087
2137.845519 -302.248699
2737.053505 -128.210227
2849.643941 -570.202881
3104.117925 -958.331595
2764.791519 -603.903545
2411.079810 88.089368
1608.847703 551.091639
1477.185826 560.389012
1370.532190 42.806290
1514.973750 -216.121108
838.028427 -26.420941
350.477467 197.193169
-658.649623 530.880235
-626.098696 389.201486
-1007.656807 704.493583
-1273.423597 -88.482323
-2276.659895 -251.438347
-2067.302665 -956.893391
-2082.174903 -887.632913
-2157.873779 -958.609873
-2387.823596 -1505.132974
-2436.454757 -1519.612713
-2560.477288 -1505.070260
-1631.323738 -1339.985634
-708.140319 -1586.035279
-882.880713 -2532.383643
-556.591655 -1743.381665
151.273110 -1694.844020
588.861746 -895.030260
985.933819 -1319.619265
1236.719751 -769.061767
2144.488722 -223.748962
2843.161013 34.560527
3021.068176 -487.514044
3173.165730 -910.299812
2873.870183 -520.357469
2511.249379 201.298109
1558.297324 687.665628
1356.179262 767.343232
1433.898507 211.502795
1468.262176 -22.247052
692.964358 147.409406
210.767542 443.875938
-777.769140 799.731174
-847.214720 678.034126
-1186.450085 1079.472413
-1449.451333 255.311157
-2566.008875 57.202703
-2265.985110 -791.925468
-2334.352916 -802.818436
-2459.603803 -824.485115
-2809.185914 -1388.057348
-2849.120592 -1378.216624
-3000.385689 -1307.267759
-1778.123234 -1212.544940
-927.345375 -1357.857029
-956.098660 -2376.775390
-502.928836 -1583.408530
171.779849 -1495.306021
460.023455 -509.573873
1271.520406 -790.880646
1275.174377 -440.374397
2007.363165 23.217585
3014.571201 313.389369
3148.881702 -180.657262
2974.129291 -454.792543
2872.193561 -123.274071
2535.248058 686.607806
1501.902857 1027.844801
1324.825986 1254.973204
1458.820638 468.767346
1257.656079 333.639099
532.881186 495.389750
133.000549 856.502499
-915.513997 1148.771731
-1117.524852 978.372164
-1367.604069 1264.881695
-1527.685135 566.456245
-2669.211005 377.669557
-2376.536716 -493.790088
-2487.375135 -634.483943
-2564.235208 -490.363152
-2867.409463 -1096.107325
-2904.194977 -1073.768597
-3130.377680 -982.439712
-1736.990939 -922.396343
-953.212556 -897.468790
-846.709620 -1994.508648
-313.147492 -1294.546766
202.229473 -1255.124273
349.168432 -113.268338
1477.966629 -203.474857
1257.851593 -75.368725
1804.962124 206.239866
3006.235291 457.436365
3006.946358 54.493272
2647.435805 -57.353069
2644.641404 223.035882
2359.917292 1043.100084
1453.975538 1257.319644
1393.636335 1487.272599
1406.595289 541.712141
1138.914672 494.606170
501.219289 695.768045
189.036121 1026.655453
-911.202918 1225.953702
-1153.843480 1003.592736
-1350.982951 1129.316029
-1380.619091 529.714041
-2498.386578 379.346880
-2241.519174 -381.952464
-2332.744247 -460.741825
-2316.436869 -262.550863
-2520.005801 -828.692991
-2480.273532 -891.781494
-2760.930809 -782.770327
-1440.187853 -763.935917
-729.064774 -714.715678
-673.437391 -1832.690741
-257.236848 -1165.133170
229.834914 -1182.458328
318.518431 -115.203801
1383.818795 -236.104789
1233.422467 -77.202701
1842.310534 212.807830
2988.459334 488.970360
3011.060076 40.099306
2660.723896 -46.484580
2626.281231 213.588589
2333.625927 1074.999911
1449.293435 1242.526211
1351.006879 1450.100503
1380.050441 505.996189
1144.480691 472.074193
491.811344 692.159336
167.744964 1037.455602
-891.446145 1221.193649
-1112.281157 1015.423963
-1318.541558 1116.629774
-1375.534623 534.071385
-2499.944690 365.063606
-2226.340707 -372.791035
-2325.299916 -436.185806
-2299.365572 -280.359130
-2512.506571 -825.796333
-2475.605330 -897.844086
-2729.928172 -790.357576
-1386.382836 -757.747212
-708.281660 -750.312186
-653.240798 -1841.219722
-256.753920 -1161.372438
234.275426 -1173.724322
352.059219 -110.103361
1375.822472 -260.326362
1240.147956 -69.934026
1870.750459 234.458207
2972.783287 513.236575
3010.346394 79.096954
2689.161952 -29.115186
2610.782133 219.699503
2306.555351 1076.102683
1396.743135 1262.416667
1323.001276 1472.669644
1338.927007 508.781051
1108.044312 478.051404
472.485797 666.513307
126.357093 1029.858511
-940.985717 1204.646039
-1135.709537 1010.411255
-1338.318702 1117.363858
-1421.029594 509.012876
-2533.376344 367.805240
-2238.707264 -384.711618
-2327.463210 -435.152554
-2306.615274 -289.047624
-2490.922684 -832.242558
-2462.507032 -874.542840
-2715.163023 -791.372943
-1364.777785 -749.198571
-663.701964 -753.313034
-623.103011 -1858.128151
-234.832847 -1165.683131
252.288113 -1202.961373
379.383478 -109.066652
1399.041637 -268.730315
1262.856167 -60.819873
1923.653294 256.242074
3006.242818 510.968636
3045.856372 87.112028
2740.889438 -31.469368
2640.950644 240.956772
2299.770884 1107.161814
1403.907789 1283.120913
1319.170255 1486.108697
1328.737311 510.734097
1089.560677 471.812361
459.924614 676.563358
83.599163 1035.103739
-962.128648 1221.926468
-1145.992827 1001.763981
-1375.013225 1104.237103
-1460.769124 517.475258
-2552.952110 345.875436
-2281.181117 -381.722007
-2349.356614 -458.677262
-2330.593048 -292.546468
-2512.827504 -840.104160
-2499.973145 -872.329481
-2703.304308 -787.159016
-1371.016239 -744.593549
-651.753081 -745.294351
-607.402628 -1847.935718
-225.812309 -1178.334501
237.513442 -1178.113752
416.989844 -112.171274
1387.386325 -245.571471
1262.694591 -73.506619
1919.977271 269.851151
3022.622370 511.186796
3052.183814 105.792352
2774.051344 -21.453488
2650.344069 238.033905
2311.432629 1105.302603
1411.903555 1306.638319
1331.459108 1494.364666
1324.659186 545.253334
1098.386551 470.764239
463.163106 694.387788
93.185935 1025.066215
-979.565007 1233.287333
-1164.404659 1000.168167
-1396.608262 1119.830202
-1485.811055 530.642251
-2580.378936 375.938334
-2292.569691 -379.733305
-2350.909576 -454.695446
-2338.400143 -329.982423
-2520.327530 -832.299398
-2508.281540 -867.340736
-2714.616737 -782.041837
-1395.280614 -749.160362
-648.731023 -775.541933
-600.160279 -1862.738113
-231.740165 -1208.479289
226.505116 -1196.916162
434.433265 -112.043733
1391.652190 -231.338358
1303.265484 -44.580470
1967.271921 271.727639
3050.468670 502.724714
3090.060182 105.951896
2816.313935 2.407593
2673.426011 257.201465
2312.367871 1109.954659
1405.879482 1297.202840
1335.180699 1480.542215
1317.679258 556.712260
1078.078189 453.735937
449.179840 700.432652
88.267357 1015.563511
-976.727492 1244.833772
-1160.211423 997.887955
-1416.999614 1118.900704
-1479.535275 521.799543
-2584.503110 367.394664
-2290.818027 -392.086743
-2357.963446 -471.871110
-2355.423057 -365.942479
-2540.098673 -866.791689
-2506.143814 -888.593188
-2729.269975 -780.713661
-1387.461563 -746.304503
-631.848738 -768.241202
-558.777430 -1873.756128
-185.645715 -1209.318321
258.242580 -1193.406964
453.251468 -104.430404
1394.745206 -219.848164
1294.905018 -31.158658
1973.081723 277.180997
3043.733731 508.384155
3065.758209 93.414999
2812.570921 -10.047397
2666.621360 244.234830
2292.905281 1123.581575
1395.362279 1321.910337
1327.613743 1496.380431
1303.219304 544.733136
1079.676356 440.701700
446.902372 676.301734
64.908813 1003.965719
-1014.828392 1227.786946
-1183.881420 993.508894
-1422.753310 1111.290800
-1491.036656 517.301564
-2581.151818 352.724260
-2285.427121 -411.487845
-2339.963655 -469.256819
-2335.783406 -354.757996
-2510.776401 -835.908001
-2494.096171 -877.827523
-2713.631149 -784.158387
-1379.850235 -743.681193
-604.431368 -784.641732
-570.766353 -1870.340971
-211.973326 -1214.162940
252.050686 -1177.234968
464.047759 -91.734407
1378.584167 -215.701967
1307.184368 -18.155610
1986.796762 283.222214
3043.140957 510.266373
3066.460759 99.971803
2817.889568 -18.884872
2644.095910 239.113960
2251.483573 1129.450877
1386.233929 1323.438451
1324.408554 1484.446980
1278.381669 529.630539
1076.209102 419.905128
457.974511 703.069663
50.080683 1005.463245
-1003.006241 1243.013317
-1173.084110 981.912882
-1426.537735 1112.413321
-1487.291016 521.980140
-2593.595947 335.731921
-2295.430523 -411.606829
-2330.391026 -471.414046
-2335.971042 -345.399540
-2494.886842 -832.365438
-2486.385289 -867.091477
-2687.139187 -787.083607
-1342.063336 -760.088326
-595.185333 -790.734495
-577.911394 -1877.103960
-226.627225 -1183.874893
250.881318 -1151.656152
487.004232 -92.315578
1382.682410 -219.478524
1303.008621 -29.595213
1998.095060 314.244288
3031.379519 531.107191
3055.694512 119.314502
2813.297929 -9.140473
2627.474608 227.114912
2215.064187 1129.053777
1353.677753 1328.139397
1308.365642 1475.499692
1276.246840 510.959322
1040.139264 402.815368
441.811340 704.126266
46.440068 1005.832052
-1018.773364 1218.013204
-1164.975265 967.732593
-1395.355072 1099.559544
-1488.057561 522.306477
-2582.077693 320.086415
-2271.377943 -424.398853
-2297.022397 -465.810099
-2305.132216 -333.805026
-2464.684228 -810.796912
-2456.215467 -856.863977
-2655.656462 -766.820686
-1286.052311 -738.107153
-552.239810 -803.498442
-594.804310 -1854.843360
-256.878439 -1170.505163
248.133326 -1113.880790
468.848410 -72.298898
1344.257789 -211.557569
1280.354461 -2.668335
1985.219446 317.775142
2995.372260 541.433298
3030.148421 107.740517
2774.129916 -37.706730
2566.383015 217.952541
2138.425260 1124.151518
1322.730926 1328.213438
1292.205992 1444.403440
1262.935635 451.367965
1052.046078 361.910108
458.060142 679.021456
44.750622 1002.764136
-991.463228 1219.083746
-1128.061927 985.807703
-1324.726508 1092.696550
-1445.906118 502.549910
-2548.589689 294.440171
-2211.096739 -414.999503
-2248.606454 -437.607714
-2286.928771 -300.465415
-2421.432176 -767.052546
-2416.150348 -812.286106
-2621.364886 -749.345266
-1228.599816 -736.062636
-543.996460 -824.110830
-616.440848 -1847.426072
-313.928957 -1128.940555
221.472072 -1080.457366
415.930209 -61.695505
1296.670207 -233.005677
1238.006682 -24.050404
1965.797114 293.319096
2904.431001 543.163741
2981.680048 116.033008
2745.519048 -26.149634
2528.665561 197.593671
2080.990219 1083.891409
1301.646152 1287.283996
1266.499102 1410.184522
1253.116033 420.041779
1053.544891 336.117223
465.083668 657.547814
74.390332 989.629952
-950.270615 1184.873205
-1072.438550 973.387288
-1243.051031 1043.851109
-1394.661232 502.094578
-2510.773748 278.471556
-2134.277156 -380.634306
-2191.597140 -433.823438
-2242.791660 -293.571672
-2341.180040 -738.664946
-2344.754307 -785.168277
-2595.003268 -729.500228
-1174.923979 -728.897107
-521.387644 -831.815752
-622.452699 -1841.767111
-377.935692 -1095.901112
200.355277 -1071.689253
372.848229 -60.168149
1254.223297 -258.980583
1200.607667 -23.372369
1963.908659 274.787841
2800.372677 542.372205
2938.096746 98.336912
2703.295535 -32.617631
2477.279312 159.154090
1980.790011 1053.585817
1261.786852 1253.832616
1228.245879 1402.288439
1253.027912 376.230718
1041.011920 306.013476
484.979588 600.881184
65.074507 1006.631423
-915.902134 1167.283224
-1023.009340 982.482232
-1183.377523 1005.075581
-1355.045660 474.232700
-2461.860661 244.629857
-2099.849563 -363.679911
-2148.448615 -440.197933
-2201.211227 -275.576455
-2308.803592 -726.762016
-2281.419952 -720.063908
-2545.204791 -708.391813
-1128.049211 -722.188995
-476.298204 -858.751292
-609.347490 -1831.196092
-433.405414 -1073.309208
157.452522 -1032.404080
317.175783 -53.391993
1224.674981 -280.336715
1174.613469 -59.267391
1940.616360 220.273332
2718.367161 518.705913
2885.621968 105.941478
2689.386845 -24.871899
2470.874148 133.195108
1922.971616 1018.956854
1254.326495 1211.999675
1223.370391 1385.756499
1266.717314 321.736738
1032.707325 292.783723
502.367985 578.565365
63.814074 1027.561038
-888.750851 1162.819137
-999.930039 983.655969
-1094.744664 961.441048
-1337.113008 466.089452
-2453.188588 237.031092
-2070.115444 -312.487320
-2122.750795 -427.375761
-2192.278365 -261.515687
-2250.332624 -732.897702
-2259.710855 -715.389539
-2566.155172 -715.592826
-1099.569129 -738.230929
-488.550805 -870.730157
-617.365870 -1831.621216
-492.114282 -1060.697500
149.161032 -1033.774270
272.856669 -75.402923
1243.856227 -295.840621
1151.422117 -90.104027
1952.731375 200.008153
2649.995689 512.194845
2871.676474 103.640386
2680.835640 4.280094
2500.698283 108.503515
1900.608372 964.160066
1251.767083 1151.883693
1210.592344 1389.270938
1298.134041 320.414563
1020.095677 298.274547
510.604633 535.643001
85.810615 1039.355777
-853.577197 1143.450409
-977.508361 1002.693193
-1043.479569 912.552699
-1338.254000 479.283194
-2429.028104 226.685630
-2063.086491 -237.498243
-2111.191147 -454.153209
-2204.749412 -245.043158
-2218.807016 -766.948898
-2235.524759 -686.123357
-2574.838890 -713.343078
-1135.612393 -745.060841
-494.822549 -893.672001
-630.629533 -1835.517403
-543.417904 -1049.273070
122.425547 -1030.451807
226.600697 -93.771221
1246.334367 -310.238807
1161.562602 -104.670936
1964.861868 181.193596
2601.637273 485.359049
2840.900687 99.099783
2678.392062 7.237050
2522.323285 119.144401
1881.465109 941.127713
1262.252438 1126.786464
1230.490728 1372.491322
1328.376429 313.727699
1038.356821 298.599199
509.265248 532.957208
79.452544 1055.891566
-842.685925 1148.790595
-960.107453 1027.344947
-1010.375145 897.990991
-1320.354626 484.324436
-2426.320048 201.873168
-2048.331988 -209.258930
-2107.824933 -445.795323
-2223.806412 -214.966070
-2220.774422 -764.820650
-2222.479315 -700.605721
-2597.899463 -735.599893
-1144.628539 -772.568649
-519.037752 -888.063034
-657.141376 -1831.504558
-577.554350 -1044.446582
119.617641 -1026.230299
203.051429 -96.355779
1252.986356 -302.240600
1157.816463 -121.216701
1961.317477 145.221893
2584.268991 462.731339
2798.127786 92.782080
2648.713322 11.005136
2504.104563 96.679909
1871.200993 893.330843
1272.673123 1085.249537
1271.187552 1353.248290
1342.930917 272.276763
1063.092929 266.339953
541.312429 502.979431
143.827404 1060.746468
-800.500525 1145.683173
-915.105734 1004.700702
-922.626792 830.344502
-1259.233873 443.703383
-2372.688516 198.252136
-1990.618483 -170.146845
-2074.956962 -428.009634
-2194.689585 -204.614811
-2142.394089 -734.911881
-2160.593414 -673.215434
-2587.499075 -721.388313
-1167.868706 -772.784146
-533.906664 -881.207644
-688.850179 -1811.085727
-681.117938 -1010.130272
23.916881 -1029.983529
116.579334 -91.038472
1184.811925 -341.620847
1102.475675 -137.408437
1922.119991 94.838047
2472.928718 434.126630
2738.834683 70.846879
2613.130320 -7.114318
2495.101842 61.062648
1818.634848 809.294484
1255.916742 1019.984910
1267.505764 1311.227426
1372.858330 267.758334
1082.603135 271.320205
602.456560 479.859014
189.696012 1083.864792
-724.089415 1145.071145
-843.075664 1051.682464
-836.114515 835.746217
-1226.993479 480.147143
-2315.663106 208.297810
-1970.775455 -129.813379
-2053.002280 -422.987972
-2207.855134 -183.178826
-2124.775501 -732.981025
-2154.438944 -663.868642
-2592.143689 -747.649593
-1205.627157 -796.916883
-554.448534 -909.100528
-733.353880 -1781.437232
-712.209192 -1018.701786
-0.026523 -1012.963013
98.583820 -134.658212
1180.083404 -350.468914
1111.143376 -161.532408
1914.762578 83.277266
2453.202849 434.331323
2727.006784 88.789088
2617.151522 10.673690
2515.134853 71.677781
1811.706314 787.025772
1275.930146 1027.005130
1289.363586 1312.396100
1362.555696 308.368664
1074.160945 297.837333
589.395839 518.758167
180.683154 1113.513248
-737.283675 1163.776979
-854.922017 1067.590167
-878.406576 856.338806
-1253.924346 509.122330
-2348.488727 249.343007
-1997.105563 -111.107053
-2103.872533 -403.842589
-2225.828988 -200.368712
-2182.977062 -747.483052
-2186.168777 -671.927259
-2641.837194 -756.246050
-1236.666353 -794.991075
-590.548567 -918.043191
-725.844228 -1791.619942
-725.666736 -1021.840846
25.650874 -1023.848842
121.462180 -120.688198
1220.420570 -371.909118
1127.232450 -139.999802
1968.686047 79.276353
2477.107423 451.810581
2766.296479 78.887401
2649.866952 19.761676
2571.232973 66.114699
1845.858765 811.285179
1315.745444 1031.101528
1331.251825 1330.962861
1398.862806 299.512330
1094.554480 320.991858
615.670181 512.553571
181.403269 1133.358409
-742.841724 1154.984690
-849.296519 1086.673039
-870.655774 850.309974
-1262.972410 507.255700
-2369.202435 239.403155
-2003.739582 -108.463902
-2108.790393 -409.174037
-2244.533079 -202.351989
-2205.094481 -776.386009
-2201.708412 -674.130482
-2661.265475 -789.614817
-1260.880774 -807.319980
-601.144481 -938.227359
-746.582226 -1790.791286
-724.713910 -1008.749464
39.981496 -1042.096394
