-520.591979 -1536.708853
-114.221377 -1482.128507
652.952978 -2087.620152
2302.348185 -1464.944955
2447.392596 578.675820
3293.144561 1681.161155
5325.773328 2578.753230
6271.872649 476.858377
6075.648566 1546.316608
7442.041492 1469.754844
6104.198264 1948.227680
2690.371269 1927.533619
2480.045661 2699.570739
3889.075539 3427.087565
3172.906377 1142.597095
-109.555086 1468.281890
1393.411477 800.722329
608.502954 2345.683004
-376.852387 1960.747159
-2066.839307 1542.944127
-2322.678942 1841.086342
-4689.276828 1246.644308
-4389.237662 1986.521286
-3752.884526 594.288588
-4255.695372 -448.859904
-5526.993900 -462.366118
-4711.061206 -457.602262
-4308.803484 929.064634
-4328.792724 -1020.324338
-4220.086606 -2034.210442
-2487.443055 -2369.890991
-2576.865438 -1711.083126
-1939.030232 -2358.898418
-1323.694449 -2421.543291
1342.855946 -2971.351916
1363.367261 344.445565
3063.470383 -442.629333
4685.577412 654.465362
5966.843837 -1487.577317
5297.671778 229.973554
8020.173371 1074.259973
5672.274173 1619.856829
3613.914067 1695.331359
4495.465494 2336.475652
5328.553611 2848.664659
3917.757267 2305.956867
1214.364961 2546.465931
1521.158911 2917.995569
1125.464808 3342.086240
-324.818542 3398.247986
-2159.212541 1669.643043
-3153.861053 2122.462057
-5255.614058 645.441208
-5148.931427 1468.660227
-4733.461599 45.794811
-5618.044460 -814.821580
-6187.328779 -1658.470587
-5521.140975 -1417.302183
-4179.295001 -571.451251
-3819.671429 -1450.516633
-3671.741147 -2420.388565
-1939.050562 -1970.030448
-1229.810810 -1905.690518
-1305.421496 -982.430858
-82.760527 -1022.446001
2057.782382 -1340.234454
1215.049812 1170.945942
2303.454061 1692.677103
5543.761291 2802.787193
5085.575429 262.352893
3568.354131 1245.745251
6510.138072 2144.575338
4742.739321 2037.345307
962.125219 1934.104181
2064.466372 2064.186884
2881.636384 3025.189020
1847.129279 2028.858281
-481.083339 2370.664565
817.232950 1609.709868
-61.594243 2754.361871
-1016.120520 2808.925202
-2079.527834 1962.647586
-2793.553159 2235.121423
-5370.207842 1340.952078
-4327.744611 1824.222483
-3581.849686 753.573298
-4895.468222 207.606428
-5271.451151 -354.802995
-3922.942866 -692.792738
-3359.924304 646.283236
-3343.912777 -842.571067
-2885.273685 -1642.814981
-1959.953754 -2122.762766
-1599.843103 -1792.465655
-1103.878341 -1841.696473
-560.133720 -1692.841820
1335.527681 -1614.108501
1875.324734 1194.265542
3607.375279 1051.651687
6437.237385 1709.401839
6553.521023 -550.909167
5433.326494 248.823310
7068.709923 1843.377773
5151.476228 1928.573478
2327.382546 1927.957128
2773.582557 2081.415151
3244.119352 2241.296896
2869.170700 1267.506598
-221.088334 1875.398628
1133.472306 2116.578508
877.581998 3451.089770
-706.172673 2946.968533
-1700.464682 1590.716434
-2002.562609 1298.878065
-4941.675850 405.364690
-4146.281947 988.750821
-3760.167546 18.221892
-4907.610461 -1753.456093
-5554.438453 -1642.259193
-4443.034122 -2047.097494
-3589.638652 -720.957064
-3732.920837 -1692.861473
-3189.311832 -2504.285206
-1043.450434 -1755.501368
-825.956179 -1372.056645
-340.871092 -1275.494136
715.703033 -1111.753949
2516.784245 -2052.939801
2177.884957 937.683287
3048.245414 370.502484
4815.343931 1424.714891
5087.058968 -779.145108
3848.350062 -389.959634
6420.547850 446.197708
4468.162606 217.722710
1158.503546 517.499060
2719.390544 1578.395124
3608.549914 2183.581408
3116.503017 1534.105945
784.569529 1775.360611
2142.372014 1658.013422
1555.296271 2739.534023
74.880140 1957.897470
-1439.220638 1220.837740
-2064.647411 1297.320409
-5288.991656 784.091402
-4377.024672 1192.853480
-3942.721840 -80.133380
-4722.711512 -785.077376
-4854.900162 -1351.627206
-4372.609104 -1057.964226
-3678.589631 -106.753335
-3702.799683 -971.724521
-3377.587982 -1719.100932
-2082.810771 -1719.036045
-1593.788201 -1721.144457
-1826.803587 -2430.568355
-789.185616 -2103.500074
1148.464451 -2432.487171
1021.762058 848.608722
1925.325100 798.159916
5320.085810 1688.302764
5646.526665 -593.507397
4673.883148 -61.679108
7038.121534 1015.800098
4870.834903 942.011183
1116.948320 1837.313996
2701.726000 2507.469162
3035.943103 3316.516559
2181.168682 2024.137194
129.382204 2372.885334
1434.104684 2041.108126
646.437352 3318.026782
-668.075278 3128.479656
-2388.612913 2285.543051
-3126.730654 2111.222146
-5612.360669 1076.034193
-5051.813500 450.395382
-5026.886444 -325.108794
-5637.184329 -1258.018421
-5916.217674 -1004.415160
-4562.703263 -1440.617363
-3608.555081 -199.312521
-2664.866181 -1912.764965
-2779.290463 -2260.773051
-1099.852396 -1797.965784
-521.449032 -1060.996652
-193.846721 -1060.064935
547.131258 -1080.551766
2813.837303 -1913.956125
1963.276779 893.993313
2404.123040 1227.939528
5420.590043 2740.716981
5533.925056 83.960134
3895.314096 452.628160
6020.269508 1447.383814
4629.920323 1243.671281
871.255989 1509.501815
2000.487528 1496.129870
2554.831318 2269.004172
2304.817090 1319.245082
-401.386572 1060.734462
1213.420208 558.670358
775.065244 1046.285646
7.822688 1559.205024
-1319.279748 621.455912
-1510.365588 735.489116
-4043.539792 232.361770
-2725.095106 321.449298
-1905.621914 175.316608
-2815.165999 -647.968929
-3593.305208 -462.561646
-2180.082475 -860.860485
-1816.541127 826.170603
-1795.419621 -319.051325
-1956.257751 -1074.724897
-1833.387103 -1386.009321
-1628.509412 -451.859032
-1248.195500 -636.625842
-1135.292126 -726.977258
-222.717710 -1547.834622
387.426878 699.830670
625.312746 468.889418
2596.979820 1550.064414
2868.867800 -968.149294
2137.157375 -1144.003531
2565.744124 -23.054456
2665.486987 299.975069
179.396615 630.975033
930.217743 489.189789
2125.418397 1126.482137
3644.797417 87.901317
547.089759 315.057051
1955.328363 60.668721
1848.860551 1421.964247
1116.077794 1658.983354
162.957616 1702.603014
681.809831 832.684375
-1751.283266 301.844552
-962.271150 124.854394
-686.960090 563.711712
-1693.986776 -78.304462
-2674.945637 429.021629
-2303.156683 -320.021843
-1776.050599 769.679053
-1684.159251 -460.763479
-2089.854899 -1173.471465
-2176.672001 -1957.480341
-1844.436958 -588.438610
-1914.114642 -779.990600
-1597.153121 -319.646441
-477.324390 -1515.272584
183.455513 140.942499
598.050835 -373.299837
2510.015270 205.266722
2384.027616 -1705.777506
1290.093147 -1548.486871
1689.779895 230.985413
2375.435119 455.829865
222.010412 754.399472
1122.170956 496.593566
2637.096202 1306.139988
4053.487539 513.657399
923.200028 981.718264
2021.839681 748.929645
1525.072286 2231.235818
500.936829 1977.623461
-619.672136 1778.139746
-161.028209 503.875395
-2435.338903 106.023319
-1683.335428 67.354054
-1477.121592 561.302572
-2366.482892 36.189534
-3060.111158 417.501474
-2606.602142 -318.875038
-2000.302523 622.042219
-2080.399884 -671.115016
-2521.099550 -1228.660430
-2349.834498 -1818.244316
-1673.222499 -625.712255
-1928.467263 -1044.604375
-1547.190045 -785.700071
-169.601895 -1552.384729
690.797660 327.641864
1325.101128 -53.277568
3597.957462 146.100996
3388.104872 -1755.662948
2402.988275 -1393.550019
2825.087973 523.578125
3248.720545 536.769843
677.623042 1025.224906
1760.297884 1034.568850
3251.340038 1877.409368
4171.248325 1046.384611
732.260972 1721.003018
2384.289627 1580.762051
1445.339017 3242.375119
-71.303262 2661.139294
-1382.367647 2531.732719
-1096.372023 1041.522779
-3765.263571 609.545105
-2866.002828 267.697416
-3021.943524 491.384562
-3829.060481 -492.577103
-4623.128308 -26.401984
-3867.534076 -771.272088
-3073.813389 405.523247
-2859.546783 -1157.256209
-3195.630569 -1752.105189
-2183.169868 -2188.264624
-1472.066959 -863.493959
-1632.251486 -1330.602996
-1027.436212 -870.588960
693.038122 -1849.119288
1035.206804 654.221036
1988.193578 311.683708
4672.038580 885.529214
4413.780539 -1375.761099
3413.618294 -920.074356
4640.551003 729.522299
4194.247450 727.517318
1003.514415 1156.250077
2399.500286 1196.770756
3441.726964 2006.430994
3972.683110 1284.105640
953.972607 1675.610963
2551.844609 1404.189923
1505.144426 2855.614214
467.938915 2547.436901
-1122.897105 2232.564573
-1345.613437 1179.397371
-4043.972197 714.748689
-3058.423670 351.568332
-3240.471038 396.785672
-3974.355651 -680.777757
-4808.246146 -386.221430
-4051.457097 -986.142593
-3229.935555 518.348841
-2893.259550 -1138.322862
-3305.404348 -1803.403742
-2338.998392 -2281.929878
-1700.009354 -1049.522810
-1686.974922 -1437.744398
-1178.064210 -1057.609372
595.645285 -2131.414153
851.403336 522.289260
1836.074272 208.029328
4508.996283 1041.824663
4363.307862 -1408.369650
3423.440165 -737.759911
4934.343834 732.892696
4301.251150 912.972392
1213.788878 1244.054310
2594.658573 1261.937827
3458.154776 2081.663678
3950.600574 1329.581604
903.839293 1833.698527
2299.862079 1443.213017
1286.952686 2869.075980
485.786199 2573.179765
-1273.665961 2146.753823
-1575.915613 1371.620993
-4238.221493 820.092401
-3273.503687 663.945627
-3391.782771 544.577677
-4012.807356 -570.168382
-4961.723053 -371.638329
-4258.896479 -960.921303
-3349.016504 538.733942
-2992.328692 -1267.115414
-3525.922235 -1916.069151
-2478.211226 -2345.876188
-1871.634234 -1117.391090
-1710.021324 -1579.775876
-1159.485727 -1223.955817
790.388965 -2347.149233
980.067986 561.585422
2025.457612 276.745756
4707.073653 1169.464953
4736.024864 -1321.755352
3718.955064 -497.724202
5441.424547 901.086251
4625.264635 1035.111017
1411.282899 1263.889947
2896.246807 1349.373321
3678.630508 2171.203976
3864.016072 1434.885338
755.953330 1919.259448
2191.059138 1585.888158
1196.549033 2956.412137
481.770599 2639.782373
-1444.621894 2067.731400
-1820.928158 1428.489488
-4440.316164 900.008066
-3472.727706 818.553060
-3628.021976 487.991856
-4251.739485 -698.640405
-5256.925119 -574.333251
-4436.194000 -1086.422244
-3459.082969 422.387639
-3084.864030 -1486.882688
-3594.478084 -2144.599418
-2371.349008 -2453.258248
-1794.354008 -1247.365556
-1556.070975 -1711.551107
-1038.599519 -1311.577337
1123.732065 -2495.703531
1161.828386 645.727786
2202.185133 309.264217
4941.611865 1395.465993
5108.291871 -1236.132803
3926.379667 -350.981451
5843.057432 978.915102
4802.775489 1103.555193
1458.367852 1257.174226
2932.233410 1369.477412
3656.664024 2205.771194
3772.451181 1433.065307
571.329202 1878.282754
2056.837579 1510.604903
1141.912966 2862.941408
463.465431 2579.402257
-1587.310408 1872.309572
-1945.937012 1420.809428
-4665.911006 847.411904
-3622.052955 870.477375
-3739.377117 392.527305
-4345.031038 -781.384450
-5348.878864 -716.145988
-4454.271892 -1190.214608
-3489.982958 386.471052
-3047.746773 -1509.026059
-3548.841843 -2220.886591
-2313.357955 -2549.987387
-1785.975020 -1321.913348
-1420.619717 -1854.883937
-1011.575253 -1435.992439
1180.986396 -2638.238532
1278.775720 732.246618
2371.477045 311.163467
5030.865744 1484.885298
5396.524194 -1256.472162
4130.180746 -238.233418
6113.339865 1041.968527
4919.373424 1266.284910
1577.473272 1349.118218
2969.195976 1504.625214
3687.019513 2279.310925
3658.532650 1498.542214
444.641141 1938.026187
1808.457678 1651.974356
974.157471 2960.962427
283.777969 2757.039029
-1826.155075 1911.776591
-2230.594972 1508.881134
-4960.866748 873.252210
-3933.826997 1003.701983
-4016.160763 407.506201
-4658.428686 -759.650960
-5640.461802 -774.789938
-4636.543817 -1196.488815
-3673.222992 296.929794
-3176.124752 -1610.728588
-3652.077799 -2287.054547
-2343.782814 -2516.187950
-1762.053785 -1303.620637
-1288.825857 -1867.385631
-900.435984 -1494.879048
1417.536861 -2592.118647
1474.977264 914.064324
2673.948055 470.886061
5274.859455 1682.669899
5722.935512 -1015.829928
4444.583159 151.789847
6567.298431 1334.736403
5076.224049 1483.503123
1739.935556 1542.803592
3111.407523 1820.935471
3712.330890 2560.486694
3382.437105 1858.276223
268.224552 2220.515654
1616.688007 2044.117197
739.453907 3209.081229
-27.637321 3042.354921
-2198.235905 2107.169187
-2751.596323 1830.495411
-5409.995059 1187.532163
-4385.079766 1240.522410
-4574.264404 464.717966
-5209.845260 -715.311900
-6066.067959 -783.923153
-5005.702175 -1065.159961
-3990.077203 282.151761
-3387.065620 -1567.143548
-3739.045449 -2280.120245
-2296.646620 -2331.208320
-1629.412538 -1209.814612
-1132.483909 -1771.132289
-693.040245 -1447.750971
1673.354276 -2499.793642
1539.946679 1097.081461
2750.453176 800.715518
5459.306794 2119.583288
5957.643195 -586.113395
4794.332888 562.962758
7050.259607 1566.254185
5303.722123 1759.991599
1957.489848 1787.290968
3315.721524 2128.057784
3691.648608 2796.529582
3227.058146 1982.944358
223.756368 2293.865118
1446.453354 1940.679122
604.437045 3137.114649
-90.503159 3035.515033
-2277.020473 2091.854939
-2876.929297 2035.725865
-5431.134210 1316.697954
-4395.332175 1469.160081
-4420.286140 508.956888
-5212.468003 -618.092765
-5989.239955 -730.013483
-4972.379900 -943.513156
-3992.958364 356.219434
-3441.552724 -1541.781990
-3689.554203 -2283.214539
-2326.457505 -2327.869657
-1674.334913 -1291.899831
-1092.005379 -1809.341803
-621.033291 -1539.419803
1710.552754 -2480.651090
1624.426636 1178.321352
2917.410338 884.517192
5539.156381 2208.516749
6144.291981 -496.363837
5030.683845 638.102101
7251.661919 1651.323473
5326.425185 1780.495103
2064.777598 1908.018404
3383.781561 2193.838191
3689.386001 2892.385571
3165.884264 1986.454638
192.123408 2309.407628
1385.417908 1988.868778
532.905497 3222.192981
-142.722056 3119.925394
-2348.653322 2127.558804
-3019.314457 2082.069573
-5534.129840 1299.994866
-4495.306879 1524.935405
-4612.306387 485.640803
-5354.474168 -635.846324
-6098.299117 -806.462011
-5076.009072 -1000.691348
-4086.458358 300.418316
-3455.942197 -1614.928353
-3722.714636 -2323.099412
-2252.945419 -2333.252221
-1590.787253 -1373.095039
-972.667644 -1895.687324
-592.502670 -1623.386546
1842.665665 -2495.826631
1713.339836 1226.986096
3052.893741 905.968525
5669.453171 2314.716683
6405.097008 -478.104334
5178.567806 773.507880
7574.289041 1652.225447
5418.629005 1866.146059
2204.588856 2001.744096
3428.253907 2334.554243
3767.502656 2961.223994
3044.925182 2021.029762
208.021141 2290.631423
1250.297832 2117.082030
449.790849 3204.311551
-328.137621 3269.652535
-2480.952838 2063.337184
-3242.357925 2206.242503
-5668.195936 1354.163774
-4737.623314 1580.865764
-4777.086949 421.567557
-5565.318107 -677.141339
-6254.955856 -885.678942
-5206.374676 -988.757798
-4270.145539 155.346561
-3583.970010 -1652.164662
-3710.225176 -2447.017546
-2231.716491 -2285.793913
-1516.356327 -1518.579541
-875.568460 -1994.294108
-505.847569 -1768.040591
1971.363903 -2389.534543
1897.727524 1281.824088
3178.170074 984.346988
5791.344434 2349.608954
6677.829322 -314.413378
5513.509893 906.894547
7750.667968 1714.250036
5528.286115 1942.802977
2349.102019 2122.503603
3511.929959 2503.982769
3770.919741 3036.017235
2932.330013 2032.201937
137.117749 2332.473367
1189.109443 2161.487863
360.378402 3235.502676
-485.734906 3245.606788
-2670.057761 2053.296657
-3437.949392 2288.314706
-5812.641780 1421.779154
-4900.012245 1627.314937
-4949.710801 291.375415
-5749.404602 -724.836226
-6328.026795 -896.836441
-5297.165088 -1033.322238
-4447.161368 73.332546
-3659.883911 -1753.205551
-3690.556449 -2404.500045
-2162.590523 -2324.872847
-1502.173807 -1650.182625
-746.881051 -2147.149443
-399.474285 -1874.859855
2115.022481 -2311.776855
1975.495430 1325.318414
3386.601468 948.961076
5875.591826 2423.769194
6996.471680 -247.984390
5802.566803 1081.466287
7997.385630 1689.050514
5549.487661 1991.005189
2649.776088 2242.872662
3556.007648 2661.889828
3790.175424 3081.937650
2749.954330 2076.160566
156.356176 2298.701274
1099.522625 2308.724777
291.865118 3189.757906
-715.205782 3301.686906
-2748.646762 1970.788762
-3719.289322 2412.414096
-5863.258138 1416.749844
-5108.889888 1659.353416
-5165.318784 115.013456
-5942.185735 -770.165251
-6349.395306 -1004.656098
-5437.327019 -1031.933659
-4564.406864 -138.372070
-3728.896581 -1794.941821
-3641.696312 -2524.458376
-2110.065674 -2207.553960
-1395.986379 -1798.749111
-628.128720 -2168.821574
-225.990665 -2026.367139
2243.284676 -2178.427330
2116.948270 1391.861758
3556.343908 974.146204
5935.010777 2436.137679
7108.655584 -80.380238
6097.389880 1306.506486
8187.141328 1752.543022
5482.350427 1896.388067
2804.033365 2366.935187
3644.936921 2751.926607
3687.088733 3185.621459
2492.215966 2065.955088
94.288037 2309.410081
1018.904402 2384.341998
200.784897 3111.912107
-930.594937 3272.819243
-2895.623463 1884.483137
-3935.906946 2512.678862
-5933.041470 1458.562454
-5241.466981 1677.854927
-5331.457010 -28.738448
-6066.784608 -910.669666
-6365.669305 -1062.338311
-5427.439665 -982.617083
-4588.563414 -248.859870
-3740.637182 -1934.206408
-3560.379681 -2534.207397
-1883.337187 -2143.542511
-1267.253501 -1825.850789
-521.351589 -2226.395325
7.782796 -2095.797240
2451.202246 -2035.692166
2147.694140 1388.972740
3676.395163 1045.834481
5921.140234 2453.740934
7090.463312 173.898010
6307.714271 1579.484865
8323.292040 1823.145002
5380.202464 1899.956048
2908.498416 2356.708156
3677.549301 2827.036375
3499.736840 3171.759282
2126.689911 2100.972163
-59.512920 2223.595074
859.988322 2375.083038
102.390828 2944.275780
-1039.468616 3099.041516
-2981.631775 1737.867751
-4025.426549 2548.526007
-5870.109955 1549.239543
-5233.728643 1672.631525
-5362.001944 -89.637952
-6039.217689 -968.192879
-6281.808083 -1074.375993
-5319.434425 -893.398627
-4550.405717 -317.432559
-3687.865853 -1917.214615
-3451.017687 -2505.765567
-1742.871600 -2026.965032
-1219.059180 -1786.526852
-433.393768 -2173.987710
199.656013 -2094.003249
2551.538834 -1988.751008
2119.184037 1355.174981
3714.242578 1024.170000
5754.312441 2461.463837
6939.974959 281.069787
6308.392878 1759.138624
8256.133874 1849.174844
5258.310092 1918.357314
3010.130633 2334.039221
3675.594117 2820.957637
3409.684826 3138.740936
1906.805264 2119.753024
-183.634520 2212.034492
723.668486 2389.779980
22.847473 2815.292337
-1093.082549 2922.329647
-2986.919150 1576.700330
-4056.432024 2520.593824
-5786.905740 1526.588946
-5183.207418 1699.013580
-5291.348822 -147.223422
-5972.285529 -938.395331
-6136.997533 -1098.421593
-5182.935668 -852.840038
-4437.371095 -361.152335
-3575.312384 -1889.463916
-3268.755967 -2427.566993
-1651.876621 -1931.718723
-1133.611770 -1768.616438
-343.393560 -2123.286380
307.739356 -2105.350298
2594.527721 -1925.821169
2091.569599 1300.935049
3661.242532 998.349564
5642.456348 2447.160368
6811.947039 345.496717
6243.058972 1820.250682
8145.457106 1865.685416
5137.148234 1916.769144
3075.848307 2330.866635
3646.636545 2791.404363
3313.614607 3084.548905
1775.794596 2097.316120
-270.569460 2201.417166
629.501977 2359.530475
-36.198166 2709.125890
-1163.961944 2781.729966
-2995.586943 1515.613723
-4038.225646 2524.462146
-5703.532682 1521.861852
-5115.337669 1676.621785
-5269.592626 -116.530350
-5851.357099 -891.017499
-6080.807556 -1017.355752
-5119.195097 -814.927453
-4375.154996 -375.461588
-3497.939647 -1848.350101
-3267.142945 -2423.957291
-1636.168009 -1859.227861
-1174.425222 -1773.562688
-326.919157 -2087.632207
359.036640 -2063.336176
2609.607794 -1927.364540
2098.943575 1286.624421
3686.869618 917.487830
5626.186712 2400.075574
6775.849018 368.453850
6177.298461 1865.450415
8068.738197 1915.172663
5108.491825 1942.698277
3124.863270 2347.032078
3704.343720 2796.132058
3271.978050 3071.180774
1714.083226 2195.069378
-295.999980 2262.363910
566.488731 2470.434875
-76.256975 2671.976997
-1265.072872 2804.441676
-3052.970450 1513.398982
-4053.883618 2531.987348
-5749.345366 1546.692348
-5118.998925 1606.003893
-5305.137480 -112.029524
-5920.566724 -914.961424
-6154.448366 -944.148126
-5065.464233 -739.370701
-4373.894507 -435.578509
-3438.188308 -1902.387448
-3284.994373 -2404.210597
-1584.007057 -1786.324175
-1170.401702 -1644.079794
-276.573441 -2069.661627
424.488637 -1962.507883
2711.717910 -1822.353862
2105.391236 1365.560352
3776.717670 903.784490
5624.974504 2298.443382
6666.432029 450.593657
6088.794987 2082.223693
8015.600780 1991.699130
4942.715160 1926.745912
3002.326679 2260.223635
3787.952294 2832.653190
3210.916147 3012.732387
1387.923398 2196.997730
-358.700747 2306.690523
651.710970 2582.158302
-86.331912 2610.171454
-1266.436181 2667.364137
-2998.881691 1240.813873
-4065.036981 2481.549297
-5650.765965 1569.681803
-4975.148404 1625.721970
-5209.512143 -226.599899
-5877.304486 -1066.810410
-5907.961294 -968.708398
-4818.921361 -666.187647
-4245.831710 -368.431520
-3311.729423 -1837.293577
-3033.803078 -2320.759590
-1368.848720 -1582.310200
-1126.883040 -1435.376212
-202.345575 -1986.888839
499.386940 -1934.649628
2620.339045 -1838.916965
1897.696830 1388.598850
3627.193587 920.168211
5192.800152 2243.109364
6392.465544 432.778800
5976.939250 2017.349956
7912.264451 1830.336843
4649.073872 1777.038496
2937.920479 2079.065531
3811.136500 2776.243398
3214.260317 2929.848043
1362.993264 2112.314150
-173.071754 2086.625220
626.926606 2413.200568
36.931094 2496.616518
-981.116206 2569.068272
-2923.043934 1211.500988
-4030.522819 2526.131401
-5353.456947 1629.112631
-4765.463688 1766.273846
-5062.047765 -115.305121
-5576.381055 -881.327477
-5705.630892 -971.890474
-4780.974869 -526.142941
-4158.599401 -363.281599
-3336.760210 -1750.014436
-3173.751726 -2303.112624
-1449.035229 -1512.955999
-1115.130423 -1517.930533
-271.053201 -2042.393553
505.037480 -1995.051464
2602.783589 -1862.707713
1891.197741 1403.275053
3504.362057 1052.542737
5170.076304 2352.870584
6284.538399 641.273201
5922.477285 2182.038857
7796.588730 2029.571350
4621.289800 1967.666090
2740.598645 2366.437069
3656.666172 2973.650718
2854.801359 3173.881653
989.770060 2388.752798
-530.880072 2397.046476
304.502683 2561.299701
-400.727045 2521.427709
-1348.099762 2539.663214
-3309.829128 1236.485246
-4439.045059 2530.718951
-5715.537883 1621.537783
-5078.052627 1635.415445
-5272.347168 -161.537710
-5645.479631 -965.215283
-5661.799970 -1001.692456
-4644.187221 -678.285617
-3915.526708 -362.460884
-2984.138827 -1745.588213
-2827.972759 -2154.124617
-1128.250890 -1476.178150
-771.992170 -1466.770770
113.717186 -1953.150332
865.036710 -1793.481954
2971.990293 -1797.941013
2067.628516 1464.054738
3642.364982 1206.318010
5500.496865 2523.686629
6411.385047 776.461849
5880.966843 2160.673539
7894.887829 2028.814321
4718.394043 1923.714153
2665.408959 2256.422637
3729.915364 2727.965540
2697.708843 2839.008265
864.221275 2018.243883
-583.133382 2123.870120
278.184123 2194.182187
-495.840667 2233.364747
-1116.275766 2229.542622
-3019.811599 925.036377
-4066.199090 2308.889576
-5354.024904 1452.273242
-4670.942433 1502.006043
-4889.317166 -247.077056
-5305.977681 -1079.190275
-5369.955325 -1079.195235
-4462.334098 -781.506928
-3721.682332 -310.871862
-2747.402947 -1839.514681
-2664.958132 -2255.664194
-1078.994806 -1570.267454
-742.612938 -1500.963464
22.708635 -1945.444017
728.906802 -1788.800588
2869.538104 -1906.971794
1979.155158 1390.871666
3463.049912 963.778758
5267.410224 2357.259016
6199.627141 403.170943
5535.505619 1892.882749
7553.916180 1883.544578
4409.638014 1827.139798
2443.976250 2222.019946
3597.713336 2549.233044
2786.164714 2686.514780
1023.194374 1824.503746
-599.419083 1960.619753
198.159725 2143.525315
-543.206199 2308.239383
-1122.194437 2336.256849
-2986.766146 948.831406
-4022.846225 2174.205737
-5289.562055 1348.715623
-4568.462705 1490.409605
-4834.661421 -141.684437
-5233.417395 -921.424735
-5410.238946 -974.299492
-4544.132535 -685.920049
-3753.372097 -246.185979
-2818.849955 -1777.143833
-2798.812388 -2259.502284
-1238.299039 -1548.080439
-882.578621 -1424.952549
-138.199697 -1853.247603
538.828481 -1745.702851
2703.207320 -1904.847112
1882.523110 1418.575196
3388.723969 942.562561
5195.742863 2280.192815
6064.753524 307.041520
5438.886601 1868.435351
7487.722048 1921.918442
4340.324331 1857.784285
2414.229298 2214.600398
3609.747883 2534.807237
2831.373142 2711.508642
1148.356168 1884.107908
-527.754874 2017.647590
227.004859 2207.456481
-467.787494 2416.104640
-1038.995060 2453.348040
-2935.550614 1022.901430
-3966.505332 2190.311530
-5193.065257 1340.674421
-4483.296736 1479.848640
-4787.788368 -124.055684
-5224.248318 -940.531584
-5406.994660 -967.077244
-4530.396589 -677.611739
-3711.166616 -236.387086
-2786.871743 -1807.661361
-2822.790937 -2276.606797
-1216.606737 -1523.503285
-847.929113 -1355.468025
-86.941793 -1816.056195
516.352327 -1724.903045
2707.194077 -1868.419305
1897.771219 1472.410175
3457.485967 901.526509
5137.433146 2218.011198
6063.105343 241.241299
5427.734258 1888.624892
7482.266680 1886.987514
4286.823686 1825.315168
2457.869773 2191.033749
3682.535849 2467.076425
2869.068414 2650.626256
1144.693149 1845.994675
-529.927275 2097.337355
290.605891 2327.251877
-474.756395 2476.615759
-984.711860 2449.000386
-2983.354777 981.931901
-4019.100060 2235.716686
-5294.635290 1425.855674
-4504.259951 1506.363593
-4936.429893 -219.335697
-5328.401107 -1041.579473
-5522.320193 -1010.965281
-4574.990557 -741.288499
-3859.028006 -390.778396
-2795.806570 -1990.145118
-2798.243147 -2352.620247
-1142.864276 -1588.007344
-823.125719 -1476.058347
53.314377 -2081.187097
618.121740 -1881.158220
2891.977975 -1994.141785
1993.393820 1455.712640
3569.090315 794.385689
5244.616833 2264.809409
6453.993550 181.710294
5722.467612 1934.375490
7720.710241 1794.468701
4432.579028 1916.011514
2778.613896 2211.628792
3831.947903 2598.922639
3053.177809 2615.672561
1106.770864 1847.007486
-540.612919 2047.221891
192.743427 2402.310371
-481.853665 2437.518943
-1199.657615 2468.517691
-3159.733071 915.130129
-4280.911333 2348.751459
-5443.877968 1414.660220
-4767.497156 1559.131260
-5116.076293 -359.101009
-5582.068599 -1064.290299
-5732.572332 -1074.299410
-4820.017472 -770.004030
-4021.022185 -573.977555
-2970.582843 -2083.790165
-2857.109102 -2543.238990
-1222.152260 -1646.998602
-881.800269 -1705.232021
79.453154 -2234.497200
652.365496 -2030.096742
2953.813411 -1992.253719
2110.913233 1482.367929
3688.168672 865.468474
5437.450099 2297.773159
6838.555859 339.223491
5987.188299 1980.246843
7939.536108 1896.047658
4589.647535 1964.359541
2876.016802 2347.076468
3927.349199 2724.508995
3070.885873 2652.951241
1002.304623 1833.708147
-601.523711 2023.886651
165.359473 2408.933693
-574.246280 2430.332892
-1359.394982 2492.548568
-3296.624941 961.807595
-4398.537602 2380.887096
-5591.731603 1442.690331
-4855.711573 1527.920651
-5242.565020 -472.677692
-5768.193756 -1110.646494
-5824.246659 -1151.192853
-4927.904588 -759.590484
-4125.151137 -669.718775
-3021.640164 -2125.589598
-2784.161681 -2662.955069
-1223.208196 -1710.976056
