-826.694394 48.202550
-727.387081 -208.026343
-524.312881 1007.419785
-334.233538 -957.339480
-840.932377 -1543.691925
-941.245521 -1264.911025
289.297652 -798.543450
-476.622520 1269.496704
-311.963132 438.945036
538.349547 301.815319
1524.326138 -897.038756
1538.943202 -427.642878
2922.813143 -1112.630909
-867.346475 -785.807313
-841.495795 796.184243
1832.608721 1517.912035
813.304342 706.885854
-333.986818 -160.734842
1995.117559 -193.271103
1179.089629 750.659265
528.469138 959.369308
1581.279483 1242.394321
26.277871 -590.360493
-1795.364958 670.622638
-951.421950 1187.585980
-572.245045 671.050233
-1644.566426 -218.330526
-1145.104178 -822.942990
-465.090929 -482.244521
-1089.440380 450.250356
-2132.122435 93.817325
-1173.926462 -74.761464
-950.241928 -623.903702
-947.171830 617.869262
-620.377442 -1192.205626
-899.290504 -1488.042878
-853.062110 -1367.031638
463.084318 -1084.056022
-114.960659 704.628425
-80.899929 89.481975
1060.494359 122.375085
2119.055418 -993.057126
2088.746687 -566.116757
3321.050933 -963.239033
224.343569 -639.620309
-87.820895 665.960235
2369.452127 1515.458149
1432.974964 1021.667084
603.096476 365.762302
2271.827057 40.322861
1402.484516 470.002970
384.417822 938.371504
1296.148437 1431.165995
-466.990889 -25.124473
-2137.150291 441.176329
-1735.655496 900.353630
-956.088534 420.050294
-1944.838410 -162.493654
-1469.085618 -1120.271304
-1126.049860 -1009.672946
-1287.438418 -234.876952
-2195.259837 -269.254673
-1392.086907 -496.185719
-1291.119474 -1076.183624
-818.541901 -75.511703
-77.611087 -1346.913841
-126.214695 -1785.173797
-449.424163 -1307.709229
853.485979 -1404.093937
350.984449 1002.865415
518.775847 425.353849
1285.275590 865.357250
2206.151820 -530.007274
1808.310238 -203.888478
3515.009209 -627.494817
279.015914 -181.471078
-380.904876 913.818282
1632.127686 1622.866736
874.489234 654.828050
-262.520698 183.440288
1575.927580 -398.400416
548.072906 201.280902
-271.911527 133.032419
756.068062 628.331086
-414.761345 -861.632603
-2140.344724 -5.677714
-1518.336153 669.902425
-614.927168 291.085538
-1169.397240 -381.551030
-516.955482 -1094.700542
-169.415360 -827.500714
-518.982120 165.732730
-1409.182826 50.087936
-668.961321 38.869289
-568.225116 -697.203860
-479.077357 642.368691
-226.403914 -1000.887248
-354.858125 -1262.273687
-639.419947 -1046.982501
473.437302 -945.983174
-226.072188 1316.999132
-308.634423 647.630611
503.235065 909.091509
1607.146220 -633.374646
1154.185394 -484.689054
2715.670966 -1138.554824
-849.037294 -582.342700
-1143.076796 634.113588
1183.457182 1422.237752
711.351818 307.203518
-525.029062 -305.764174
1682.411071 -686.985703
589.696499 171.147229
112.581177 339.156271
1153.664271 831.050753
139.585077 -832.734709
-1834.368545 341.513399
-870.916386 885.654310
-10.103113 647.398221
-707.448549 -379.899637
-149.298146 -887.476424
288.092935 -534.813627
-385.733661 548.824579
-1303.511693 304.048485
-346.357393 14.524019
-509.075521 -797.720001
-437.380707 516.509605
-520.013495 -1273.008399
-901.471289 -1316.342199
-1026.971655 -1206.257061
251.020545 -638.181283
-357.443745 1427.683831
-29.618838 726.280246
787.850429 845.616921
2144.617912 -801.471712
1808.210453 -610.967865
2824.071122 -1231.861618
-1302.211734 -634.517168
-1176.360436 953.946680
989.576076 1364.091518
396.137053 310.208561
-500.623800 -307.324148
1707.218861 -877.526073
367.619592 574.993244
56.291836 570.651856
1082.742349 1822.631249
7.028528 -244.348278
-2004.251868 790.698088
-792.264170 860.720940
-291.158093 213.767457
-1140.555475 -407.704491
-705.092598 -1156.769230
-487.797709 -649.854609
-1066.458996 269.911724
-1733.117855 -303.149631
-661.065550 -120.628096
-520.509122 -1020.675180
-189.182564 600.257536
60.927488 -1427.405436
-327.950397 -1014.808185
-268.993494 -789.160390
789.107235 -311.490853
-133.988946 1598.530704
280.694963 979.994927
1172.818461 938.480027
2068.001129 -860.465735
1306.502661 -610.005177
2528.891947 -1337.890019
-1446.869352 -584.243658
-1573.094937 944.357613
670.558528 1673.928320
759.563126 309.385508
-652.268157 -548.800713
2111.237188 -1242.564390
941.991614 -16.760448
138.361443 299.618137
947.822443 1282.498903
415.086071 -456.870233
-1597.547898 375.979788
-316.136639 257.383871
305.110289 -24.873741
-575.843470 -798.573742
-98.112070 -654.757986
180.161348 -188.826304
-319.789329 1103.227331
-1102.284363 767.551863
-162.419751 380.348171
-325.392623 -598.917867
-256.517913 861.166775
-651.885221 -854.386171
-1055.490940 -563.600194
-1835.422720 -355.568902
-147.283752 -109.048278
-989.108015 1095.346913
-871.523150 464.599794
83.518666 307.546626
1412.479779 -977.862397
212.958518 -798.152002
2095.764926 -1460.553606
-1551.307979 -616.131261
-1736.658038 387.347054
647.990845 1580.226625
1071.620751 13.096777
-270.525013 -281.468871
2487.408006 -924.609362
1214.795461 608.566599
724.041839 735.445339
1272.581561 1968.854153
738.580274 -41.160712
-1219.503538 1014.231900
-229.528017 844.707471
-62.160188 694.762394
-597.423837 -345.398871
-468.958021 -255.839247
-166.575771 -398.182483
-1052.553271 977.621341
-1695.902778 205.625320
-958.907192 349.947940
-789.114022 -960.312042
-609.127811 616.050913
-433.507055 -1472.864119
-1034.454653 -1165.641431
-1250.836293 -1052.527751
258.710118 -504.760228
-312.771092 752.636470
-356.562650 279.351144
931.767312 61.906872
2099.472131 -1107.463869
1219.471792 -808.004190
2860.692287 -978.312143
-86.366898 -409.614726
-672.133120 776.006836
1627.545165 1329.052913
1619.385136 619.721328
362.333337 -118.129507
2391.223049 -380.859019
1274.259963 543.427403
611.611076 764.875690
1110.493073 1821.062229
143.082054 -136.441134
-1690.174977 768.105295
-772.556569 681.887959
-837.231067 574.052539
-1160.758424 -139.977332
-1115.905654 -460.231776
-876.013374 -596.287818
-1541.015808 391.680218
-1967.171804 30.181478
-1520.635628 60.531212
-1421.125787 -977.911435
-1040.249672 293.664576
-477.747830 -1382.520656
-896.995924 -1350.011064
-1042.563737 -1246.573273
334.322299 -970.560447
-267.987778 694.418610
30.324438 464.286470
1117.372159 370.218955
2185.572671 -706.523441
1484.550435 -701.365047
3282.917483 -811.638083
232.065527 -341.949125
-419.659702 1092.828188
1603.151549 1597.420491
1452.225491 938.489793
169.937234 266.637224
2278.717219 -174.837265
952.333982 616.211802
304.888581 660.247475
869.987078 1705.137208
15.775404 -172.894378
-1980.085795 676.484837
-1065.697813 546.907231
-1129.418761 365.719107
-1343.985340 -332.856604
-1224.019167 -598.592063
-851.190500 -682.774102
-1390.472883 354.210077
-1725.389459 -127.844273
-1251.239163 90.821581
-983.131580 -939.134964
-725.915984 522.916872
-306.821673 -1280.386415
-598.962420 -1129.493986
-715.978857 -974.565511
599.552557 -743.936129
-122.818665 947.333305
269.261967 492.352831
999.727656 480.877932
2073.899241 -446.444961
1185.302809 -442.521963
3150.562584 -794.642958
-456.046641 -447.941595
-656.146452 978.637394
1298.928711 1619.116981
1098.550125 704.604083
-455.975308 157.903994
2324.549071 -415.259699
762.452861 525.452073
332.922212 310.841232
826.600169 1371.988295
293.353256 -595.359374
-1770.469129 510.472355
-594.691806 341.317196
-627.383377 227.842121
-917.880165 -553.979371
-764.126361 -462.599909
-118.707396 -531.879746
-710.940672 804.627882
-1296.333883 20.092761
-737.952805 531.846829
-543.141278 -604.813148
-554.258742 1162.739876
-410.020916 -1085.545868
-856.432199 -748.805025
-1179.120845 -693.191539
154.782544 -239.258632
-669.063117 1119.203587
-321.536415 479.353183
421.322332 235.794378
1447.091423 -625.848065
462.515184 -685.582638
2354.305564 -1067.402420
-1371.998270 -699.793118
-1177.080092 717.859292
1051.557555 1466.630929
849.161436 269.078470
-563.149791 -128.661613
2530.392848 -535.648080
1073.605439 644.945537
732.506141 470.732511
1164.724240 1485.509932
710.414033 -524.678019
-1200.923085 661.183041
-151.434888 461.039230
-134.516891 394.188517
-541.015100 -445.838702
-466.745482 -225.679090
222.625079 -298.388111
-404.878768 1042.191792
-1218.147131 96.625673
-641.226211 593.047593
-465.696379 -464.276419
-537.123929 1263.769961
-567.680034 -984.465842
-979.574101 -711.124573
-1251.271778 -699.204206
-4.364205 -238.875719
-914.894497 1040.015503
-441.753056 359.175188
112.044355 247.078231
1292.730425 -692.759255
398.643579 -747.160875
2163.455750 -1282.910918
-1670.019540 -816.116542
-1190.314979 637.202551
829.129161 1490.831649
766.489723 181.036641
-583.471668 -98.657934
2560.804462 -621.182448
1178.306236 744.846776
916.040102 435.314782
1304.970057 1352.561235
856.769573 -618.071867
-1074.265198 557.148396
-129.409104 462.587592
-14.952551 394.802681
-455.949023 -505.640483
-161.281849 -303.504417
444.688024 -410.601704
-176.619723 1047.487075
-1060.098601 52.394709
-556.445434 757.091200
-327.541312 -314.524218
-405.265818 1400.981572
-571.912201 -996.907067
-1067.990994 -659.027732
-1141.373691 -738.847197
-131.594605 -148.699017
-1003.742843 988.108139
-586.584912 314.385032
-47.896171 199.177327
1016.781939 -737.727775
434.272287 -687.048721
2067.606245 -1513.386161
-1790.911874 -972.374200
-1199.203102 418.434028
724.867647 1426.976853
624.871066 200.964482
-706.983794 -89.912644
2577.371522 -662.114368
1157.656318 675.141776
917.463256 448.439624
1305.019819 1368.856309
930.555126 -536.527934
-1110.156306 615.893518
-13.486459 520.137263
-21.267427 350.783879
-534.560204 -511.261364
-223.846601 -432.402307
508.136071 -493.912297
-153.157860 842.251522
-1110.541629 -71.907161
-545.898781 659.888513
-225.725514 -398.676506
-274.207428 1345.612194
-363.819906 -1124.454600
-798.660219 -651.979761
-964.866662 -732.267240
62.268347 -40.543349
-737.708900 1033.016376
-355.008387 388.776927
20.305019 277.900355
1088.469810 -579.554500
396.425847 -531.273703
2011.730631 -1365.302073
-1841.944438 -937.861822
-1311.356626 495.548688
446.945116 1525.298948
364.207636 304.556140
-987.315058 -43.053896
2263.978944 -684.546586
881.850452 620.570726
537.051869 273.951601
887.269054 1155.197328
572.978651 -723.739333
-1380.405274 508.141824
-176.094431 399.365501
-19.243786 81.631762
-624.923462 -804.587186
-49.549406 -714.535722
724.660856 -589.655290
115.908568 750.974838
-900.852222 -96.501694
-57.126956 678.409156
221.050952 -486.172950
219.887197 1366.171767
38.115301 -1172.564509
-378.695095 -691.586445
-822.691298 -535.865730
322.106108 145.756478
-481.839709 1381.641495
-260.950375 500.339313
129.486809 411.742089
1352.223925 -537.086635
327.764606 -500.696874
1807.275044 -1320.679436
-2044.103504 -894.631188
-1709.507786 463.897578
122.922925 1501.613599
-3.730680 60.923600
-1314.787621 -280.434217
1914.620376 -983.399128
617.634990 473.438838
330.044013 112.221289
760.317140 1065.141462
356.092469 -827.987467
-1349.389307 398.099523
-113.324469 285.506343
97.492033 -69.069757
-558.113500 -931.916040
205.103147 -744.544713
881.755425 -561.933483
331.493367 800.060367
-638.629880 13.458736
297.958712 684.519628
411.482464 -392.472188
500.960572 1301.279828
132.262040 -1016.576256
-348.829113 -575.125639
-879.036115 -258.704593
343.402426 207.755752
-661.808575 1472.355653
-405.143577 545.141155
15.998689 526.590029
1181.947273 -481.672369
83.706466 -413.761016
1676.491784 -1344.449068
-2191.965750 -880.107206
-1935.728712 313.288734
-46.705591 1341.976151
-206.108792 -194.701236
-1496.625833 -365.530479
1839.089499 -1122.912633
554.039560 382.057014
239.034811 41.224895
909.404073 1158.512683
575.560245 -725.829385
-1159.571873 524.704667
84.361394 379.624490
271.069280 156.557746
-405.853022 -661.873974
344.763993 -501.184793
885.563859 -459.666641
254.868471 856.168393
-675.984374 175.205766
169.536639 796.105575
234.084082 -314.015848
356.584622 1290.703744
2.922871 -1007.517737
-498.659153 -453.434273
-979.293167 -171.897009
214.326599 120.025855
-810.168913 1350.882643
-535.670496 505.435796
-38.554781 590.060917
943.067179 -435.616325
-40.287016 -395.142844
1797.427868 -1367.674398
-2066.947060 -892.558286
-1924.432847 338.713281
99.853416 1305.442246
-201.666241 -147.207847
-1399.588642 -278.934634
2049.455753 -977.818883
680.529119 387.071409
210.196403 68.126367
1143.110615 1168.202923
814.404672 -681.713944
-1042.938502 564.232042
118.322303 497.523703
342.596596 263.041074
-370.285957 -486.439005
450.931152 -410.171236
936.790933 -390.600959
247.348938 898.978232
-736.856409 319.255313
142.756979 862.810735
129.738888 -178.403838
234.007931 1347.997553
-165.275138 -936.773418
-696.197441 -435.775809
-1150.003433 -127.280771
88.276774 70.359316
-979.397822 1345.449588
-707.520156 512.601778
-109.741225 575.741475
740.542933 -509.846309
-138.315338 -437.886890
1785.441578 -1372.621238
-2077.041630 -911.479866
-2005.739525 342.618693
281.209790 1257.850580
-121.063838 -157.251138
-1264.945814 -320.432302
2158.604932 -949.513938
828.820663 410.247013
282.540631 163.072193
1394.081820 1279.101248
1019.222273 -630.718357
-850.224591 599.905423
272.154572 562.764516
474.075659 364.006883
-246.119228 -309.507188
470.188339 -312.206073
908.737517 -262.633949
222.222732 948.575616
-791.041806 475.964596
48.254802 823.270858
3.176067 -122.592973
51.402233 1385.037701
-305.543093 -839.718157
-862.483339 -382.788693
-1322.250684 -140.100464
-3.769827 0.214873
-1082.640432 1335.221284
-832.082410 443.003066
-162.886966 541.428724
609.348889 -648.098739
-243.470093 -497.385007
1777.030128 -1350.356830
-2106.541200 -923.155772
-2027.708322 374.007288
391.102284 1253.897536
45.763043 -86.508027
-1071.041727 -309.468517
2199.356169 -864.505547
935.396809 489.579975
414.258044 313.087290
1471.388872 1382.399226
1111.190199 -620.165347
-782.182300 586.106252
260.195068 549.728378
489.699968 401.105298
-225.129736 -259.286874
374.554072 -298.104548
857.562407 -241.376931
178.720982 950.513402
-823.077916 498.317880
20.948786 776.237806
-25.260779 -187.067197
-27.038901 1386.290483
-294.995265 -800.387767
-895.969324 -386.631370
-1338.630961 -248.830223
9.586918 -106.071648
-1025.156346 1292.651108
-819.518009 378.750849
-104.563448 505.903006
671.310227 -752.731227
-146.669914 -581.170632
1847.370875 -1307.056451
-2008.830747 -978.232279
-1970.510357 426.027053
449.346969 1273.261303
231.048672 20.506124
-883.480209 -258.022557
2178.237849 -865.480673
995.425230 490.138988
475.479626 353.016168
1371.666644 1452.698358
1085.898513 -583.712051
-879.584965 541.004597
115.593786 524.902986
487.507307 356.752605
-288.107387 -286.507225
218.087937 -395.702407
758.569362 -293.381210
68.380326 889.050352
-932.243516 462.348324
-45.985951 739.938527
-86.820194 -286.901316
-59.348834 1310.475714
-222.389872 -814.376682
-825.033592 -470.535944
-1310.095457 -335.873827
36.240930 -151.047398
-922.280432 1264.725138
-756.078580 417.032802
-25.048886 464.073154
797.136327 -806.583765
-24.823083 -677.753973
1893.907112 -1297.460118
-1866.819254 -970.395968
-1946.378669 477.697107
449.401600 1395.665730
396.634086 103.996084
-747.791475 -230.221575
2172.927801 -920.491317
1035.075699 457.587207
480.635879 358.724735
1209.782399 1477.730679
967.792723 -507.962365
-984.899726 509.500830
-26.720739 505.811635
415.117077 280.299615
-345.144793 -350.625381
115.246816 -457.461254
632.837099 -294.754431
-6.247297 875.277057
-1025.420833 429.573575
-145.226993 703.977743
-139.292283 -369.976591
-45.120878 1205.319838
-240.072063 -869.427855
-778.339847 -579.635731
-1275.501852 -367.230542
80.249332 -184.364878
-857.711889 1262.865429
-638.051868 384.992620
36.131785 401.338363
932.597763 -823.052411
64.785548 -725.823204
1953.080508 -1285.126606
-1783.303705 -958.064903
-1880.459983 487.789391
482.669039 1457.929087
499.438062 99.757592
-685.948464 -201.380626
2233.552488 -1001.264094
1096.493056 426.400204
498.838262 294.707678
1159.670309 1435.860531
927.018960 -504.062934
-1000.147795 465.238653
-45.767253 452.314763
453.873897 185.224031
-378.217293 -449.615685
124.524584 -479.547582
599.892353 -278.292565
8.356349 930.012329
-1011.842476 428.194920
-140.584376 726.858318
-154.084775 -352.904301
7.482008 1183.300876
-313.407102 -863.160678
-829.082911 -620.394699
-1345.723893 -318.644535
-35.096528 -144.710118
-970.921642 1266.769786
-682.569128 361.380928
-44.216575 302.652601
876.483833 -880.954045
-37.198099 -715.290751
1859.332394 -1331.441806
-1858.523529 -907.259253
-1911.209753 428.257915
510.916501 1440.540623
533.125850 17.078166
-725.439060 -251.025434
2349.162112 -1081.080044
1157.341097 393.715617
501.028822 244.120912
1237.712850 1454.495824
974.638713 -495.523347
-925.600429 500.361739
142.816630 466.930934
598.442284 188.025942
-281.956468 -441.188452
208.324411 -426.151005
616.235537 -206.738177
51.289177 1005.894955
-1035.542234 507.560634
-156.530402 779.224342
-167.305321 -312.485481
1.816269 1196.421323
-369.632102 -905.863640
-885.579791 -603.493037
-1467.397825 -294.563843
-186.521766 -110.013606
-1124.912161 1281.246115
-761.318681 291.253735
-149.287010 230.748486
768.001064 -975.623842
-136.281059 -736.415399
1799.921369 -1365.986029
-1953.736421 -884.080289
-1886.812890 442.457750
572.027830 1423.357286
551.037699 -43.960715
-679.055153 -292.559829
2468.972789 -1120.478513
1218.237217 394.255341
511.437995 203.754941
1302.474210 1469.254646
1013.363436 -466.599398
-842.248944 590.639266
297.467614 504.579454
743.716075 172.554611
-209.364779 -431.266857
310.972171 -374.537345
641.118435 -100.373065
44.423578 1094.582674
-1064.614757 556.302621
-161.765902 807.965492
-192.547905 -303.524371
-30.469718 1192.240482
-465.723243 -954.951317
-971.635397 -596.013467
-1545.936717 -246.971235
-305.642621 -60.838557
-1239.352036 1287.836910
-814.641800 210.411882
-210.887661 166.008643
715.318270 -1036.168834
-187.535912 -705.465654
1733.814300 -1418.173364
-2036.208529 -861.390303
-1847.001575 436.704713
639.874618 1411.704006
549.874002 -85.499718
-654.717229 -360.848583
2556.273638 -1131.441376
1267.708365 405.879715
516.110062 238.869822
1388.617650 1476.159322
1011.993483 -463.179251
-754.766309 649.978107
438.576396 552.913170
864.240444 184.944984
-186.014490 -418.381544
415.425472 -365.560558
673.641291 -44.270931
44.758472 1122.779026
-1128.113567 597.622177
-165.085737 815.511793
-227.688409 -263.561859
-19.380647 1193.896507
-509.036455 -980.845559
-1039.144303 -591.438199
-1618.443789 -189.229577
-371.835467 -1.077217
-1332.203129 1345.003927
-865.065453 149.913529
-293.751332 130.489722
638.113604 -1107.973148
-241.579332 -673.813606
1676.265712 -1486.475516
-2138.529759 -864.985025
-1829.415566 404.370558
674.503913 1409.009873
554.289850 -144.628704
-620.383636 -398.326166
2663.916756 -1182.910878
1312.653510 416.968460
563.454005 251.046809
1460.522928 1508.908384
1056.852764 -440.019448
-688.454105 723.749155
591.611005 600.924739
947.119165 221.997963
-153.161715 -385.351079
478.733621 -302.875587
720.429020 17.095008
10.384746 1192.103052
-1172.366525 627.124313
-214.644011 834.940721
-284.331172 -258.756286
-79.912643 1201.157899
-570.495328 -1012.746216
-1137.016746 -577.505396
-1702.332403 -174.865681
-437.807493 13.040137
-1404.376769 1335.100767
-926.112700 123.141886
-333.963552 105.599530
593.307327 -1131.944645
-274.693515 -678.837489
1662.470854 -1516.969440
-2183.042837 -866.468777
-1802.486323 409.420587
695.919995 1408.687995
578.047118 -158.526292
-579.318178 -410.709052
2750.061001 -1156.849693
1355.667233 420.840681
611.385796 275.673766
1515.036662 1514.285736
1098.047375 -426.600413
-648.144574 789.817578
651.649634 630.629728
1003.980675 269.749337
-106.456712 -384.214300
534.925523 -287.016999
748.009186 38.522920
-19.598310 1212.311696
-1221.861406 685.508722
-235.475758 862.022502
-324.434968 -232.842136
-114.230183 1195.723745
-625.685118 -1057.055974
-1197.314161 -561.067851
-1757.011054 -187.002362
-501.127444 54.593778
-1461.938189 1328.802477
-966.291025 92.978295
-372.657342 67.732758
562.450405 -1181.317403
-270.319848 -687.485980
1677.394802 -1567.860432
-2213.630506 -893.413200
-1747.824606 374.797106
724.453952 1388.962580
607.572751 -197.882237
-538.673947 -418.465813
2837.680675 -1163.337113
1399.736357 465.775127
721.709566 294.798824
1596.513464 1537.574672
1183.126248 -414.973978
-594.617508 848.764552
745.357644 675.650504
1021.615789 311.912847
-102.320631 -349.966641
556.868320 -260.181512
752.388304 41.611992
-87.797953 1229.350555
-1278.557734 685.388218
-304.297570 903.632736
-400.732307 -221.863631
-174.141750 1211.847014
-708.142720 -1076.837726
-1264.954138 -553.959084
-1821.158478 -190.743800
-546.573849 61.193975
-1535.180088 1313.027146
-987.345716 102.612858
-432.882110 46.229260
565.377711 -1210.286247
-298.744060 -741.457060
1658.780841 -1604.490499
-2237.426591 -854.219215
-1676.945002 388.620318
709.333026 1424.870884
673.236833 -215.403491
-463.654224 -392.288872
2893.979686 -1123.493744
1397.273194 548.930388
797.505311 393.767027
1640.396590 1592.262588
1209.015826 -391.229570
-585.793074 893.279950
733.523163 645.608157
930.016163 375.573349
-169.885843 -333.149329
518.398990 -178.517350
708.186270 36.115858
-167.678359 1202.737487
-1302.012160 643.896022
-319.775290 906.493780
-441.440730 -243.228968
-213.074942 1229.925408
-732.762283 -1143.997613
-1280.233011 -538.202055
-1813.910605 -251.739575
-530.706337 53.126585
-1468.258955 1270.661483
-963.560440 49.133950
-388.424092 69.127434
652.000699 -1202.354471
-240.886510 -714.685024
1702.940200 -1615.426152
-2165.950923 -850.449083
-1566.450335 454.473301
744.285247 1452.162521
735.075895 -175.171881
-380.023705 -406.532151
2915.860148 -1109.943254
1383.860364 597.399944
813.776849 397.599921
1563.751079 1597.474169
1178.755494 -450.470636
-628.065198 910.661776
727.145662 619.022920
833.586357 379.415769
-205.478094 -360.343242
496.353261 -188.994373
740.381884 31.813846
-232.569632 1162.678610
-1324.166217 604.773515
-345.239644 898.533358
-425.234867 -264.207739
-211.233545 1209.442279
-751.100307 -1213.219691
-1292.143580 -582.202738
-1836.143643 -315.180693
-543.578308 98.634302
-1435.239681 1275.657495
-915.198551 73.781181
-384.634981 55.361951
770.160260 -1185.461296
-137.009684 -743.745226
1715.987055 -1682.673405
-2192.667341 -848.406983
-1517.381811 531.372717
751.044284 1492.085784
754.612167 -181.788799
-330.415150 -508.214290
2961.728859 -1136.884319
1375.337763 585.611383
787.006946 429.745166
1534.565427 1631.235745
1124.285574 -403.498634
-623.416014 966.126306
735.814680 611.330954
802.619820 366.973346
-240.382800 -406.339934
492.372573 -166.067655
694.731217 58.163413
-305.643767 1200.162581
-1417.690005 552.057137
-383.517801 857.308927
-445.676347 -318.132621
-243.781797 1156.926063
-821.035180 -1263.470024
-1321.823011 -622.178149
-1847.650275 -296.288961
-528.112865 102.076685
-1412.748727 1280.500631
-877.304508 41.609368
-355.289187 53.846573
876.792807 -1176.216589
-53.187042 -747.950266
1733.390901 -1706.610427
-2160.024750 -853.066720
-1469.452839 553.121201
787.998320 1517.735108
793.857544 -178.162886
-269.131184 -520.641422
3006.515046 -1154.409928
1413.662160 628.051146
808.467687 456.818455
1530.063248 1692.947172
1100.797293 -376.420593
-637.446994 1008.910984
709.861727 637.912035
752.078418 377.553288
-301.837982 -403.899294
424.793659 -175.003971
626.351869 64.203607
-399.768378 1209.223824
-1524.190200 534.528452
-447.889886 825.169258
-506.623719 -371.164941
-302.816372 1109.138914
-843.605856 -1296.078094
-1362.640408 -673.729326
-1873.288984 -344.364230
-523.484096 60.661452
-1377.726928 1248.435142
-858.559027 19.061337
-309.531838 44.391336
963.301407 -1183.366149
84.019111 -772.836619
1809.738054 -1722.628734
-2052.175230 -863.496580
-1388.482475 587.529977
863.031005 1553.883971
880.685444 -132.509704
-148.742542 -509.958316
3057.576151 -1142.629729
1467.966749 635.532095
847.481258 483.372270
1536.939938 1717.173656
1055.128443 -327.652405
-664.048009 1046.585305
652.711130 681.385090
688.379713 394.029157
-351.872163 -402.646783
370.096825 -200.578595
528.988947 61.982177
-513.203885 1197.232713
-1644.705965 548.771727
-546.018053 776.728203
-599.460351 -401.720949
-387.751344 1032.439682
-893.115224 -1332.238010
-1395.207539 -742.712419
-1911.206364 -400.895306
-515.866660 36.439706
-1346.359737 1234.915175
-836.269557 2.810393
-273.566593 29.510611
1050.297991 -1190.256269
193.941023 -783.114453
1880.331686 -1735.323284
-1981.719714 -856.791926
-1309.701610 605.750684
908.720852 1600.310388
947.071213 -102.071711
-67.572453 -475.375681
3103.154973 -1140.344747
1510.825987 645.880629
911.638656 496.902576
1553.625124 1732.460754
1042.776404 -294.654340
-679.118136 1044.739226
628.509621 680.744253
636.409546 370.275778
-411.690443 -416.757941
319.525489 -211.854745
477.090679 34.712437
-574.104002 1179.767618
-1705.650590 542.231026
-564.922101 785.096837
-628.196319 -417.146763
-432.236255 996.770525
-899.670880 -1357.428672
-1391.688839 -754.402133
-1947.084700 -428.104982
-527.217354 7.756230
-1335.440396 1197.280288
-839.644932 -31.196866
-264.451320 27.455576
1076.233244 -1215.113560
216.903150 -802.252004
1898.156041 -1742.471615
-1921.873224 -835.602614
-1239.269917 657.233153
939.686075 1622.280043
989.438311 -56.155683
46.613042 -492.909588
3122.439007 -1153.687441
1489.800703 633.201173
875.068270 511.566436
1525.012880 1794.823086
1003.711542 -309.570014
-691.585409 1033.728161
604.923563 654.769817
612.413318 370.056674
-426.018195 -397.918327
287.113599 -246.293859
456.707836 42.240450
-619.558812 1170.125814
-1751.938723 538.116405
