0.000000 0.000000
0.000000 0.000000
0.000000 0.000000
0.000000 0.000000
0.000000 0.000000
0.000000 0.000000
0.000000 0.000000
0.000000 0.000000
0.000000 0.000000
0.000000 0.000000
0.000000 0.000000
0.000000 0.000000
0.000000 0.000000
0.000000 0.000000
0.000000 0.000000
0.000000 0.000000
0.000000 0.000000
0.000000 0.000000
0.000000 0.000000
0.000000 0.000000
0.000000 0.000000
0.000000 0.000000
0.000000 0.000000
0.000000 0.000000
0.000000 0.000000
0.000000 0.000000
0.000000 0.000000
0.000000 0.000000
0.000000 0.000000
0.000000 0.000000
0.000000 0.000000
0.000000 0.000000
0.000000 0.000000
0.000000 0.000000
0.000000 0.000000
0.000000 0.000000
0.000000 0.000000
0.000000 0.000000
0.000000 0.000000
0.000000 0.000000
0.000000 0.000000
0.000000 0.000000
0.000000 0.000000
0.000000 0.000000
0.000000 0.000000
0.000000 0.000000
0.000000 0.000000
0.000000 0.000000
0.000000 0.000000
0.000000 0.000000
0.000000 0.000000
0.000000 0.000000
0.000000 0.000000
0.000000 0.000000
0.000000 0.000000
0.000000 0.000000
0.000000 0.000000
0.000000 0.000000
0.000000 0.000000
0.000000 0.000000
0.000000 0.000000
0.000000 0.000000
0.000000 0.000000
0.000000 0.000000
0.000000 0.000000
0.000000 0.000000
0.000000 0.000000
0.000000 0.000000
0.000000 0.000000
0.000000 0.000000
0.000000 0.000000
0.000000 0.000000
0.000000 0.000000
0.000000 0.000000
0.000000 0.000000
0.000000 0.000000
0.000000 0.000000
0.000000 0.000000
0.000000 0.000000
0.000000 0.000000
0.000000 0.000000
0.000000 0.000000
0.000000 0.000000
0.000000 0.000000
0.000000 0.000000
0.000000 0.000000
0.000000 0.000000
0.000000 0.000000
0.000000 0.000000
0.000000 0.000000
0.000000 0.000000
0.000000 0.000000
0.000000 0.000000
0.000000 0.000000
-8.019540 8.019540
0.000000 0.000000
-8.019540 -8.019540
-16.039080 -16.039080
-24.058620 -8.019540
-16.046143 0.007063
-24.051557 -8.026603
-16.046143 -16.046143
-8.026603 -24.065683
-0.007063 -32.071097
-8.012477 -24.051557
-0.007063 -32.085223
10.735422 -26.774502
13.337324 -29.376404
27.193043 -37.814485
34.877142 -45.498584
14.306463 -45.547541
5.922967 -25.496943
110.368836 -128.661290
-106.137752 7.041928
35.855442 -9.061528
67.780143 -30.013247
76.316586 -161.538262
-131.588393 -52.116677
638.011626 -329.187070
-225.491189 304.818695
323.188632 430.704644
406.954981 586.137223
1360.132774 -1123.913450
-752.658336 -522.585602
484.754752 583.655976
340.431064 1515.526446
842.673070 510.182268
-670.604620 224.628708
1815.558571 -341.205385
-234.070018 992.096194
-1311.323343 1034.740121
-1226.145175 1359.418187
-940.605196 3.735028
-2708.943905 -59.990513
-1684.428019 -574.436653
-3313.179200 1213.039844
-2337.242083 -401.237681
-987.985625 -621.163809
-1102.596214 -1538.877178
-719.420788 -793.617804
-482.820200 -674.582652
-891.337520 -2227.929670
-11.233395 -2152.004819
2600.480781 -1632.198733
256.409143 -2785.740817
897.025017 -717.573405
1722.573075 -3895.328891
3794.554012 -3942.711202
-760.185882 -901.891018
4913.802817 584.925143
3688.949484 2957.440364
3155.264083 1358.333761
5503.195169 3228.830595
14300.285943 -2197.186925
-254.214952 -982.039836
2395.175156 764.035870
2984.035703 4750.455237
1418.426772 2202.475720
-3419.448279 1552.994827
3789.919034 -1642.756924
-2878.850589 533.549231
-3517.625300 606.785336
-2395.214129 3965.004447
-1824.054447 352.235423
-6681.811491 4111.071341
-5212.246433 863.047585
-5943.011524 3475.739662
-5891.083361 -748.167447
-5805.552819 -287.113751
-5143.056268 -4287.404170
-6039.865197 1002.612751
-7237.237920 -1171.242630
-5598.444719 -1069.445275
-2875.429698 -4410.770786
-477.619667 -744.869061
-955.845133 -4943.297279
-753.452140 -664.348864
865.022327 -5094.855151
3594.232574 -2614.222768
291.655924 -823.514170
4288.512805 1593.051675
4417.001555 3499.816193
4399.772589 1439.264181
8517.237504 3598.789024
16488.468217 -1624.913381
2646.623574 -58.040516
4103.132286 1486.021700
4925.371933 5691.418417
3647.429721 2914.350589
-1160.138406 1609.443884
4585.716656 -1596.595108
-1430.704129 -384.966991
-1742.143361 16.650775
-941.246638 2778.313754
-281.546408 -171.047680
-4879.661687 3166.686255
-3899.946070 637.826052
-3687.861991 2376.531739
-2956.409426 -2322.312498
-4044.616757 -1758.767243
-3241.305361 -5067.454759
-4071.993404 557.605100
-5381.204558 -1689.916700
-4045.301596 -1795.809160
-767.814612 -4417.426464
496.800216 -1513.811380
-193.388535 -4367.397781
-262.572962 -971.044752
1428.414054 -4521.198054
2883.090602 -828.880694
355.583536 60.714370
3479.606525 2407.013339
2969.373487 2548.338637
2854.530315 1002.812309
6936.539764 2753.603220
11653.076959 -1759.826489
-590.873337 -246.323141
1298.652462 1301.100382
2413.777021 4754.131021
2316.374479 2045.355215
-2295.326176 184.642826
2967.308948 -2132.387206
-1420.790980 -477.154764
-2211.609233 896.003857
-1409.183622 2820.986764
-764.466692 195.859062
-5778.596696 2542.392812
-4251.678893 1017.662337
-3708.116257 3156.644041
-3682.159366 -792.436814
-4210.345372 -729.964250
-3046.688177 -3237.974535
-4050.194469 1273.747429
-5475.402864 -213.699346
-4025.282926 -1383.288620
-1763.403953 -3871.872423
-328.802477 -1261.872621
-688.617949 -4116.014539
-662.979648 -1361.591168
502.700406 -5511.237386
2808.406523 -2341.154495
229.422172 -1078.686012
3398.911891 1765.499841
3304.197449 2576.303305
3926.881880 875.757052
8077.828299 2978.178009
14004.236975 -1615.672243
1741.780075 -239.308239
3036.791045 1203.285127
3809.821565 5140.263767
3782.471562 2833.177304
-1144.686717 1266.098457
3791.968572 -1437.439182
-578.443023 -301.020721
-1289.454837 564.681635
-652.121008 2720.718420
-421.596487 58.203103
-5779.297591 2647.689825
-4702.071638 1010.633244
-4212.267384 3212.027888
-4083.183962 -1019.485280
-4564.244258 -1117.292232
-3626.083853 -4058.907763
-4557.625398 783.132624
-5751.912907 -424.404855
-4427.822715 -1165.473493
-2292.843007 -3882.463125
-701.594971 -1339.418761
-799.470860 -4467.888486
-1031.046524 -1695.862826
100.424484 -5693.589756
2469.204251 -2576.057729
-289.614219 -1055.527799
2910.568769 1765.404663
3321.935223 2694.686979
3658.558847 822.415745
7693.847543 2837.725131
14127.451610 -1759.245294
1793.965458 -256.073162
2825.124788 1290.868180
3779.066314 5257.735352
3603.700103 2780.180175
-1297.283262 1006.769286
3770.464475 -1698.239741
-800.711289 -572.378857
-1399.696487 504.722271
-716.934315 2787.694751
-339.103336 85.683370
-5301.543890 2557.945748
-4340.044323 673.588241
-4144.611107 2638.060811
-3963.499883 -1217.779925
-4413.640680 -1015.107716
-3425.960779 -3978.474771
-4175.755706 661.299446
-5283.104791 -852.550363
-3886.785520 -1590.245840
-1774.842317 -4174.674299
-270.308764 -1573.893688
-501.194529 -4379.476153
-736.082861 -1588.886471
540.382395 -5500.348839
2924.915438 -2663.653318
157.991758 -1506.685226
3128.905585 1613.201577
3632.028351 2652.577501
3806.772820 1357.031182
7720.483500 3298.112272
14154.467482 -1480.328546
2346.016955 -311.207437
2697.153724 1118.327656
3592.903492 5361.896114
3342.298270 3120.306812
-1890.006653 1416.109761
3249.528833 -1326.137405
-1124.833876 -328.139892
-2138.582619 726.615125
-1572.435386 3066.900832
-946.471772 339.279332
-6165.367324 2788.670368
-5203.791776 1103.751970
-5162.210390 3177.976916
-4816.397520 -781.945030
-5383.112808 -947.381254
-4064.361686 -4108.830104
-4932.779964 483.074964
-6061.715820 -682.580962
-4738.178056 -1477.676654
-2295.197910 -4306.048024
-655.925916 -1706.848644
-425.027314 -4492.135302
-719.061869 -1716.924143
639.130046 -5644.287464
3259.399927 -2843.624197
885.540511 -1415.198061
3780.937576 1911.279488
4411.153757 2833.901861
4470.953118 1657.716706
8607.975540 3365.024232
15326.290058 -751.454862
3669.027476 -116.126096
3287.231688 1514.169040
4270.262791 5464.058133
3839.581237 3545.397595
-1394.378427 1786.045417
3135.228935 -897.132021
-1169.900496 -13.383300
-2222.211447 1034.720273
-1526.979446 3153.806542
-1070.225526 392.669766
-6432.959782 2631.224934
-5832.061517 1218.843585
-5644.725146 3036.452590
-5373.083955 -849.368483
-5925.487580 -1347.449032
-4518.151172 -4450.877812
-5199.161232 -84.234894
-6189.846220 -1114.111914
-4751.574532 -1916.256708
-2131.317562 -4638.107622
-521.632236 -1959.010862
-202.979608 -4527.029940
-314.952755 -1942.183561
1139.694558 -5733.480952
3624.729246 -2878.035666
1564.457028 -1206.974262
4257.977920 1977.187488
4695.964402 2991.490446
4924.055672 1903.771136
9063.512042 3758.823286
15385.411508 -330.350594
3925.276134 108.655868
3523.369806 1597.703418
4411.508428 5255.722912
3701.423137 3599.362509
-1564.077835 1875.736451
2829.684925 -732.554287
-1376.886695 61.342135
-2327.639303 1015.377373
-1407.554914 3186.329434
-1214.113882 731.717014
-6524.883200 2972.590176
-5651.880384 1748.615754
-5632.087168 3388.216334
-5685.534336 -234.651660
-6237.164430 -653.572982
-5025.269262 -3569.958944
-5685.241533 586.567861
-6682.095600 -325.917312
-5231.677105 -1016.540359
-2879.963659 -3458.472403
-1242.764607 -1124.891331
-1049.702620 -3873.408414
-1191.784078 -1241.115984
55.605329 -4773.009439
2574.387690 -2061.164900
76.120318 -392.488254
3492.641350 2171.703674
3765.229370 3482.808106
3906.126229 2378.564091
8067.730409 4518.230749
14769.585633 251.800787
2797.490173 1101.996265
3951.384957 2675.076871
4494.662991 6185.589193
3384.825695 3868.147759
-1781.793541 2322.138677
3144.908890 -212.513464
-2062.179681 1205.217095
-2499.993629 2051.157537
-1675.256305 4215.069235
-1071.613440 1152.543842
-6110.459152 3770.092766
-4850.040822 2038.146130
-5485.448661 4077.747935
-5500.615758 298.666962
-5986.235328 288.096762
-4601.984050 -2896.788658
-5425.321292 1242.379014
-6439.864510 -479.513482
-4919.678784 -1069.241514
-2451.267668 -3430.750806
-790.755811 -540.159933
-863.646501 -3563.155845
-795.915543 -554.326115
616.667178 -4606.758496
3286.256868 -1628.482644
741.218777 -347.167017
4040.199374 2452.096932
4040.896258 3591.503694
4308.809008 2676.996470
8369.175748 4894.380588
14997.319778 387.212530
2872.564680 1164.145284
4178.429757 2613.340663
4861.824017 6115.542069
3735.102501 3872.402823
-1656.480740 2316.987610
3314.420223 -125.475375
-1780.360022 1395.815288
-2267.090965 2080.137943
-1243.373838 4348.931546
-729.234708 1234.426916
-5758.805933 4182.901163
-4228.564103 2289.626287
-5030.803499 4464.315327
-5242.424058 712.362316
-5769.714168 976.336306
-4558.263324 -2165.388318
-5566.185136 1975.471648
-6595.015143 298.497757
-5206.790552 -100.500514
-2991.632636 -2367.021588
-1422.281579 527.362827
-1773.053754 -2782.019600
-1935.267380 433.052028
-615.068604 -3387.618934
2070.703995 -445.452863
-845.008513 735.719189
2842.440440 2960.171758
2750.835306 4252.122540
2870.735785 3177.631651
6766.263482 5440.004088
13500.161346 705.359078
924.475897 1953.435977
3398.115088 3521.222670
4218.145042 6722.979890
2667.721722 4185.084490
-1990.250787 2502.305201
3415.633060 404.805822
-2273.178461 2119.393525
-2202.132519 2918.842089
-847.083357 5583.179859
-186.324347 2455.102671
-4069.653927 5816.733701
-2032.075389 2890.929115
-3619.247885 4902.004237
-3884.698728 1797.725036
-4456.482565 2913.848385
-3682.974470 71.252960
-5005.181786 3923.071370
-5903.050088 1759.234286
-4535.559300 2008.509688
-2632.047073 -121.272243
-1450.017639 2831.159727
-2432.529581 -962.008909
-3157.175068 3143.635776
-1851.120824 126.215486
467.419110 2872.244502
-2622.831971 3006.351903
1265.182617 3807.930001
816.277090 5193.233614
500.165741 4355.514651
3589.898686 6346.764182
9313.584643 1735.917821
-2467.183695 3439.020225
1922.484224 4934.292200
2402.498998 7137.106058
542.041852 4069.009380
-2540.128216 2950.703638
3407.768380 1731.724022
-2953.140123 4044.746355
-2108.526177 4767.313569
-960.284595 6982.445815
-1.461578 3604.559712
-2641.509009 6880.000313
-619.735518 3494.036536
-3188.940002 5906.444254
-2755.698823 3028.816205
-2954.640325 4459.303603
-2415.954647 1323.782135
-3880.761247 4951.644157
-4427.243445 2295.888013
-3276.123044 2838.408786
-1156.389502 1051.274598
-14.481955 3781.706969
-1126.865029 -87.057219
-1905.862329 4061.812563
-587.413087 779.047637
1254.771212 3432.072388
-1784.602750 3230.863578
1639.431401 4465.326025
1376.093554 5484.172948
1000.569357 5104.175757
4035.108088 6548.852256
9509.478395 2131.469111
-1732.375739 3592.470537
1923.616003 5131.535765
2405.972046 7234.663242
320.681651 4523.052915
-2761.325358 3368.881122
3052.738144 1965.309132
-3122.119703 3925.336509
-2444.812899 4479.577145
-1160.935468 6930.902362
-210.305548 4146.543450
-2652.497910 7388.378458
-199.658252 3884.989164
-2893.594309 5553.739223
-2622.017960 3166.894684
-2725.598571 4675.665205
-2371.219648 1974.914794
-4024.807774 5281.866984
-4229.096220 2795.139132
-3127.164530 3638.872410
-1232.422787 1856.940953
-170.592443 4477.546555
-1352.127165 577.464887
-2403.728074 5071.353022
-1045.450060 2658.373514
507.752012 5143.913790
-2475.684247 4480.358661
998.338656 4977.119954
596.583007 5853.735245
-202.101706 5726.125398
2208.612914 6815.478096
6872.497643 2693.116709
-3585.722892 4288.453916
897.158971 5744.031231
1272.115433 6973.183095
-1403.851332 4227.387346
-3154.297314 2991.856284
2688.121736 1995.718306
-3741.697870 3684.873120
-2608.175150 4342.282274
-899.581784 7087.272402
159.963909 4895.259905
-400.089114 8221.207944
2877.446049 3590.305329
-509.192362 4519.696278
-576.899774 3526.267730
-339.087017 6072.869137
-560.067953 4225.407975
-2583.085692 6416.711056
-2373.845178 3593.378952
-1284.005115 5142.710745
-292.437395 3771.866001
288.282188 6284.015784
-1440.624038 2255.046874
-2928.344545 7503.754579
-1742.839011 6525.333877
-1045.296519 8423.015585
-3609.492091 6215.320929
-633.458686 4895.373128
-1520.036544 5545.562258
-2902.034715 5826.321431
-2190.283181 6393.644585
42.900618 3193.910298
-7014.399037 5093.344571
-954.067617 6023.061623
-938.943346 5297.231634
-3995.207824 2641.722398
-2938.087134 2386.543976
2425.527227 2833.844549
-3524.031468 4580.079360
-1889.101587 4927.466771
-104.238449 6885.363389
752.973665 5350.057671
2514.848440 8222.665634
5632.082418 3658.008136
1613.046756 4436.530940
1878.269206 4577.279644
2617.428566 7556.876540
1571.976803 6328.054535
-517.198144 7321.533864
-32.096159 4546.925277
569.293631 6301.448965
776.861042 6101.813464
985.171404 7406.549120
-1132.905518 3995.025122
-2552.296281 8523.042835
-1852.346490 8334.656254
-2030.168568 9331.949050
-4561.458369 6760.344559
-1976.136366 4688.191774
-2991.879878 5055.787260
-4416.860042 5384.929332
-4622.590125 5490.376811
-3702.499040 2982.912070
-8392.937630 5234.248138
-1784.258382 5868.307266
-1848.582054 4225.120030
-4810.513749 1826.084549
-2559.888369 2280.163071
2485.064239 3380.802109
-2875.507349 5135.824535
-1127.856936 5128.323876
701.573425 6555.148915
1289.124800 5297.766236
3489.519272 7785.700188
6497.421943 3788.200739
2302.727441 4674.033809
2912.498361 5129.819227
3800.978810 7898.129718
2450.115488 6880.513702
385.646668 7523.339508
1109.038576 5152.622630
1276.775835 6841.703407
1188.954742 7127.486646
1217.315816 7606.797388
-957.154165 4534.766961
-2336.824922 8400.515704
-2028.466133 8378.697125
-2463.300337 8828.634065
-5228.981600 6587.225792
-2558.826802 4556.940236
-3469.613672 4798.875034
-4800.880519 5122.216385
-5112.006737 5016.429809
-3933.756033 2799.406419
-8441.612686 5137.534044
-1842.439213 5850.171375
-1814.240640 4206.780736
-4741.243660 1865.972396
-2576.560184 2323.903456
2529.559801 3414.036281
-2976.707035 5175.136261
-1127.049083 5187.880713
774.194231 6636.127255
1337.430752 5292.839898
3464.772455 7731.801007
6500.942715 3801.602133
2258.737479 4734.998267
2967.756824 5160.891972
3736.283405 7940.207883
2463.309966 6770.423926
410.758860 7545.415928
1131.116786 5105.418992
1295.306926 6831.026680
1254.256595 7112.253647
1215.785293 7594.113377
-861.143059 4602.425091
-2289.433391 8417.902529
-2002.569958 8307.876572
-2433.980332 8823.136196
-5189.489897 6553.984963
-2536.296894 4701.649520
-3454.510607 4825.414981
-4813.508199 5217.275029
-5007.064068 5026.880852
-3866.899045 2843.593025
-8427.138279 5112.851533
-1914.906798 5860.852906
-1993.805341 4306.833703
-4891.162824 1993.706294
-2715.619034 2140.678266
2096.002729 3157.638005
-3337.907560 4788.006400
-1379.815904 4940.887800
519.471603 6604.155883
1276.780885 5396.976013
3931.736945 7892.848489
7117.360720 3504.480026
2950.416124 4062.834678
3371.941838 4899.976974
4123.903785 7955.734991
2820.477574 7217.141032
798.052857 7550.587405
1496.001493 4886.137547
1810.654474 6810.308292
1545.695790 7037.974716
1235.083972 7906.513540
-893.594555 5030.403511
-2340.396487 9129.725023
-1939.519497 9543.874033
-2689.961743 10050.070249
-4686.140636 6991.006098
-2853.679971 4604.396401
-3970.551934 4483.780680
-5445.247618 5145.603812
-6385.887390 4708.848874
-6892.666024 3126.813854
-9182.076537 5248.226373
-2785.549577 5483.692401
-2849.689409 2966.685151
-5703.539033 1046.431251
-2435.152115 1838.506969
1759.839390 3606.884998
-2735.637255 5067.520549
-765.546838 4884.049040
1212.922782 5930.408476
1618.950433 5258.295667
4840.650768 7200.174528
7680.291808 3616.679604
3545.147760 4022.520352
4256.789057 5316.183021
5076.327690 8114.192290
3462.859493 7646.386923
1597.278330 7490.593922
2466.346224 5357.629270
2403.220473 7283.840347
1903.813871 8170.084535
1339.772631 7989.011873
-720.682953 5557.787819
-2130.274141 8831.353335
-2119.693615 9629.408869
-3281.297935 9614.356825
-5475.914606 6841.777450
-3567.412807 4351.906547
-4500.674154 4271.840106
-5925.831793 4920.240011
-6880.582969 4281.921453
-7391.944168 2933.482208
-9221.985326 5194.442998
-2692.654201 5569.162643
-3007.616662 3069.731768
-5932.813439 1174.124975
-2540.124903 1633.913685
1257.853985 3490.585965
-3182.908960 4835.717620
-1009.539418 4778.862800
817.859940 5837.395272
1421.934369 5394.533849
5398.692041 7326.327443
8266.454336 3350.312732
3985.989675 3332.989461
4541.429269 5069.607633
5400.310464 8157.392320
3755.449337 8068.812335
1991.262475 7364.627389
2870.737808 4900.265492
2948.736246 6979.943050
2312.721587 7930.786367
1448.743252 8070.175832
-664.778037 5941.058423
-1966.765999 9348.814797
-1796.554540 10604.767814
-3261.882161 10579.801087
-4622.675808 7071.955668
-3572.521520 4171.264378
-4729.800207 3754.087701
-6248.904930 4824.928152
-7895.544608 3866.692528
-10176.441410 3209.996804
-9635.542559 5215.470069
-3312.974539 5048.962275
-3931.970736 1903.895176
-6603.290786 246.643416
-2232.823580 753.746642
52.406236 3137.085156
-3331.921011 4260.390845
-896.477287 4195.895587
648.900825 4680.711369
1271.685968 4844.424190
6895.266720 6185.558944
9515.902980 2288.022730
5460.916269 1727.028409
5904.003673 4366.198235
6921.247771 7599.949137
4969.433321 8473.129329
3643.422502 6412.638670
4689.425490 4002.229132
4608.465980 5906.236820
3394.881975 7497.382693
2080.105058 7521.359884
-54.231282 6383.251862
-997.062538 9237.902476
-949.123991 11331.773279
-3017.134890 10868.365358
-3092.404740 6679.586122
-3620.400043 3028.848755
-5008.019793 2128.704293
-6480.810531 3466.652077
-9608.067722 2115.482920
-14580.009499 2763.128201
-9861.636338 4331.420968
-4291.164939 3156.929037
-4861.490509 -1373.488231
-7032.743189 -1923.451391
-1133.848504 -261.850866
-367.669417 3087.436061
-1530.103550 3627.320090
782.076484 2864.026922
2118.568924 2396.098698
1956.516711 3602.973363
8004.443091 4035.065385
9963.247183 1911.542831
6567.621148 1076.469546
7272.756425 4379.796129
8166.499068 6818.708076
5730.806075 8449.963309
4703.459388 5836.262276
5990.768595 4751.885033
5210.390189 6576.868829
3229.981082 8894.009050
1586.026519 7118.766501
-274.175121 6795.693097
-1363.247505 8021.780817
-2187.603129 10866.593293
-4834.841976 9450.702168
-5277.808641 6191.739031
-5452.893737 2230.750419
-6435.995881 1356.957229
-7824.241783 2427.296541
-10940.381559 942.210363
-15620.611861 2299.524579
-10296.177547 4108.665947
-4620.883233 3336.835425
-5011.408420 -1400.132858
-7276.422335 -1866.371041
-1292.793834 -308.665814
-652.016765 3182.680847
-1730.086489 3666.703723
548.819204 2945.936468
1977.963693 2422.997421
1819.741248 3693.960098
7959.593973 4003.404453
9962.769772 2015.418704
6580.765841 1068.741809
7395.746985 4500.382301
8240.956512 6844.443840
5813.474306 8595.399642
4788.733998 5961.706922
6176.621889 4899.831831
5313.121740 6670.277948
3444.138030 9009.772060
1686.445398 7174.171214
-156.812083 7026.646605
-1301.599462 8165.776384
-2066.662676 11176.393474
-4807.197948 9657.952318
-5124.995094 6352.352304
-5436.680247 2430.486045
-6423.079263 1421.297159
-7832.462596 2651.569412
-10985.693171 995.969735
-15902.131579 2586.844063
-10260.320977 4244.445563
-4833.180932 3464.898200
-5170.960332 -1417.016574
-7399.272747 -1803.514745
-1435.293414 -247.696206
-933.788712 3316.975284
-1885.181553 3782.999635
378.439094 3163.003346
1921.174285 2454.506785
1761.621652 3870.664290
7934.439119 3932.375939
9923.371109 2181.646131
6599.679355 1125.176807
7381.276897 4614.867183
8229.846676 6990.107056
5841.964053 8695.847849
4843.554114 6031.599200
6262.180605 4988.272281
5394.793844 6734.048238
3570.817029 9205.527703
1673.107124 7272.483282
-56.114581 7329.989693
-1209.529608 8342.800444
-2020.856417 11467.985711
-4764.424600 9942.607782
-4884.562948 6467.390764
-5543.892688 2634.778988
-6427.251921 1529.433475
-7853.105232 2868.661598
-11101.676559 1118.194431
-16301.071044 2861.541714
-10139.398727 4398.961745
-4963.060807 3550.923953
-5555.020298 -1264.547164
-7523.498922 -1636.453990
-1591.325126 -428.664742
-1759.987345 3199.199563
-2462.086498 3681.259840
8.568415 3230.570393
1275.396368 2377.120126
1398.994159 3767.548091
8200.554797 3609.324917
10068.132163 1717.340855
6750.331555 429.294877
7533.996571 4203.853207
8434.922080 6650.711276
6143.187986 8654.336104
5495.940507 5359.497615
6864.699563 4120.532583
6108.192121 5733.617659
4275.718134 8329.714218
2188.544697 6797.672939
506.993230 7373.356408
-305.964855 8316.132915
-1043.083832 11551.745202
-3845.461380 10096.968626
-3060.030811 6163.802679
-4731.190913 2230.787787
-5888.588143 781.894979
-7240.715826 2422.998594
-11139.186226 403.708222
-17870.598476 2740.242220
-9630.817934 3750.541530
-5269.124915 2309.281569
-5853.285437 -3031.676197
-7413.906213 -2776.987921
-826.041958 -991.114500
-2035.881796 3001.896150
-1245.130299 3097.884347
991.505660 2269.799716
2080.974749 962.479575
1793.966923 3050.707449
8704.268205 2354.518663
10002.571046 1483.202040
7308.522726 -12.066880
8046.013033 4108.101399
8805.102279 6084.058967
6301.024157 8598.297675
5852.900693 4981.245479
7241.495807 4504.841205
6129.963672 6049.657206
3852.218947 8981.361939
1564.981479 6528.387057
66.969406 7546.265586
-811.181990 7507.586938
-1961.130974 11206.314090
-5084.196812 9225.291384
-4379.085294 5800.693012
-5925.426869 1608.252179
-6828.359374 312.486786
-8031.008064 1697.437126
-11972.151395 -212.340675
-18506.948044 2457.998382
-9752.050587 3681.414131
-5277.766746 2318.914932
-5868.377098 -3103.228030
-7323.632952 -2728.267460
-792.936921 -978.260543
-2101.067268 3170.287326
-1185.405572 3205.022086
1120.503425 2355.851381
2121.566415 997.358611
1913.082736 3044.073994
8785.105261 2337.583483
10084.696750 1543.003290
7351.445937 45.863999
8136.990436 4264.454866
8787.951986 6156.978116
6386.323827 8738.805401
5910.136264 4978.013092
7332.717491 4544.872215
6182.456796 6161.381442
3860.759735 9079.448233
1509.271887 6638.101925
83.297771 7640.041049
-846.198898 7549.113250
-1989.873853 11251.282719
-5168.124897 9276.485419
-4404.391288 5763.632648
-6000.105517 1644.561587
-6914.777531 282.201553
-8051.624822 1791.433480
-12045.648232 -249.141982
-18693.917729 2564.840485
-9659.200553 3694.497913
-5264.073953 2360.014937
-5918.843126 -3127.161032
-7322.479197 -2704.228983
-788.448149 -915.314781
-2157.980975 3246.591715
-1165.401271 3239.183675
1118.951523 2396.450249
2106.452510 970.480800
1930.613353 3140.053325
8855.248441 2300.258683
10096.957530 1610.488346
7400.593677 60.075059
8153.231111 4292.189353
8808.185636 6218.535898
6392.895854 8779.372490
5963.018932 5002.904068
7363.563960 4557.578296
6221.007028 6189.439562
3883.687105 9151.792167
1514.668835 6631.724063
85.487242 7738.886260
-790.109835 7570.128695
-2002.685755 11353.524415
-5158.994719 9332.108173
-4379.490737 5804.864679
-5977.438095 1653.115885
-6939.345513 255.093569
-8086.647939 1811.065401
-12154.468943 -198.970433
-18782.826762 2640.331868
-9684.062987 3752.236359
-5266.068932 2351.129518
-5929.957113 -3115.010617
-7295.369491 -2727.580333
-824.953344 -892.639920
-2207.706230 3299.219358
-1147.422970 3327.564902
1096.252246 2426.905158
2066.552039 996.349987
1936.066259 3113.020739
8877.516107 2289.072763
10061.157291 1616.632523
7422.422209 88.053845
8108.683779 4379.088311
8790.668101 6260.663625
6397.653797 8869.531273
6024.247723 4994.422115
7346.067300 4558.844938
6257.648140 6203.298078
3835.928438 9187.169606
1537.817458 6699.667102
52.395312 7769.912046
-789.486092 7559.433416
-2007.986471 11341.460011
-5152.205225 9322.399967
-4392.123766 5804.626106
-5932.042008 1626.406968
-6942.320196 300.537056
-8017.194148 1788.250158
-12140.264616 -117.492378
-18739.726234 2605.348322
-9614.028033 3777.539293
-5231.839189 2352.512807
-5891.748007 -3054.466027
-7219.968985 -2670.305185
-839.466013 -841.326549
-2186.572296 3314.962708
-1076.261924 3390.411460
1066.358961 2413.750899
2012.121425 1080.063067
1908.788745 3166.552113
8849.027282 2353.696844
10030.067656 1639.431528
7365.384705 85.345183
8052.463410 4379.145966
8697.317025 6302.091037
6320.130624 8874.100394
5987.966097 5006.145229
7260.022377 4521.689117
6191.428475 6188.892321
3808.652640 9145.014580
1470.896694 6693.265270
60.884915 7760.792491
-759.281012 7534.982810
-2015.223712 11358.073916
-5097.139169 9319.558835
-4328.411598 5818.782538
-5898.180589 1598.881865
-6873.347826 318.558540
-7946.271518 1783.588734
-12149.739686 -94.395154
-18714.710984 2678.531410
-9508.106149 3811.523049
